0.37
0.44
0.05
0.1
0.92
1.15
0.02
0.05
0.74
1.21
0.02
0.03
0.18
1.39
0.02
0.05
0.16
1.36
0.02
0.04
0.72
0.67
0.02
0.03
0.23
0.63
0.02
0.03
1.04
1.32
0.02
0.03
0.95
0.99
0.01
0.03
0.94
0.9
0.5
0.4
0.02
0.05
0.36
1.07
0.05
0.1
0.99
0.71
0.02
0.05
0.65
1.1
0.02
0.04
1.02
1.16
0.02
0.05
1.09
1.14
0.02
0.04
0.8
1.41
0.02
0.03
0.85
1.46
0.02
0.03
1.09
0.51
0.02
0.03
0.92
1.22
0.14
0.16
0.02
0.03
0.8
1.02
0.02
0.05
0.25
0.82
0.05
0.1
0.35
1.28
0.02
0.03
0.84
0.71
0.02
0.04
0.47
0.96
0.02
0.05
0.2
1.17
0.01
0.03
0.69
1.44
0.02
0.03
0.46
0.51
0.02
0.03
0.5
1.14
0.63
0.99
0.02
0.05
0.45
0.82
0.02
0.04
0.27
0.81
0.02
0.03
0.91
1.34
0.05
0.1
0.24
1.44
0.02
0.05
0.66
0.83
0.02
0.03
0.13
1.01
0.02
0.05
0.44
0.74
0.02
0.04
0.89
0.6
0.02
0.03
0.89
0.57
0.14
0.52
0.02
0.04
0.31
0.58
0.02
0.05
0.87
0.86
0.02
0.04
1.09
1.46
0.02
0.05
0.23
0.72
0.05
0.1
0.7
0.98
0.02
0.05
0.35
1.31
0.02
0.04
0.54
1.1
0.02
0.05
1.03
0.63
0.02
0.04
0.29
1.31
0.83
0.84
0.02
0.03
0.46
1.13
0.02
0.04
0.67
0.55
0.02
0.05
0.67
0.8
0.02
0.03
1.02
1.28
0.02
0.05
0.12
1.48
0.05
0.1
0.35
0.81
0.02
0.03
0.46
1.11
0.02
0.04
0.42
0.95
0.02
0.05
0.58
1.23
0.92
0.19
0.02
0.03
0.4
0.94
0.02
0.03
0.66
1.12
0.01
0.03
0.2
1.22
0.02
0.05
0.68
0.82
0.02
0.04
0.74
1.26
0.02
0.03
0.24
0.62
0.05
0.1
0.67
0.88
0.02
0.05
0.16
0.59
0.02
0.03
0.84
1.41
0.31
0.4
0.02
0.03
0.28
0.95
0.02
0.03
0.75
1.34
0.02
0.03
0.66
1.23
0.02
0.04
0.62
0.69
0.02
0.05
0.54
1.19
0.02
0.04
0.21
1.41
0.02
0.05
0.53
1.13
0.05
0.1
0.75
1.36
0.02
0.05
0.38
1.17
0.54
0.21
0.01
0.03
0.5
0.5
0.02
0.03
0.3
1.3
0.02
0.03
0.66
0.75
0.02
0.03
0.84
1.04
0.02
0.04
0.13
1.1
0.02
0.05
0.53
1.18
0.02
0.03
0.64
0.81
0.02
0.05
0.92
1.28
0.05
0.1
0.44
1.19
66
9
31
60
6
34
58
9
31
78
6
34
77
7
33
89
7
33
54
7
33
50
8
32
76
5
35
