19.0
19.0
18.8607
18.727399999999886
18.587500000000045
18.463999999999945
18.34230000000006
18.211100000000048
18.087099999999946
17.96589999999988
17.841799999999882
17.70879999999993
17.58109999999997
17.453899999999987
17.322499999999984
17.19199999999994
17.059099999999923
16.92619999999992
16.78760000000007
16.664399999999958
16.53729999999999
16.415099999999878
16.289399999999944
16.168399999999913
16.033800000000053
15.9035
15.7795
15.659700000000003
15.536100000000003
15.413199999999994
15.282699999999995
15.144
15.0084
14.877300000000005
14.744000000000012
14.619499999999995
14.499000000000006
14.378799999999991
14.257599999999986
14.131
13.9907
13.849999999999977
13.720700000000035
13.593599999999995
13.467700000000015
13.335400000000012
13.203900000000035
13.075200000000029
12.951400000000017
12.814500000000004
12.685799999999976
12.564699999999965
12.443700000000005
12.318500000000036
12.204500000000005
12.103399999999963
12.013799999999966
11.926899999999995
11.828599999999973
11.74669999999998
11.666899999999972
11.579699999999997
11.504099999999996
11.426199999999952
11.351999999999986
11.274699999999974
11.198299999999989
11.124800000000016
11.04500000000006
10.971500000000006
10.899200000000013
10.825799999999983
10.756500000000031
10.679400000000006
10.600399999999999
10.523600000000004
10.445600000000017
10.366100000000005
10.290900000000025
10.217200000000004
10.14400000000001
10.06079999999997
9.985200000000006
9.906099999999972
9.831300000000034
9.761100000000003
9.69069999999998
9.60969999999994
9.538199999999996
9.464600000000022
9.394100000000003
9.32530000000001
9.252300000000073
9.178599999999994
9.105399999999998
9.042000000000009
8.973299999999982
8.896200000000015
8.81930000000004
8.752800000000025
8.681799999999999
8.60599999999998
8.54529999999996
8.479900000000013
8.409099999999945
8.336000000000013
8.269099999999995
8.203399999999965
8.131700000000041
8.054899999999988
7.99619999999999
7.9309
7.8627
7.8061
7.748100000000002
7.6923
7.632999999999997
7.568600000000004
7.502600000000003
7.438599999999989
7.382500000000007
7.316400000000006
7.254699999999999
7.193500000000006
7.134700000000003
7.070599999999991
7.010299999999991
6.945999999999999
6.891699999999991
6.854500000000018
6.821699999999988
6.783100000000009
6.760099999999994
6.73959999999999
6.7281
6.702799999999995
6.683999999999998
6.6731000000000025
6.656500000000005
6.639900000000006
6.6269
6.613700000000022
6.598299999999989
6.5995
6.588999999999997
6.568600000000003
6.563699999999988
6.54970000000002
6.537899999999983
6.526199999999997
6.514399999999982
6.512300000000012
6.499800000000004
6.491999999999999
6.4792000000000085
6.462599999999989
6.453099999999989
6.4422999999999835
6.434300000000009
6.425700000000008
6.421599999999993
6.419099999999985
6.410200000000007
6.3955999999999875
6.39370000000001
6.383499999999992
6.372399999999983
6.3573000000000075
6.356900000000002
6.3433
6.34009999999999
6.330999999999982
6.328300000000006
6.311899999999989
6.310200000000008
6.3029999999999955
6.304899999999987
6.295700000000021
6.291600000000008
6.287099999999989
6.274799999999984
6.2669000000000175
6.255299999999999
6.249199999999973
6.236300000000001
6.224499999999999
6.218900000000014
6.209500000000017
6.205799999999993
6.209300000000003
6.202999999999975
6.199600000000004
6.1862
6.179199999999998
6.166900000000006
6.157699999999973
6.143500000000023
6.137199999999974
6.123700000000005
6.116800000000013
