27000.0
27000.0
27050.8476
27067.3248
27077.414
27083.3126
27089.7084
27084.091
27070.196
27076.2903
27056.6341
27030.4313
27001.979
26977.8312
26953.0406
26932.8909
26891.4189
26860.7247
26834.6378
26790.2773
26740.1185
26704.6818
26668.5043
26633.6479
26597.0898
26538.6475
26497.8037
26431.2463
26376.2206
26336.5348
26277.3442
26220.8549
26156.7997
26100.0786
26030.5375
25959.3837
25901.8164
25826.4028
25741.9089
25679.3507
25616.4143
25552.4272
25477.4463
25391.1407
25318.8853
25244.2945
25175.7989
25092.8873
25005.0613
24927.4641
24837.8052
24740.4355
24658.1431
24587.1779
24508.8236
24437.4884
24371.675
24300.6125
24222.4509
24141.1182
24074.7324
24026.541
23954.6942
23900.7437
23852.5698
23789.9696
23729.1496
23673.5828
23623.1931
23571.549
23521.9718
23460.0692
23395.26
23336.029
23284.7151
23225.1525
23175.7258
23133.5266
23081.4717
23011.6221
22956.8253
22913.4307
22858.9623
22809.6191
22766.3089
22709.3697
22659.2428
22604.3
22548.4816
22497.5699
22438.4228
22399.1524
22349.7957
22294.2235
22234.5561
22183.0711
22126.287
22065.7576
22005.1612
21949.9459
21911.7622
21861.5688
21793.8594
21743.7247
21691.1882
21637.9476
21584.4598
21522.9059
21476.6642
21418.2844
21361.4517
21314.0777
21257.3415
21187.3586
21125.1706
21067.0053
21018.6124
20964.9322
20912.7327
20851.5687
20796.7463
20749.5686
20691.6889
20628.0555
20587.9555
20534.2984
20494.9706
20431.364
20366.4803
20304.6971
20234.9495
20166.4491
20101.3336
20027.1274
19955.4378
19870.2965
19787.6264
19710.3189
19634.591
19549.4296
19458.7423
19393.8988
19300.4235
19217.573
19141.7793
19059.744
18980.7714
18911.9846
18831.7251
18744.1872
18654.0089
18571.5158
18495.6822
18413.9702
18321.9585
18240.3816
18178.3758
18109.047
18019.7718
17937.9925
17852.2894
17769.4407
17697.9581
17611.2775
17527.4193
17436.0431
17352.8441
17273.6079
17194.1352
17114.5178
17030.166
16952.1939
16875.0874
16786.2831
16708.2703
16627.089
16544.8545
16454.2704
16378.8698
16298.5092
16222.5216
16141.9478
16067.6418
15994.2754
15908.8784
15833.5024
15746.4832
15663.7967
15586.302
15516.3881
15438.6723
15359.8068
15291.4754
15233.5331
15156.5573
15076.9565
15001.4646
14924.3589
14844.458
14770.0523
