12.0
12.0
11.954899999999963
11.909000000000017
11.865099999999968
11.816500000000023
11.770899999999969
11.724600000000018
11.679899999999991
11.63449999999997
11.591200000000061
11.545299999999981
11.498300000000029
11.454699999999992
11.408100000000006
11.367500000000009
11.319099999999997
11.274299999999979
11.231300000000031
11.184000000000033
11.13899999999999
11.0925
11.045500000000024
10.9991
10.9555
10.911899999999994
10.866000000000017
10.821700000000034
10.777099999999967
10.731300000000006
10.682599999999974
10.639399999999965
10.59869999999996
10.55250000000001
10.506199999999996
10.463899999999978
10.416099999999929
10.369899999999989
10.32129999999999
10.278500000000005
10.231200000000007
10.191500000000023
10.14729999999995
10.102999999999996
10.054600000000034
10.0096
9.961700000000008
9.917000000000023
9.875700000000004
9.835600000000053
9.786499999999997
9.74230000000002
9.696499999999974
9.653200000000036
9.610600000000003
9.565399999999993
9.522400000000028
9.484899999999998
9.447500000000014
9.406400000000016
9.370499999999948
9.333600000000034
9.2944
9.256899999999995
9.222600000000014
9.184999999999988
9.151600000000002
9.114600000000008
9.08170000000006
9.046100000000092
9.013199999999994
8.977799999999965
8.943800000000001
8.909500000000003
8.877199999999993
8.843999999999971
8.808499999999986
8.776599999999998
8.746599999999958
8.717099999999999
8.688399999999948
8.657200000000007
8.625600000000029
8.596599999999977
8.567700000000015
8.540500000000009
8.512799999999965
8.485500000000012
8.456999999999953
8.426999999999984
8.39710000000002
8.368000000000022
8.337900000000024
8.308599999999984
8.277300000000064
8.247999999999987
8.220400000000021
8.188799999999977
8.159799999999983
8.126999999999928
8.097900000000056
8.070899999999957
8.04209999999997
8.012099999999938
7.9827
7.9565
7.9312
7.9039
7.8767
7.8513
7.8235
7.7969
7.768300000000003
7.743400000000001
7.713799999999997
7.6872
7.6596
7.6314
7.6081
7.582500000000003
7.555600000000005
7.526400000000003
7.501999999999997
7.4714999999999945
7.443799999999997
7.416000000000003
7.388900000000003
7.364099999999994
7.337800000000003
7.3112999999999975
7.285199999999997
7.257000000000003
7.2274
7.200799999999996
7.172599999999997
7.141499999999991
7.114899999999997
7.0861999999999945
7.060399999999996
7.029599999999996
7.000499999999991
6.970199999999996
6.940299999999993
6.9097000000000115
6.879900000000003
6.8498
6.818500000000001
6.787500000000003
6.751500000000003
6.723499999999999
6.692100000000006
6.661200000000012
6.6339999999999915
6.603500000000003
6.573400000000008
6.546399999999988
6.517700000000003
6.487100000000006
6.457999999999981
6.427299999999994
6.392000000000004
6.359200000000004
6.328400000000002
6.297299999999982
6.267900000000006
6.23249999999998
6.197699999999999
6.165300000000005
6.134599999999998
6.103900000000019
6.071900000000004
6.040999999999992
6.01180000000003
5.981400000000001
5.946800000000002
5.916799999999993
5.888599999999999
5.859799999999989
5.829899999999997
5.802600000000001
5.771100000000012
5.742200000000012
5.707900000000013
5.678300000000023
5.647700000000018
5.619999999999992
5.587900000000005
5.5581000000000005
5.52619999999997
5.4966000000000035
5.463300000000012
5.429599999999981
5.397100000000015
5.365300000000001
5.331299999999992
5.3009000000000155
5.265699999999986
5.233699999999997
5.203199999999998
5.173200000000003
