17.0
17.0
16.917800000000014
16.832100000000064
16.744200000000063
16.660399999999992
16.57390000000008
16.48810000000013
16.4078999999999
16.32540000000007
16.23860000000014
16.15670000000007
16.072999999999922
15.984999999999975
15.905
15.825
15.741100000000003
15.659799999999997
15.5698
15.4836
15.396500000000003
15.3107
15.224399999999997
15.136899999999988
15.058100000000007
14.9776
14.896099999999993
14.817700000000006
14.7298
14.646299999999986
14.563400000000017
14.481100000000023
14.389499999999995
14.306100000000002
14.22020000000001
14.139899999999988
14.062599999999994
13.976000000000024
13.887699999999993
13.800199999999982
13.716200000000017
13.633000000000008
13.550799999999974
13.472599999999996
13.387
13.299400000000002
13.209899999999957
13.128200000000005
13.044699999999976
12.959100000000007
12.874600000000012
12.786799999999985
12.701500000000003
12.613800000000008
12.535800000000044
12.46209999999999
12.394999999999998
12.33239999999999
12.271299999999972
12.213899999999951
12.160799999999979
12.103699999999968
12.050099999999988
11.99969999999999
11.950999999999965
11.9006
11.844600000000005
11.798800000000012
11.752199999999972
11.702399999999976
11.652800000000024
11.605899999999995
11.560599999999997
11.521799999999985
11.478500000000002
11.437099999999957
11.392299999999969
11.346599999999988
11.30280000000003
11.26309999999999
11.222900000000012
11.178300000000007
11.134199999999987
11.093599999999979
11.050300000000004
11.010900000000023
10.972300000000008
10.924599999999996
10.88550000000002
10.843300000000001
10.807599999999953
10.762500000000024
10.723199999999975
10.681600000000032
10.637099999999982
10.589399999999978
10.545599999999995
10.501400000000027
10.462700000000016
10.422000000000002
10.379199999999972
10.336199999999987
10.293899999999976
10.247899999999996
10.207700000000013
10.170000000000009
10.126300000000013
10.081600000000007
10.0383
9.992399999999995
9.947
9.900799999999984
9.861100000000025
9.824500000000043
9.77860000000003
9.732700000000007
9.690299999999981
9.647300000000007
9.61170000000002
9.570200000000012
9.528500000000012
9.488100000000054
9.443499999999945
9.401399999999969
9.3663
9.325000000000012
9.283700000000039
9.243899999999993
9.199999999999969
9.152200000000038
9.100699999999984
9.048900000000007
8.999700000000072
8.944699999999962
8.888199999999996
8.837000000000005
8.772500000000013
8.714700000000077
8.659399999999993
8.607099999999994
8.547599999999946
8.48940000000001
8.42899999999997
8.371600000000063
8.312199999999988
8.251900000000026
8.186200000000005
8.128800000000004
8.060099999999997
7.996499999999993
7.9287
7.8659
7.804000000000001
7.743599999999997
7.6895
7.6247
7.557700000000006
7.499599999999998
7.4386
7.3719
7.312000000000003
7.243100000000003
7.191799999999997
7.130699999999994
7.068400000000006
7.009599999999995
6.949699999999997
6.891599999999999
6.831000000000008
6.7675000000000045
6.702600000000003
6.640800000000013
6.580400000000006
6.522099999999989
6.462699999999991
6.406999999999995
6.350499999999998
6.295200000000003
6.236199999999994
6.177899999999998
6.126700000000001
6.067600000000003
6.012900000000003
5.957099999999984
5.901599999999995
5.841700000000008
5.784899999999978
5.72300000000001
5.666500000000004
5.611199999999992
5.557700000000015
5.507200000000013
5.45369999999999
5.4026999999999985
5.342600000000005
5.292500000000008
5.239300000000004
5.186699999999999
5.136600000000005
5.087699999999988
