15.0
15.0
15.012799999999988
15.028400000000007
15.043499999999996
15.056600000000003
15.068799999999989
15.084000000000014
15.096099999999991
15.1121
15.126699999999998
15.138300000000003
15.1484
15.159999999999997
15.171499999999988
15.180299999999994
15.193499999999995
15.202300000000003
15.213599999999994
15.224199999999998
15.232200000000006
15.241699999999996
15.252899999999997
15.260199999999994
15.2657
15.2752
15.280999999999992
15.2878
15.297100000000006
15.300500000000008
15.3066
15.3122
15.319100000000006
15.326799999999993
15.3333
15.339899999999997
15.3466
15.3529
15.3599
15.367700000000006
15.374200000000004
15.3822
15.386699999999998
15.3924
15.397699999999995
15.404000000000003
15.407000000000004
15.4131
15.4179
15.423599999999997
15.428700000000006
15.432999999999996
15.440000000000003
15.445300000000007
15.449
15.454299999999996
15.4593
15.4627
15.468000000000004
15.472399999999997
15.475499999999997
15.478500000000002
15.4814
15.485499999999996
15.490599999999997
15.492299999999997
15.496499999999994
15.499699999999997
15.502999999999997
15.5052
15.507200000000003
15.509
15.5102
15.512
15.513600000000002
15.515
15.5178
15.5203
15.5211
15.524600000000007
15.527
15.530600000000005
15.533900000000003
15.5365
15.539000000000005
15.5412
15.542499999999993
15.544
15.5453
15.546699999999998
15.548299999999998
15.549000000000008
15.550199999999995
15.551099999999996
15.5508
15.5523
15.5549
15.5582
15.559900000000003
15.560399999999994
15.560999999999996
15.5629
15.564600000000006
15.5652
15.5645
15.5633
15.566599999999998
15.5673
15.5661
15.566099999999993
15.567299999999998
15.5669
15.5681
15.5674
15.5688
15.568800000000003
15.5687
15.569500000000003
15.568100000000003
15.568100000000003
15.569700000000003
15.568300000000002
15.5689
15.5715
15.5728
15.573400000000012
15.5747
15.5745
15.5756
15.5764
15.5773
15.5777
15.577799999999996
15.5792
15.5805
15.5816
15.583
15.584100000000003
15.5827
15.582099999999997
15.5821
15.581700000000003
15.5816
15.5825
15.582099999999997
15.5813
15.583599999999993
15.5837
15.584800000000007
15.5863
15.5875
15.588100000000003
15.5877
15.5893
15.589400000000003
15.5899
15.5905
15.590700000000004
15.591100000000006
15.590699999999996
15.592
15.5904
15.5907
15.5915
15.591200000000002
15.591400000000005
15.591399999999997
15.5917
15.591500000000005
15.590399999999997
15.591
15.5906
15.5918
15.593200000000003
15.5919
15.593
15.595300000000003
15.593699999999995
15.5945
15.5952
15.5942
15.5939
15.593800000000003
15.5944
15.593899999999998
15.594000000000008
15.5946
15.5944
15.5947
15.595
15.5949
15.595399999999998
15.5972
15.597899999999997
15.5977
15.5988
15.5998
15.600099999999994
15.6005
15.6011
