4913.0
4913.0
4836.3396
4759.4864
4682.7669
4610.4181
4532.5727
4460.3347
4388.7805
4313.8366
4238.7626
4170.7374
4097.7617
4029.9888
3959.5561
3893.5837
3823.9498
3758.5731
3690.7278
3626.2685
3563.2022
3500.581
3434.5015
3373.6847
3309.9688
3251.1902
3195.2378
3135.4811
3075.068
3017.0617
2962.8332
2907.5047
2854.0025
2799.0831
2745.6094
2691.9062
2641.5826
2594.3304
2544.7204
2496.2326
2446.1267
2395.6272
2350.8386
2300.6348
2254.6448
2211.6273
2167.2398
2123.346
2081.2722
2040.9723
1996.4468
1956.1985
1915.7511
1873.134
1835.3341
1798.8877
1762.1406
1727.3727
1690.5359
1655.1205
1619.5558
1584.1424
1551.2094
1517.4715
1485.5989
1452.7312
1422.1101
1392.9719
1362.6623
1331.829
1302.5715
1273.3362
1245.9006
1217.0464
1189.0595
1161.2695
1135.4733
1108.7627
1084.3772
1059.5612
1033.9638
1010.6989
986.1729
964.4812
942.2065
918.6819
896.6858
875.8535
856.3428
836.5517
816.2978
795.7879
777.4497
757.4889
740.0235
721.4643
703.4684
685.6974
668.2488
652.0137
634.8048
618.6998
603.1696
587.9405
573.8499
558.8812
543.5451
529.1734
516.1043
502.7443
488.6027
475.9287
464.1453
451.6084
439.4812
427.1605
414.5961
403.5005
393.5922
381.6388
370.3505
359.8929
349.8455
339.3294
329.6253
320.157
311.258
303.1976
294.1158
286.8735
278.5905
271.5965
264.8943
258.5823
252.5451
246.7721
241.1479
236.2957
231.5377
226.03
221.3801
217.0846
212.557
208.269
204.5069
200.9047
197.4471
193.4044
190.1275
186.7934
183.289
180.0227
176.7883
173.4247
170.4836
167.674
164.3962
161.3732
158.3046
155.2219
152.1211
149.2809
146.8106
144.2111
141.4435
139.018
136.9849
134.6107
132.4703
130.1411
127.5313
125.1683
123.2264
120.8477
118.9058
116.6062
114.7391
112.7623
110.9093
108.7928
106.6898
104.5727
102.9212
101.2102
99.3378
97.0557
94.8858
92.9741
91.3859
89.6118
87.9362
86.1374
84.6453
83.198
81.6651
79.9443
78.8683
77.3896
75.7177
74.2717
