1024.0
1024.0
1023.4644
1022.8156
1022.4015
1022.1174
1021.8488
1021.5178
1020.8361
1020.5132
1020.0798
1019.5135
1019.1949
1018.6664
1018.1499
1017.6429
1016.9555
1016.4977
1015.9615
1015.4604
1014.7502
1014.1836
1013.7065
1013.1816
1012.8298
1012.2516
1011.6271
1011.2018
1010.586
1010.1046
1009.6321
1009.1292
1008.8742
1008.3786
1007.8624
1007.3752
1006.8369
1006.2606
1005.8338
1005.2232
1004.734
1004.3298
1003.7198
1003.2656
1002.8509
1002.4416
1002.029
1001.5451
1001.0714
1000.5471
999.9936
999.3947
999.0352
998.4924
997.8301
997.3329
996.7285
996.0464
995.4697
994.9161
994.3211
993.6375
992.9957
992.4622
991.7408
991.0063
990.1644
989.5902
988.8373
988.1363
987.3585
986.5908
985.922
985.165
984.3644
983.6516
982.9979
982.219
981.3771
980.493
979.8863
979.0068
978.3128
977.5718
976.6507
975.8875
975.0953
974.3119
973.5549
972.7694
971.7885
970.9452
970.1753
969.5095
968.5503
967.6186
966.8494
965.9771
965.0871
964.1168
963.2334
962.475
961.5576
960.683
959.7972
959.0001
958.1108
957.2401
956.2636
955.2825
954.3829
953.4852
952.4623
951.634
950.8003
949.9244
949.1052
947.9488
947.046
946.0345
945.2252
944.398
943.4626
942.5913
941.5639
940.4109
939.6245
938.8623
937.9507
937.1365
936.2771
935.577
934.7949
934.2708
933.4162
932.5577
931.7674
930.9785
930.4262
930.0832
929.3094
928.8181
928.2695
927.6711
927.1751
926.7016
926.3924
925.9431
925.5776
925.1725
924.9524
924.5434
924.3062
923.9059
923.541
923.1763
922.9787
922.6729
922.4866
922.2743
922.1063
921.99
921.8189
921.7322
921.5716
921.3144
921.0094
920.6557
920.5378
920.4855
920.4247
920.0984
920.099
920.1754
920.1052
920.0244
919.7174
919.6364
919.7733
919.772
919.7493
919.8732
919.6679
919.6028
919.5572
919.3706
919.2343
919.2218
919.1669
919.0931
918.9287
918.8729
918.7643
918.7734
918.7355
918.6187
918.532
918.5214
918.4682
918.4592
