9.0
9.0
8.874599999999997
8.74650000000003
8.621800000000002
8.501299999999995
8.378200000000046
8.25209999999993
8.130600000000012
8.006199999999994
7.8878
7.7638
7.6421
7.522900000000003
7.392300000000001
7.273199999999991
7.147200000000004
7.032900000000009
6.912700000000003
6.783400000000006
6.665699999999991
6.547299999999994
6.422699999999999
6.3077999999999985
6.194500000000001
6.079799999999999
5.957199999999996
5.836199999999998
5.7246000000000015
5.602600000000006
5.4807000000000095
5.370300000000002
5.252800000000002
5.135399999999999
5.020399999999988
4.905399999999994
4.793699999999985
4.685499999999985
4.572699999999987
4.459899999999999
4.354199999999996
4.254899999999988
4.147100000000011
4.0392
3.9456
3.8419000000000016
3.742499999999998
3.6439999999999984
3.553299999999998
3.4594
3.3720000000000114
3.274399999999993
3.1892000000000036
3.093900000000003
3.020900000000001
2.9597000000000024
2.909000000000012
2.865799999999998
2.826499999999995
2.7896000000000054
2.7593999999999954
2.7318999999999996
2.7147999999999994
2.695499999999997
2.6786000000000003
2.661400000000001
2.64839999999999
2.6300000000000057
2.6162999999999945
2.60279999999999
2.5938999999999917
2.5857000000000006
2.5724999999999962
2.5640000000000036
2.5554000000000063
2.548499999999994
2.5388000000000144
2.527900000000006
2.518799999999999
2.505700000000006
2.4979
2.4895000000000027
2.4860999999999973
2.477899999999999
2.4724999999999917
2.4670999999999936
2.4593000000000083
2.4533000000000142
2.4489999999999914
2.437400000000002
2.424600000000004
2.415900000000005
2.4061000000000003
2.3951999999999956
2.3851999999999993
2.3798999999999904
2.3721000000000028
2.362999999999988
2.3570999999999933
2.3535000000000057
2.348699999999996
2.3422999999999945
2.334400000000009
2.3260999999999936
2.3217999999999948
2.3151999999999915
2.312900000000005
2.3092000000000046
2.3036999999999974
2.2981999999999947
2.2893999999999965
2.286800000000009
2.279
2.275300000000008
2.2712000000000074
2.2648999999999972
2.2583000000000055
2.257100000000003
2.251100000000005
2.2466000000000093
2.2455000000000087
2.239899999999994
2.234699999999994
2.2334999999999994
2.2280000000000006
2.2230000000000047
2.220200000000005
2.2160999999999893
2.210099999999988
2.2063999999999986
2.200300000000006
2.1940999999999917
2.182700000000001
2.173900000000004
2.1601000000000057
2.1493000000000064
2.142900000000006
2.130499999999995
2.119799999999983
2.109600000000006
2.094900000000001
2.0876000000000055
2.081400000000005
2.0737000000000037
2.0665000000000044
2.0596999999999985
2.049099999999988
2.039199999999987
2.0229000000000075
2.0119000000000167
2.0029000000000154
1.9935000000000047
1.980900000000001
1.976499999999998
1.9723999999999986
1.9644
1.9573000000000007
1.9489000000000003
1.9417000000000006
1.9321000000000008
1.9263999999999992
1.9214000000000004
1.9133000000000004
1.8980000000000008
1.8938000000000008
1.8927
1.8904
1.8845
1.8784000000000007
1.8681000000000014
1.8616000000000015
1.8599
1.8522000000000007
1.8417999999999985
1.8375999999999986
1.8302
1.8251000000000004
1.8164000000000018
1.8096
1.8064
1.8000000000000003
1.7896000000000032
1.78
1.7693
1.7602999999999975
1.7524999999999993
1.7459000000000033
1.7434999999999972
1.7422999999999993
1.7393999999999992
1.7322000000000022
1.7270999999999985
1.7218
1.7114999999999994
1.7078000000000022
1.6936000000000035
1.6866000000000008
1.6794999999999984
1.6719999999999977
1.6737999999999957
