125.0
125.0
127.8098
131.1144
134.214
136.6977
139.7477
142.5612
145.1034
147.8092
150.7385
153.6383
156.3581
159.1569
161.9931
164.795
167.8187
170.2906
173.2459
176.5271
179.134
182.0819
184.9477
187.6621
190.1037
193.0244
195.7119
198.5413
201.1273
203.5959
206.441
208.9051
211.3443
213.5808
216.4391
218.7008
221.3021
223.978
227.3423
230.2432
232.6888
235.1439
237.9431
241.0759
243.4456
246.0564
248.686
251.4449
254.0462
256.7339
259.5323
261.8115
264.0393
266.8015
269.0626
271.0823
273.1084
275.5858
278.3148
280.5222
282.5476
284.8039
286.5592
288.4804
290.0896
292.2608
293.9398
295.7369
297.1202
299.1025
300.7797
301.7298
303.6955
304.8757
306.7487
308.5882
309.9207
311.822
312.8695
314.6838
316.4058
317.7328
318.4611
319.0981
319.6147
320.8299
321.6346
323.1153
323.9267
324.9856
326.3749
326.9266
327.6643
328.2953
328.5215
329.8976
330.3108
330.7111
332.1265
332.6937
333.2256
334.0022
334.668
335.8973
336.5561
337.6844
338.7314
340.4005
340.5209
341.2521
341.6363
342.0982
342.6889
343.17
344.2259
345.1025
345.2494
346.0616
346.464
347.3308
348.1301
349.5574
349.6686
349.8095
350.0675
350.3902
350.5096
351.2748
351.4922
351.5598
352.3432
352.5838
353.3921
353.5715
353.8346
353.3293
353.2452
353.1523
353.2796
353.3085
353.3306
353.4589
353.5071
352.9625
353.3293
353.3275
352.9216
352.5787
352.3425
351.7507
351.0036
350.3071
349.2344
348.3876
347.5222
347.872
346.9273
346.5817
345.746
346.0927
344.9999
344.212
343.9558
342.8773
342.6555
341.6247
340.8829
339.9584
339.2796
339.175
338.3025
337.5926
337.4674
336.6932
335.902
335.4722
333.7707
333.1806
331.9773
331.3422
330.9329
329.5529
328.7574
327.3221
326.3064
325.2362
324.4456
323.2038
321.9687
320.958
320.7475
319.9095
319.2446
317.7918
316.1322
315.2713
314.7711
314.1455
313.3309
312.2132
