4.0
4.0
3.9745
3.9554
3.9383
3.936
3.9356
3.9304
3.9003
3.9191
3.9069
3.8978
3.8888
3.8973
3.8829
3.8711
3.8738
3.8739
3.8789
3.8749
3.8676
3.8532
3.8482
3.8401
3.822
3.8207
3.8162
3.826
3.8167
3.8043
3.8025
3.8197
3.8286
3.8504
3.8611
3.8351
3.8331
3.8223
3.8031
3.806
3.8077
3.8034
3.7955
3.8025
3.7988
3.8236
3.8239
3.8176
3.8238
3.8173
3.7983
3.7957
3.7959
3.7769
3.7994
3.8093
3.8254
3.8441
3.859
3.8793
3.8971
3.9329
3.9565
4.0036
4.0269
4.0551
4.0972
4.1409
4.1751
4.2189
4.2577
4.2998
4.3408
4.3967
4.4405
4.4884
4.5438
4.594
4.6618
4.7335
4.7848
4.8511
4.9117
4.9637
5.018
5.0711
5.1344
5.2033
5.2487
5.3154
5.3853
5.447
5.501
5.5517
5.6011
5.6471
5.7118
5.7594
5.8317
5.8836
5.943
5.9856
6.0326
6.1026
6.181
6.2264
6.2707
6.3146
6.3771
6.4261
6.4898
6.5395
6.5929
6.6495
6.7043
6.7739
6.8288
6.8936
6.9592
6.994
7.0568
7.1362
7.1971
7.2623
7.3085
7.3639
7.4309
7.5051
7.5669
7.6378
7.7034
7.7893
7.8417
7.916
7.9779
8.0355
8.0827
8.1356
8.2104
8.2518
8.3165
8.3657
8.3993
8.4154
8.4559
8.5056
8.5673
8.6091
8.6664
8.719
8.7761
8.8121
8.8532
8.8759
8.9107
8.9747
9.0112
9.0734
9.1224
9.1364
9.1722
9.2172
9.2725
9.313
9.3545
9.4198
9.4593
9.5371
9.5577
9.5937
9.629
9.6526
9.6956
9.7219
9.7574
9.7936
9.8457
9.9179
9.9514
10.0162
10.0755
10.1232
10.1924
10.2322
10.2505
10.2669
10.3197
10.3544
10.4095
10.4587
10.4686
10.5088
10.5625
10.5941
10.6321
10.6657
10.6798
10.7046
10.7491
10.7788
