9.0
9.0
8.7806
8.6019
8.4064
8.2235
8.0362
7.8576
7.6657
7.4937
7.3239
7.1555
6.9942
6.8424
6.6743
6.5193
6.3748
6.2192
6.0948
5.9556
5.8216
5.662
5.5337
5.4055
5.2824
5.1558
5.0311
4.917
4.8035
4.6844
4.5669
4.4619
4.3573
4.2452
4.1347
4.0406
3.9396
3.8342
3.7415
3.6567
3.5749
3.4886
3.4038
3.3104
3.2357
3.1604
3.0959
3.0335
2.9632
2.8887
2.8258
2.7546
2.68
2.6135
2.5574
2.5031
2.4573
2.4173
2.3768
2.3469
2.3196
2.29
2.2614
2.2397
2.2115
2.1943
2.1762
2.1573
2.1403
2.1202
2.102
2.0798
2.0645
2.0468
2.0349
2.0251
2.0122
2.0017
1.9923
1.9805
1.9684
1.9529
1.9455
1.9294
1.9179
1.9091
1.9004
1.8868
1.8775
1.8731
1.8648
1.8551
1.841
1.8332
1.819
1.8165
1.8063
1.7936
1.7838
1.7742
1.7639
1.7531
1.7443
1.7367
1.7298
1.7232
1.7141
1.7013
1.6958
1.6881
1.6775
1.6709
1.6647
1.6549
1.6485
1.6371
1.6345
1.6311
1.6216
1.6149
1.6044
1.6023
1.5917
1.582
1.5746
1.5692
1.5663
1.5593
1.554
1.5566
1.5448
1.5412
1.5412
1.5353
1.5258
1.5229
1.5178
1.5081
1.5012
1.5007
1.4968
1.4902
1.4907
1.488
1.4859
1.4869
1.4882
1.4776
1.4707
1.47
1.4675
1.4699
1.4715
1.4751
1.4768
1.477
1.4799
1.4818
1.4808
1.4805
1.4836
1.4795
1.4826
1.4848
1.491
1.4961
1.5009
1.4972
1.507
1.5015
1.5041
1.5048
1.511
1.5162
1.5169
1.5184
1.5225
1.5279
1.5315
1.5405
1.5424
1.5417
1.5523
1.5625
1.5677
1.5692
1.5746
1.5866
1.597
1.6059
1.6207
1.6293
1.6385
1.6494
1.6551
1.6639
1.6757
1.6869
1.6962
1.7016
