289.0
289.0
285.8842
282.742
279.5823
276.5863
273.3519
270.3369
267.3331
264.1696
260.9774
258.0672
254.9225
251.9958
248.9209
246.0243
242.9536
240.0527
237.0328
234.1355
231.2762
228.436
225.4239
222.6125
219.6604
216.9232
214.2822
211.4393
208.5824
205.8049
203.2012
200.5223
197.9219
195.2209
192.6004
189.9128
187.3822
184.9966
182.4736
179.9934
177.4137
174.8106
172.4772
169.851
167.3954
165.1083
162.7278
160.349
158.0476
155.8449
153.3866
151.1507
148.8969
146.5194
144.3749
142.2911
140.1782
138.1537
136.0351
133.9551
131.864
129.7508
127.8046
125.7871
123.8567
121.8644
119.9793
118.1403
116.2643
114.3466
112.4871
110.621
108.8634
107.0128
105.1697
103.3465
101.6261
99.8757
98.234
96.5416
94.8034
93.1983
91.5159
90.0064
88.4453
86.7751
85.1948
83.6991
82.2612
80.8149
79.3308
77.8221
76.4185
74.9229
73.5847
72.1851
70.8056
69.4402
68.0776
66.7961
65.4412
64.129
62.8582
61.6273
60.4625
59.2218
57.9941
56.8068
55.6943
54.5557
53.3625
52.2627
51.2221
50.1414
49.0736
47.9727
46.8583
45.8863
44.9806
43.9022
42.8561
41.8955
40.9421
39.9774
39.0627
38.1476
37.2722
36.4908
35.6406
34.9025
34.1015
33.3979
32.7355
32.0931
31.4879
30.9037
30.3301
29.8359
29.3453
28.7992
28.3151
27.858
27.3782
26.929
26.5211
26.1373
25.7611
25.3306
24.9561
24.5898
24.196
23.8455
23.4835
23.1161
22.7804
22.4542
22.1116
21.7718
21.4346
21.0947
20.7567
20.4375
20.15
19.8583
19.5411
19.259
19.0207
18.7257
18.4631
18.1865
17.8947
17.5937
17.3492
17.0683
16.8246
16.5544
16.3267
16.0821
15.8615
15.6122
15.3592
15.1067
14.8946
14.6762
14.4446
14.1773
13.9156
13.6781
13.4637
13.2392
13.0198
12.7916
12.5947
12.408
12.2075
11.9925
11.8331
11.645
11.4371
11.2423
