6.0
6.0
6.0216
6.044000000000008
6.0654
6.085300000000018
6.106600000000009
6.129000000000002
6.148599999999997
6.1707000000000125
6.191399999999999
6.209199999999993
6.225000000000012
6.244300000000011
6.262299999999994
6.283800000000005
6.3055
6.3273000000000215
6.347099999999995
6.3633
6.378300000000012
6.396400000000016
6.415599999999992
6.434000000000009
6.450899999999999
6.470999999999994
6.491100000000005
6.508900000000003
6.524600000000016
6.534800000000004
6.553199999999981
6.5712999999999955
6.5866
6.608599999999994
6.6234000000000055
6.636100000000015
6.652
6.6636999999999915
6.6792999999999765
6.695300000000015
6.7134
6.729899999999991
6.747900000000015
6.758099999999993
6.7707
6.7827
6.792299999999996
6.8044
6.816700000000014
6.824700000000009
6.835199999999987
6.849100000000006
6.863400000000006
6.8731
6.884700000000013
6.899699999999991
6.911099999999994
6.927599999999993
6.942200000000006
6.952500000000009
6.968399999999995
6.981999999999996
6.996700000000004
7.018199999999997
7.033799999999991
7.053799999999999
7.068899999999989
7.0871
7.1055
7.128800000000013
7.148900000000003
7.167699999999988
7.185199999999993
7.205799999999997
7.228299999999997
7.246400000000006
7.270299999999997
7.291999999999991
7.313399999999992
7.336900000000003
7.3560000000000025
7.3739
7.396499999999994
7.4172
7.433899999999997
7.454899999999997
7.4749
7.494799999999993
7.514700000000006
7.537799999999997
7.5605
7.583799999999997
7.602599999999997
7.621199999999994
7.6399
7.6576
7.6773
7.6952
7.7164
7.7384
7.756
7.776
7.7939
7.8148
7.831700000000001
7.851
7.8698
7.890800000000001
7.9134
7.9328
7.9483
7.9654
7.986899999999994
8.00719999999996
8.030699999999968
8.04899999999998
8.065999999999997
8.083899999999941
8.102300000000028
8.119400000000002
8.139599999999987
8.158500000000002
8.178999999999979
8.197800000000003
8.214199999999988
8.232200000000013
8.253999999999998
8.27480000000004
8.288800000000037
8.304800000000043
8.321699999999964
8.33210000000001
8.341700000000056
8.360999999999965
8.367800000000024
8.37789999999996
8.381799999999913
8.393100000000025
8.403699999999994
8.407000000000007
8.411699999999998
8.42130000000003
8.429000000000027
8.431400000000018
8.435000000000038
8.437200000000086
8.442900000000016
8.448999999999952
8.44899999999999
8.451300000000039
8.450499999999964
8.45179999999997
8.448800000000004
8.448099999999988
8.453899999999981
8.458199999999978
8.461999999999987
8.457600000000005
8.458500000000019
8.463899999999956
8.46439999999998
8.460500000000058
8.465700000000009
8.460399999999986
8.4599
8.460100000000043
8.463899999999956
8.45920000000004
8.454699999999992
8.454200000000007
8.45599999999996
8.455800000000053
8.456299999999976
8.459900000000095
8.460499999999962
8.461400000000033
8.464000000000013
8.464500000000072
8.470800000000024
8.472399999999958
8.47030000000001
8.469000000000015
8.468099999999977
8.471300000000038
8.46950000000004
8.472600000000021
8.474499999999958
8.470800000000015
8.462600000000016
8.458099999999957
8.459500000000027
8.460500000000017
8.457700000000047
8.456399999999967
8.457000000000056
8.45940000000001
8.45550000000001
8.4609
8.460499999999984
8.46539999999998
