3375.0
3375.0
3398.2709
3419.238
3439.4159
3465.3658
3489.1987
3511.0571
3533.0027
3552.3917
3568.8188
3590.7972
3607.4764
3623.7501
3641.6603
3659.0531
3678.1231
3691.2524
3707.8093
3721.0578
3731.0622
3748.1384
3765.278
3778.7464
3796.0368
3808.5113
3823.0288
3835.2031
3842.6602
3857.4362
3865.8069
3876.7521
3887.9948
3898.313
3908.4464
3919.1978
3931.2217
3938.1824
3945.1693
3951.8919
3959.4937
3968.8338
3976.0039
3983.0965
3993.26
3999.4664
4003.6168
4009.4901
4013.8758
4020.6532
4025.1746
4030.8109
4035.5466
4038.4945
4046.5978
4054.2459
4058.2752
4064.4931
4069.2796
4076.5533
4081.1587
4087.8195
4092.9549
4097.0789
4100.4022
4105.7395
4111.5988
4119.5361
4121.4753
4127.5057
4130.1962
4133.8816
4140.2006
4146.2271
4153.565
4158.6205
4165.362
4169.6467
4171.331
4174.6345
4180.5209
4185.0702
4190.2426
4193.2958
4197.1429
4200.0958
4207.5374
4208.1578
4211.439
4217.85
4223.0404
4226.7479
4228.9283
4232.557
4236.3642
4241.4951
4245.0203
4249.5943
4251.4834
4257.0107
4259.2603
4263.9596
4268.0203
4274.1798
4276.6854
4280.8236
4283.2361
4283.6473
4284.8583
4288.0129
4291.2243
4293.5678
4295.1036
4295.9125
4298.6825
4302.3565
4301.4863
4301.517
4303.2791
4304.2534
4304.2251
4306.3245
4308.7869
4309.8405
4310.1686
4312.463
4316.2236
4316.259
4317.6884
4319.2244
4319.6995
4319.7914
4317.8882
4317.4362
4315.9872
4312.2216
4312.2796
4309.1321
4305.7039
4303.5111
4298.0787
4298.2402
4293.9586
4290.7498
4289.7749
4284.9494
4280.2602
4272.2003
4267.0987
4259.329
4254.1317
4248.4669
4245.1599
4239.6314
4234.9559
4227.5346
4222.1609
4211.4038
4200.9168
4193.8181
4187.3193
4180.6601
4172.8093
4167.3989
4156.7157
4147.2468
4138.8528
4131.7702
4126.8896
4117.2406
4111.3415
4102.9353
4093.4213
4084.9504
4077.0646
4067.1434
4060.2783
4052.8355
4045.2151
4037.5559
4026.5997
4016.3533
4008.3218
4000.7445
3990.1714
3978.9659
3971.2664
3961.1024
3956.6565
3949.7302
3941.8683
3932.3284
3924.1979
3919.2933
3908.5275
3899.7345
3891.5082
3883.5223
3873.2409
3865.4151
