169.0
169.0
169.7883
170.4875
171.4551
172.4259
173.3265
174.2006
175.1939
176.2926
177.1454
178.0751
179.0981
180.1737
181.1695
182.2597
183.2288
184.2791
185.2339
186.3184
187.3821
188.2162
189.1925
190.2114
191.489
192.473
193.5063
194.6273
195.6525
196.5758
197.606
198.7198
199.6572
200.6512
201.7878
202.8004
203.7884
204.908
205.9956
207.097
208.1132
209.0528
210.2176
211.2741
212.4243
213.5306
214.6446
215.6372
216.7556
217.7395
218.6824
219.8034
220.8501
221.9993
223.2864
224.3816
225.5192
226.646
227.7529
228.9399
230.2396
231.397
232.5172
233.6679
234.8494
236.0181
236.9282
238.1206
239.2193
240.2566
241.3442
242.4066
243.6118
244.7029
245.7192
246.9922
248.217
249.5269
250.6002
251.5624
252.6486
254.0158
255.1404
256.4691
257.7238
259.0846
260.2754
261.3512
262.6403
263.9224
265.2653
266.4259
267.6878
268.8047
270.0023
271.3303
272.6953
273.9633
275.5021
276.7636
277.8859
279.1171
280.3872
281.5047
282.753
284.2559
285.6848
286.7151
287.9159
289.0227
290.3472
291.7226
292.9647
294.2203
295.5049
296.6254
297.9431
299.0713
300.5158
301.9169
303.2815
304.6133
305.7726
307.0817
308.2413
309.7142
310.9572
312.1081
313.4209
314.8548
316.1985
317.4936
318.7675
320.0008
321.4494
322.8445
324.3518
325.5497
326.8586
328.3643
329.8891
331.2545
332.548
333.9259
335.1244
336.6471
338.1437
339.5416
340.8534
342.2804
343.4959
345.0485
346.5096
347.8432
349.3876
350.9467
352.7306
354.2562
355.5199
356.9618
358.501
359.9012
361.6162
363.2069
364.5523
365.9042
367.4873
368.7305
370.072
371.4119
372.9156
374.4506
376.1584
377.4768
378.9539
380.6594
382.2573
383.8844
385.2691
386.6992
388.2672
389.7697
391.1697
392.6337
394.0503
395.5168
397.0636
398.6253
400.2454
401.783
403.1631
404.2652
405.6802
407.2874
408.8822
410.8803
412.1527
413.6042
415.136
416.8344
