1.0
1.0
0.9776
0.9552
0.9386
0.9214
0.9045
0.8863
0.8654
0.8461
0.8273
0.8115
0.7962
0.782
0.7649
0.7508
0.7365
0.7209
0.7053
0.6922
0.6769
0.6631
0.6511
0.6373
0.625
0.6131
0.603
0.5909
0.5785
0.5673
0.5558
0.5463
0.5374
0.5302
0.5217
0.5123
0.5052
0.4949
0.4853
0.4766
0.4674
0.4592
0.4531
0.4451
0.4394
0.4312
0.4225
0.4159
0.41
0.4045
0.4001
0.3946
0.3888
0.3799
0.3736
0.3658
0.3618
0.3574
0.3525
0.3489
0.3445
0.3413
0.3375
0.3336
0.3286
0.3245
0.3234
0.3211
0.3168
0.3152
0.313
0.3097
0.3094
0.3076
0.3055
0.3039
0.3024
0.3015
0.2991
0.2957
0.2947
0.291
0.2882
0.2864
0.2846
0.2834
0.2819
0.2818
0.2815
0.2809
0.2768
0.2763
0.274
0.2723
0.2689
0.2682
0.2673
0.268
0.2656
0.2655
0.2655
0.2635
0.264
0.2628
0.2623
0.2619
0.2618
0.262
0.2627
0.2618
0.26
0.26
0.2576
0.2567
0.257
0.2561
0.2546
0.2534
0.2532
0.2517
0.2509
0.2511
0.2507
0.2487
0.2472
0.2464
0.244
0.2416
0.2414
0.2415
0.2402
0.2387
0.2394
0.24
0.2401
0.2399
0.2391
0.2376
0.2376
0.2357
0.2336
0.2346
0.2338
0.2348
0.2357
0.2349
0.2361
0.2371
0.2379
0.2354
0.2346
0.2354
0.235
0.2357
0.236
0.2359
0.237
0.2363
0.2371
0.2375
0.2378
0.2387
0.2361
0.2377
0.2367
0.2365
0.2367
0.2364
0.2364
0.2365
0.2372
0.2374
0.2365
0.2377
0.2391
0.241
0.2405
0.2407
0.2419
0.2436
0.2437
0.242
0.2443
0.2448
0.2435
0.2424
0.2416
0.2412
0.2409
0.2428
0.2393
0.2399
0.2392
0.2395
0.238
0.2388
0.2405
0.2408
0.2413
0.2425
