343.0
343.0
344.9086
346.0299
347.3195
348.6064
349.9023
351.5915
352.608
354.31
355.8161
357.1867
358.8505
360.3782
361.0792
362.677
364.4015
366.1546
368.0648
369.9686
371.8464
372.9845
374.7571
375.8265
377.493
378.578
379.9131
381.9886
383.2919
384.6945
385.8706
387.3928
389.0965
390.3581
391.4439
392.7242
394.4281
395.782
397.2949
398.7856
400.0216
401.6996
403.2703
405.1612
406.7883
408.8244
409.5061
411.1496
413.1601
414.618
416.4139
417.4768
418.7319
420.063
422.0363
423.875
424.5791
426.0057
427.7616
428.7968
430.7338
432.1707
433.9897
435.2838
435.7929
437.8786
438.3064
440.1109
440.8096
442.3039
443.1714
444.2664
445.6092
446.3948
448.0161
449.2194
450.0513
450.9188
452.0119
453.0047
454.0306
454.9361
455.4843
457.1205
458.3408
459.598
460.7601
461.8767
462.4007
462.7521
463.6397
464.0188
464.5066
465.6696
466.4036
467.5296
468.2035
469.5607
470.6668
471.5672
471.9544
473.0833
473.9664
474.3787
475.166
475.8095
476.755
477.3512
478.2582
478.8335
479.3861
479.1012
479.5951
479.6743
480.088
480.9035
481.862
482.7811
483.0254
483.6459
484.6777
485.6182
486.6731
487.4608
488.7535
489.8919
490.4808
491.1408
491.9466
492.4462
493.3769
493.5767
494.3884
495.029
495.7997
496.6629
498.2994
499.4577
499.1464
500.228
500.7707
501.1875
501.867
501.5672
502.8442
502.7413
502.5839
503.573
503.6056
503.4641
503.4384
503.9938
504.1467
504.9977
505.1388
505.4459
505.4685
505.8492
505.895
505.9697
506.0557
505.8459
505.7469
505.6296
505.0416
504.8347
504.7113
504.7854
505.1353
506.0133
506.8804
507.0449
506.9018
507.2503
507.5748
507.6702
507.742
508.2503
508.209
508.4521
508.9791
508.6054
508.7592
508.685
509.2284
507.9769
509.0279
508.4105
508.8109
509.3069
509.0012
508.3148
508.3173
508.1948
508.132
507.8177
507.8378
508.6869
509.3766
509.8785
