225.0
225.0
224.751
224.5165
224.2447
223.9959
223.7048
223.5177
223.2699
222.962
222.662
222.392
222.1527
221.9223
221.6946
221.4646
221.2141
220.9837
220.782
220.5281
220.2682
219.9839
219.7802
219.5174
219.2983
219.0305
218.7312
218.4711
218.2271
217.9612
217.7052
217.4482
217.2179
217.0232
216.7832
216.5116
216.2819
216.0016
215.7926
215.5036
215.2426
214.9534
214.7352
214.5009
214.3108
214.0877
213.8386
213.6052
213.3317
213.0717
212.8071
212.5612
212.3424
212.0361
211.8368
211.5847
211.3897
211.1408
210.9427
210.7112
210.475
210.2773
210.1174
209.9189
209.731
209.5153
209.3698
209.204
209.014
208.8375
208.6711
208.4935
208.3833
208.2657
208.1123
207.9652
207.7822
207.6537
207.48
207.3677
207.1791
207.0255
206.8815
206.7609
206.6262
206.5107
206.3737
206.2413
206.0802
205.9598
205.8683
205.7186
205.5702
205.4004
205.23
205.0866
204.9137
204.7709
204.6481
204.5015
204.3964
204.2487
204.1097
203.9479
203.8072
203.6611
203.5332
203.3893
203.2395
203.1227
202.9382
202.7793
202.6956
202.5831
202.4432
202.292
202.1647
202.0332
201.9134
201.7701
201.6146
201.4972
201.3917
201.2556
201.0742
200.935
200.7907
200.6369
200.4926
200.2924
200.1063
199.8637
199.6534
199.381
199.1164
198.8198
198.5303
198.1743
197.8548
197.4605
197.076
196.7191
196.3928
196.0193
195.6578
195.2394
194.8209
194.3563
193.9274
193.4691
193.0147
192.5555
192.1202
191.6149
191.1697
190.6879
190.2128
189.7203
189.2248
188.7249
188.1892
187.7847
187.2753
186.7809
186.2873
185.7902
185.2145
184.7531
184.2918
183.7355
183.2104
182.668
182.1604
181.5785
181.071
180.5295
180.0204
179.4496
178.8945
178.311
177.7937
177.2167
176.6548
176.1889
175.6703
175.127
174.4986
173.9087
173.3497
172.7469
172.1594
171.6075
171.0436
170.5561
170.0636
169.4947
168.9908
168.4933
167.9939
167.4456
