144.0
144.0
142.0441
140.1129
138.2939
136.3245
134.5365
132.7033
130.8084
128.9641
127.2327
125.4932
123.8076
122.0106
120.2281
118.5325
116.9037
115.3924
113.7416
112.0526
110.414
108.7458
107.0654
105.506
103.857
102.1994
100.6627
99.0205
97.5309
96.0192
94.5516
93.0554
91.5322
90.108
88.6866
87.1689
85.7605
84.4101
83.0315
81.661
80.2256
78.8665
77.5751
76.2717
74.959
73.6447
72.4104
71.0904
69.8574
68.6374
67.3828
66.1725
64.9421
63.7815
62.597
61.5531
60.4429
59.4265
58.4472
57.4199
56.432
55.5016
54.5132
53.5735
52.6176
51.8207
51.0554
50.2297
49.3566
48.5968
47.7977
47.0061
46.2599
45.5448
44.8609
44.1505
43.4047
42.7034
42.0345
41.3241
40.6483
40.0353
39.4133
38.7642
38.1549
37.5634
36.9568
36.287
35.6764
35.0503
34.5304
33.99
33.4666
32.9111
32.3413
31.767
31.2674
30.6851
30.1808
29.6594
29.1167
28.6008
28.103
27.614
27.1519
26.6324
26.1856
25.7318
25.2634
24.7977
24.3605
23.8976
23.4388
23.0235
22.6173
22.2077
21.7877
21.3867
20.9574
20.5622
20.2062
19.8153
19.4595
19.1046
18.7511
18.4038
18.0439
17.6873
17.3218
16.9664
16.6352
16.3572
16.0996
15.8119
15.5415
15.2357
14.9359
14.6858
14.4047
14.1836
13.9303
13.68
13.4271
13.2004
12.9708
12.756
12.4911
12.2702
12.0539
11.8427
11.6417
11.4457
11.2388
11.017
10.821
10.6605
10.4925
10.3103
10.1546
9.9726
9.8044
9.6333
9.473
9.3091
9.1471
8.9754
8.8247
8.6754
8.5226
8.3926
8.2446
8.1015
7.9598
7.8175
7.6601
7.5419
7.4267
7.2765
7.1417
7.0167
6.8924
6.7771
6.6639
6.5445
6.4301
6.3275
6.1955
6.0718
5.9621
5.8636
5.7558
5.6502
5.5437
5.4621
5.3534
5.2642
5.1775
5.067
4.9679
4.8796
