1728.0
1728.0
1694.7511
1662.0453
1631.5145
1598.6053
1568.9921
1538.8799
1508.0798
1478.2703
1450.2643
1422.5314
1395.6428
1367.3306
1339.4443
1313.2687
1288.2753
1264.9304
1240.0082
1214.3412
1189.7382
1164.7046
1139.7868
1116.6876
1092.6694
1068.5992
1046.6975
1023.0977
1001.7401
980.5542
960.3534
939.7512
918.6644
899.3378
879.9476
859.5707
840.6535
822.8325
804.6619
786.7704
767.8896
750.3275
733.7929
717.4645
701.1886
685.0157
669.6956
653.5714
638.3544
623.6906
608.914
594.7353
580.4413
566.6289
552.6852
540.8073
527.8661
516.0613
504.9734
493.3109
481.9148
471.5668
460.55
450.1457
439.6618
431.0809
423.0142
414.2117
404.8376
397.0856
388.5851
380.2069
372.3595
365.2126
358.4639
351.2671
343.5969
336.5342
329.9135
322.9223
315.9983
310.1537
304.2387
298.0096
292.2757
286.7236
281.0526
274.7154
268.981
263.1263
258.3286
253.3688
248.6166
243.6989
238.3775
233.2082
228.56
223.3245
218.7716
214.119
209.3277
204.7664
200.4346
196.1374
192.2219
187.5874
183.9108
180.0712
176.0918
172.2411
168.6413
164.6204
160.9402
157.6283
154.2877
150.8577
147.4299
144.2445
140.7714
137.675
134.8806
131.6305
128.8671
126.199
123.5429
120.797
117.9845
115.1325
112.3146
109.4656
107.0096
105.022
103.1656
100.9915
98.9683
96.7135
94.4293
92.6646
90.5851
89.0942
87.3193
85.574
83.7051
82.123
80.4472
78.9614
76.8773
75.3506
73.6721
72.1241
70.6995
69.2727
67.8982
66.29
64.9338
63.8515
62.8195
61.5585
60.5124
59.2486
58.1582
57.0589
55.9586
54.8143
53.6785
52.4894
51.3815
50.3508
49.2584
48.5064
47.5324
46.5357
45.712
44.8265
43.7475
43.0109
42.2707
41.3421
40.4249
39.6087
38.8958
38.1295
37.4533
36.6465
35.9631
35.3487
34.4915
33.746
33.1009
32.5482
31.8842
31.2344
30.5729
30.0553
29.4006
28.9056
28.3841
27.6778
27.0561
26.4786
