14.0
14.0
13.953200000000002
13.898100000000023
13.8355
13.778299999999989
13.727900000000012
13.673200000000017
13.618899999999996
13.567000000000018
13.509399999999998
13.45319999999998
13.403400000000023
13.353300000000015
13.293099999999997
13.240699999999965
13.1901
13.140299999999964
13.092900000000038
13.04000000000001
12.982599999999996
12.926199999999973
12.872300000000022
12.818300000000026
12.760900000000039
12.70619999999999
12.65259999999999
12.602899999999995
12.54039999999998
12.485199999999969
12.424200000000004
12.368900000000027
12.314499999999974
12.248099999999967
12.186000000000023
12.128699999999977
12.070399999999973
12.022400000000006
11.969199999999985
11.911800000000046
11.861600000000003
11.80810000000003
11.755500000000001
11.698400000000031
11.639799999999985
11.58440000000003
11.528799999999986
11.474600000000036
11.420799999999998
11.370900000000024
11.3183
11.256000000000013
11.193499999999979
11.148900000000022
11.088199999999969
11.029000000000016
10.977400000000008
10.92219999999997
10.869399999999985
10.823400000000023
10.775799999999995
10.725999999999962
10.67509999999998
10.630199999999993
10.580199999999966
10.531799999999977
10.483000000000018
10.431400000000018
10.387200000000004
10.339500000000005
10.289100000000017
10.247199999999987
10.200999999999965
10.15170000000001
10.094600000000078
10.042700000000007
9.99449999999996
9.944300000000018
9.894600000000011
9.845399999999984
9.799299999999995
9.758600000000023
9.708400000000065
9.665599999999998
9.621199999999973
9.573200000000044
9.528000000000015
9.480100000000018
9.427200000000015
9.374299999999991
9.329999999999979
9.27969999999998
9.235799999999957
9.188499999999976
9.140199999999954
9.095
9.046899999999976
9.000399999999962
8.955600000000008
8.910100000000002
8.859399999999987
8.804299999999973
8.756599999999993
8.708499999999994
8.65850000000002
8.615299999999975
8.569700000000052
8.521700000000042
8.475700000000005
8.428900000000027
8.385299999999981
8.3303
8.284200000000013
8.238200000000017
8.19279999999996
8.142900000000024
8.095799999999972
8.054999999999984
8.006200000000046
7.961599999999991
7.9170000000000025
7.8706999999999985
7.8221
7.7735
7.7281999999999975
7.6836
7.640000000000003
7.596399999999997
7.5512
7.510300000000004
7.4687
7.420399999999998
7.376799999999997
7.3234999999999975
7.277800000000002
7.229199999999994
7.182200000000003
7.134200000000002
7.089100000000009
7.042400000000003
6.9974000000000025
6.9501
6.9044000000000025
6.859400000000007
6.811700000000005
6.768799999999997
6.721100000000011
6.6751
6.62830000000001
6.584899999999996
6.54699999999999
6.512200000000001
6.467300000000015
6.428299999999977
6.384100000000011
6.338900000000003
6.293800000000005
6.2465
6.205700000000001
6.167999999999994
6.125099999999995
6.081000000000019
6.028999999999992
5.9828000000000054
5.93680000000001
5.894800000000002
5.857399999999996
5.811700000000005
5.766700000000005
5.733199999999994
5.69410000000001
5.656300000000005
5.608199999999999
5.567300000000005
5.524499999999995
5.4867
5.449999999999992
5.4138
5.369800000000027
5.328400000000004
5.297199999999993
5.255900000000001
5.21549999999999
5.174799999999992
5.135400000000024
5.095999999999978
5.0546
5.01930000000001
4.988100000000006
4.953600000000002
4.923099999999989
4.886300000000009
4.8557000000000015
4.822599999999991
4.786699999999991
4.749300000000015
4.713399999999992
4.674099999999981
4.642299999999996
4.603900000000029
