27.0
27.0
8.2885
2.4491
0.8051
0.3017
0.1295
0.0943
0.0735
0.0652
0.0618
0.0592
0.061
0.0748
0.0638
0.0541
0.0501
0.0506
0.059
0.0537
0.0522
0.0554
0.0556
0.0572
0.0567
0.0601
0.0463
0.0455
0.0491
0.0485
0.0419
0.0455
0.046
0.0465
0.0511
0.0514
0.0511
0.043
0.0436
0.0392
0.0447
0.048
0.0391
0.0443
0.0438
0.0392
0.0503
0.0484
0.0491
0.0426
0.042
0.0413
0.0418
0.0416
0.0589
0.0682
0.0708
0.0694
0.0681
0.0742
0.0661
0.0674
0.0685
0.064
0.068
0.0659
0.0577
0.0543
0.0529
0.0532
0.0599
0.051
0.0486
0.0476
0.0505
0.0489
0.0493
0.0548
0.0513
0.0518
0.0563
0.0556
0.0501
0.0503
0.0495
0.0541
0.0468
0.0423
0.04
0.0428
0.0504
0.0548
0.054
0.0428
0.0458
0.0429
0.0361
0.0432
0.0416
0.0452
0.0404
0.0435
0.0432
0.0427
0.0466
0.0493
0.0476
0.0447
0.0392
0.0418
0.0406
0.0424
0.0428
0.0422
0.0495
0.0457
0.0523
0.0491
0.0452
0.046
0.0449
0.0453
0.047
0.0478
0.0459
0.0424
0.0412
0.048
0.0456
0.0544
0.0581
0.0597
0.0608
0.0636
0.0595
0.0611
0.0626
0.0636
0.062
0.0641
0.0623
0.0637
0.0701
0.07
0.0689
0.0674
0.0668
0.0596
0.0619
0.0661
0.0728
0.0683
0.0698
0.0634
0.0597
0.0538
0.06
0.0581
0.0595
0.0569
0.0639
0.0649
0.0632
0.0676
0.0687
0.0638
0.0558
0.061
0.0595
0.0514
0.0576
0.0629
0.058
0.0556
0.054
0.0562
0.0583
0.0634
0.0646
0.0581
0.0571
0.0621
0.0624
0.0662
0.07
0.0664
0.0629
0.064
0.0651
0.0578
0.0586
0.0594
0.0612
0.06
0.059
0.061
0.0609
0.0664
0.061
0.0578
