27.0
27.0
26.9672
27.058
27.0918
27.0537
27.0373
27.0513
27.0564
27.2212
27.1792
27.3265
27.2884
27.2849
27.3116
27.3861
27.4935
27.5248
27.5098
27.5791
27.5307
27.5214
27.6196
27.7355
27.8929
27.8805
27.9283
28.0827
28.074
28.1488
28.2431
28.2799
28.3055
28.3604
28.439
28.4573
28.5163
28.4845
28.6048
28.6595
28.7441
28.692
28.726
28.7849
28.7945
28.7489
28.9373
28.991
29.0386
29.1399
29.2314
29.3578
29.2602
29.3976
29.4455
29.5071
29.5442
29.5857
29.5866
29.7177
29.8315
29.9433
30.0883
30.2185
30.2853
30.2982
30.4138
30.356
30.4162
30.4801
30.5748
30.6505
30.7085
30.7224
30.786
30.9549
30.8814
30.9327
31.0484
31.2397
31.3704
31.4437
31.5004
31.5916
31.6075
31.6523
31.7525
31.7527
31.7839
31.9665
32.1947
32.1409
32.3354
32.5392
32.5414
32.6123
32.6388
32.6592
32.8286
32.9255
33.1631
33.1954
33.2594
33.4234
33.481
33.5704
33.6133
33.6664
33.7295
33.8155
33.9154
33.9411
33.9004
34.0533
34.191
34.271
34.2658
34.282
34.366
34.4436
34.3796
34.5839
34.7501
34.9548
35.0863
35.1375
35.2027
35.3255
35.3371
35.4265
35.4679
35.5386
35.6654
35.7579
35.8368
35.8357
36.0341
36.0007
36.2131
36.2299
36.2146
36.2944
36.3609
36.4255
36.4225
36.5453
36.5879
36.7492
36.7827
36.8495
36.9965
37.0782
37.0082
37.0508
36.9796
37.1925
37.4366
37.6433
37.8411
37.9891
38.0373
38.0856
38.1315
38.2184
38.2631
38.4029
38.4588
38.4801
38.573
38.6699
38.7927
38.8716
38.9832
39.1454
38.9734
39.022
39.0708
39.0596
39.1174
39.025
38.938
39.1314
39.3064
39.2072
39.2632
39.3684
39.3071
39.3226
39.3163
39.3765
39.396
39.4031
39.5484
39.5316
39.7095
39.6446
39.6889
39.6939
39.6845
39.7268
