6859.0
6859.0
6728.8827
6607.4294
6479.6389
6370.7228
6265.0539
6151.9799
6045.3073
5945.6209
5843.8142
5736.3526
5633.9981
5534.6591
5432.1437
5331.9656
5232.2597
5130.485
5027.108
4940.604
4850.4229
4763.6733
4677.2388
4593.0398
4503.15
4418.1647
4337.6497
4261.5525
4182.3435
4106.8816
4024.0195
3938.5254
3856.0128
3778.0845
3702.5804
3630.3539
3562.7028
3498.9514
3432.6496
3367.684
3294.6797
3223.0058
3156.8891
3097.4112
3036.3907
2973.8686
2910.2703
2848.6194
2791.8928
2730.1119
2673.6222
2622.6763
2572.7673
2520.7679
2475.7571
2435.8694
2400.7122
2364.2533
2323.463
2294.5649
2264.3561
2231.1159
2203.1571
2174.4256
2150.4162
2126.5897
2100.2963
2075.1464
2045.0108
2020.9733
1998.7148
1975.1352
1953.7263
1928.8908
1902.5102
1877.237
1853.5688
1828.5017
1803.5241
1779.1642
1759.4254
1732.218
1710.366
1686.1795
1663.3791
1643.4057
1626.2413
1603.5835
1583.1732
1564.772
1545.1937
1526.3155
1508.0811
1486.2274
1468.7548
1451.028
1433.6979
1413.8082
1394.3795
1374.2904
1357.3252
1339.4474
1324.4737
1307.6365
1289.6509
1271.4452
1255.2365
1237.9982
1221.6209
1202.8553
1187.4696
1173.3715
1157.9523
1146.5287
1133.2107
1123.7697
1109.3602
1094.8784
1080.6446
1066.6372
1053.5671
1041.288
1027.3909
1012.9123
998.9599
987.1802
974.8391
959.8288
948.4747
941.8309
935.2845
929.8783
925.4981
922.5688
921.1065
917.7386
915.6102
914.5169
911.3377
906.9477
905.9867
904.2581
900.6691
901.7335
901.3876
899.0002
900.4365
898.0777
896.3943
896.076
896.9216
896.9381
897.5514
894.8952
894.2788
893.145
891.8485
891.1759
890.7563
891.5277
890.9986
890.4453
891.3418
887.108
887.5183
885.1237
881.6176
878.9193
879.6341
878.4979
879.8525
879.4594
879.6391
877.8083
877.0212
878.133
881.7889
880.9679
879.2838
878.5911
876.9144
876.2165
876.9147
876.9482
874.3397
871.4287
869.6141
871.5679
873.0048
874.3457
874.112
872.8864
869.8628
868.7632
869.5441
869.1245
867.5041
867.937
867.2041
866.9332
