32.0
32.0
31.9912
31.9806
31.9737
31.9688
31.9642
31.9586
31.9475
31.942
31.9348
31.9255
31.9201
31.9114
31.9029
31.8945
31.8833
31.8757
31.8669
31.8586
31.847
31.8376
31.8297
31.821
31.815
31.8054
31.7951
31.788
31.7778
31.7698
31.7619
31.7536
31.7492
31.741
31.7324
31.7242
31.7153
31.7058
31.6986
31.6884
31.6802
31.6734
31.6632
31.6556
31.6485
31.6416
31.6346
31.6265
31.6186
31.6099
31.6006
31.5907
31.5846
31.5754
31.564500000000006
31.5561
31.5461
31.5348
31.5253
31.5161
31.5061
31.4947
31.4841
31.4752
31.4632
31.4511
31.437200000000004
31.4276
31.4151
31.4033
31.3903
31.3776
31.3664
31.3538
31.3404
31.3284
31.3175
31.3046
31.290499999999994
31.2758
31.2657
31.251000000000005
31.2394
31.227
31.2117
31.1989
31.185499999999994
31.1723
31.1597
31.146599999999996
31.130300000000005
31.116
31.1029
31.09170000000001
31.075699999999987
31.0602
31.0474
31.032899999999994
31.0179
31.0018
30.987
30.974200000000007
30.959
30.9444
30.9296
30.9161
30.901200000000017
30.886699999999994
30.87040000000001
30.853899999999996
30.838699999999996
30.823799999999995
30.80670000000001
30.792799999999982
30.77870000000001
30.763800000000007
30.750000000000018
30.730800000000006
30.7156
30.698699999999988
30.6852
30.671199999999995
30.65520000000001
30.6405
30.622900000000012
30.60350000000001
30.590100000000007
30.57730000000001
30.561699999999988
30.547899999999988
30.533699999999993
30.521600000000007
30.5085
30.499400000000012
30.48500000000001
30.4703
30.456800000000012
30.44330000000001
30.4336
30.427400000000024
30.41440000000001
30.4059
30.39650000000001
30.386500000000012
30.37790000000001
30.3698
30.36420000000002
30.3563
30.349800000000005
30.34269999999999
30.3386
30.3316
30.3274
30.320499999999996
30.3142
30.3079
30.3045
30.2991
30.295599999999993
30.2917
30.2885
30.286199999999994
30.2831
30.281400000000005
30.278599999999976
30.273999999999987
30.268600000000024
30.26249999999999
30.260199999999983
30.25890000000001
30.25749999999999
30.2518
30.25140000000001
30.2524
30.2508
30.249199999999988
30.2436
30.24200000000002
30.24390000000001
30.2436
30.242900000000013
30.244599999999995
30.2409
30.239599999999978
30.2386
30.2352
30.232700000000012
30.232199999999978
30.231100000000012
30.229700000000005
30.22670000000001
30.2257
30.22370000000001
30.223400000000012
30.22249999999999
30.220099999999988
30.218199999999996
30.217799999999993
30.216799999999996
30.216400000000007
