12167.0
12167.0
12172.5631
12181.9248
12185.1381
12196.6817
12200.4895
12210.7903
12222.3501
12227.563
12235.8393
12242.8668
12251.834
12262.1899
12274.007
12280.9786
12287.2554
12297.5004
12303.6644
12315.3254
12321.6875
12329.2121
12338.8407
12349.2647
12360.7623
12368.5173
12371.0862
12381.6545
12386.7617
12392.3061
12397.3099
12408.5672
12404.2231
12409.7297
12419.6892
12423.3112
12428.7247
12437.7892
12442.4611
12454.0091
12463.0509
12475.9219
12483.9503
12488.9616
12490.775
12498.1267
12503.555
12513.2861
12517.6795
12523.9555
12534.7785
12538.1716
12546.5532
12554.2848
12554.5315
12565.6971
12569.232
12573.1299
12581.8837
12591.0569
12594.9745
12605.8243
12601.4953
12603.528
12615.909
12617.2063
12622.0352
12625.4883
12630.9458
12633.2852
12638.5087
12642.5942
12643.8091
12650.8456
12654.3433
12656.5976
12659.9481
12659.1923
12658.8373
12663.1518
12669.2033
12673.3561
12680.845
12679.2338
12674.5901
12677.8637
12680.1494
12681.3223
12686.4436
12690.3975
12695.2885
12696.7994
12706.3338
12703.3634
12707.4894
12712.2314
12711.7655
12712.7532
12718.2564
12722.8952
12727.1346
12726.7238
12723.3531
12722.3043
12729.1935
12731.98
12735.4506
12743.6566
12745.6255
12750.4912
12753.4579
12754.1643
12759.8207
12760.8429
12764.5615
12772.1412
12771.2498
12772.0746
12769.9304
12768.0914
12770.889
12771.2621
12776.7383
12780.9437
12780.814
12781.255
12785.6727
12787.9874
12791.004
12800.8549
12804.1939
12805.8938
12812.5692
12813.3738
12819.694
12823.5159
12827.0114
12833.992
12832.994
12837.4144
12844.6992
12851.9834
12853.0815
12850.115
12854.1678
12857.5176
12868.8392
12873.7681
12880.4086
12880.5117
12884.4081
12888.642
12901.2145
12910.1122
12920.4358
12931.1439
12938.6058
12943.5147
12949.2538
12955.9428
12961.7259
12958.471
12965.734
12970.9893
12983.1387
12983.255
12993.4114
12996.5625
13006.0275
13014.2456
13027.2784
13031.6801
13035.4601
13041.8371
13049.6074
13058.9573
13072.9499
13081.2885
13084.825
13087.1894
13094.9555
13106.8011
13111.5894
13122.303
13127.4803
13133.6268
13144.1418
13151.8157
13160.2852
13159.6377
13159.045
13166.3221
13165.2703
13170.6413
13175.4289
13177.839
13189.512
13199.2605
13211.2763
13213.6537
