0.0
0.0
0.0025000000000000105
0.0037999999999999965
0.006599999999999977
0.007399999999999999
0.008699999999999986
0.010799999999999966
0.012600000000000007
0.014100000000000005
0.016399999999999977
0.01839999999999997
0.01939999999999999
0.02139999999999998
0.023000000000000007
0.024699999999999955
0.02689999999999999
0.028699999999999976
0.03140000000000005
0.033699999999999786
0.035500000000000025
0.036800000000000284
0.03850000000000005
0.03940000000000009
0.04220000000000012
0.043900000000000015
0.044699999999999934
0.04570000000000005
0.0475000000000001
0.04970000000000023
0.052199999999999976
0.0537
0.05600000000000002
0.0568
0.0588
0.060000000000000026
0.062100000000000204
0.06460000000000017
0.0660999999999998
0.06780000000000001
0.06870000000000034
0.07029999999999997
0.07160000000000011
0.07279999999999988
0.0738999999999998
0.0749999999999999
0.07659999999999952
0.0791000000000001
0.07960000000000009
0.0808999999999996
0.0826000000000005
0.08480000000000028
0.0860999999999998
0.0869
0.08749999999999991
0.08900000000000016
0.08960000000000007
0.09099999999999982
0.09270000000000034
0.09490000000000003
0.0966
0.09900000000000013
0.10100000000000024
0.10289999999999995
0.10489999999999991
0.10659999999999996
0.10830000000000005
0.1098
0.111
0.11250000000000004
0.11380000000000004
0.11620000000000004
0.11739999999999995
0.11939999999999994
0.1212
0.122
0.12340000000000007
0.12639999999999998
0.12999999999999953
0.13170000000000057
0.1332000000000004
0.13429999999999986
0.1367
0.13870000000000027
0.1419000000000007
0.14470000000000047
0.14840000000000012
0.15110000000000062
0.15290000000000015
0.15679999999999963
0.1594999999999996
0.16230000000000014
0.1639999999999999
0.16550000000000004
0.16710000000000044
0.17129999999999992
0.1743
0.17810000000000029
0.18050000000000038
0.1835999999999999
0.18640000000000032
0.1886
0.19069999999999976
0.19400000000000056
0.19680000000000036
0.2015000000000005
0.20450000000000024
0.20679999999999973
0.21090000000000036
0.21379999999999963
0.21689999999999973
0.2222
0.2257999999999997
0.23009999999999972
0.23360000000000009
0.2375
0.24110000000000004
0.2433
0.2469000000000001
0.2497
0.2515999999999997
0.2543000000000005
0.2582999999999993
0.26319999999999943
0.2672999999999995
0.2715000000000008
0.2750000000000017
0.27720000000000183
0.2810999999999996
0.28439999999999954
0.2865000000000005
0.29050000000000153
0.2935999999999991
0.29609999999999936
0.29940000000000033
0.3038999999999997
0.3068000000000011
0.3092999999999989
0.31229999999999897
0.31609999999999927
0.32090000000000113
0.32639999999999986
0.3307999999999993
0.3358000000000012
0.3389000000000007
0.3417000000000006
0.3450000000000012
0.34899999999999975
0.35289999999999944
0.3557999999999995
0.3605000000000006
0.3641000000000001
0.3676999999999995
0.3716000000000002
0.37579999999999925
0.37930000000000025
0.38219999999999954
0.38630000000000086
0.38860000000000094
0.3907000000000002
0.3920999999999993
0.3964999999999992
0.3993999999999998
0.4038999999999995
0.40870000000000023
0.41289999999999927
0.4156999999999998
0.4190000000000002
0.4221999999999993
0.42660000000000137
0.4291999999999998
0.43200000000000055
0.4352999999999993
0.43830000000000047
0.44160000000000027
0.4441999999999998
0.4484
0.4513
0.45500000000000035
0.45779999999999965
0.4615
0.46300000000000047
0.46580000000000027
0.4690999999999998
0.4722
0.4753
0.4778
0.4798
0.4828000000000001
0.4872000000000001
0.4891000000000002
0.49150000000000066
0.4944000000000003
0.49749999999999955
0.4998999999999993
0.501899999999998
0.5041000000000014
0.506199999999999
0.5087000000000036
0.5113999999999994
