11.0
11.0
10.959400000000016
10.919799999999992
10.880899999999984
10.84379999999998
10.802999999999976
10.763099999999975
10.720599999999992
10.683699999999966
10.649899999999967
10.614699999999983
10.581700000000005
10.54220000000008
10.499100000000045
10.465799999999993
10.42550000000007
10.386600000000003
10.35350000000003
10.316600000000017
10.280500000000012
10.242999999999977
10.204600000000047
10.165800000000024
10.129699999999987
10.091399999999984
10.047700000000019
10.006399999999998
9.96779999999997
9.930800000000005
9.896099999999969
9.857500000000005
9.821600000000066
9.784800000000041
9.74660000000004
9.711400000000026
9.673600000000018
9.636199999999993
9.599299999999964
9.565499999999984
9.532399999999955
9.497900000000019
9.463200000000018
9.42750000000002
9.384799999999988
9.346500000000002
9.309699999999975
9.274399999999998
9.238900000000028
9.206699999999962
9.171900000000031
9.133800000000006
9.100900000000031
9.06109999999997
9.024200000000036
8.984000000000002
8.948400000000042
8.916799999999995
8.87829999999997
8.8449
8.810500000000026
8.77839999999999
8.741900000000008
8.70809999999999
8.678299999999956
8.645499999999991
8.614699999999974
8.581500000000027
8.548600000000034
8.519099999999947
8.49160000000002
8.460399999999987
8.431399999999982
8.39890000000006
8.36739999999997
8.337100000000037
8.302900000000001
8.26809999999999
8.23500000000004
8.201900000000006
8.171599999999968
8.141499999999985
8.109000000000005
8.076499999999974
8.047800000000027
8.011799999999928
7.977999999999999
7.9494
7.9182000000000015
7.8896
7.855
7.8263
7.7941
7.7625
7.729500000000002
7.699599999999996
7.6698999999999975
7.6385
7.6067
7.571300000000002
7.5404
7.506
7.472399999999997
7.4405000000000046
7.4102
7.378599999999997
7.3456000000000055
7.316800000000006
7.2885
7.255799999999997
7.226500000000003
7.195599999999997
7.165399999999997
7.1293000000000015
7.099599999999987
7.0697999999999945
7.03770000000001
7.007899999999997
6.973999999999996
6.943100000000003
6.908500000000003
6.879800000000003
6.848500000000003
6.819599999999987
6.791699999999984
6.759300000000006
6.726000000000009
6.695600000000004
6.663100000000012
6.6334000000000115
6.605300000000003
6.574499999999997
6.5418999999999965
6.508099999999979
6.477000000000008
6.442200000000001
6.403099999999992
6.370099999999987
6.337599999999985
6.3042999999999925
6.270500000000009
6.232500000000001
6.199300000000005
6.161999999999993
6.128500000000006
6.093399999999987
6.055699999999999
6.021699999999997
5.985199999999992
5.951800000000004
5.915500000000001
5.883999999999995
5.848200000000015
5.816200000000017
5.7812999999999946
5.744500000000003
5.710099999999984
5.674100000000019
5.6364
5.606799999999996
5.570400000000029
5.536899999999996
5.49630000000001
5.460200000000004
5.424400000000025
5.384500000000003
5.347499999999998
5.314099999999994
5.277999999999994
5.241800000000004
5.213000000000005
5.17919999999999
5.1459999999999795
5.113900000000015
5.0814
5.048800000000021
5.012400000000003
4.977899999999989
4.943300000000006
4.905699999999994
4.870900000000011
4.836300000000006
4.800499999999974
4.764600000000017
4.734399999999983
4.703100000000018
4.6694
4.634500000000005
4.599300000000002
4.5670000000000055
4.534600000000012
4.495999999999994
4.4620999999999835
4.4304000000000014
4.396699999999992
4.361199999999976
4.328700000000025
4.303999999999985
4.274799999999999
4.239200000000005
