289.0
289.0
283.7654
278.7998
273.7391
268.9046
263.9891
259.069
254.3502
249.8001
245.1185
240.2864
235.7308
231.0091
226.5737
222.3175
217.7954
213.3305
208.8328
204.568
200.2874
196.377
192.2935
188.151
184.1345
180.2105
176.1393
172.2642
168.5352
164.5409
160.513
156.7459
153.1314
149.632
146.2469
142.8233
139.3191
135.9001
132.4472
129.1931
126.0315
122.8638
119.7803
116.7641
113.5735
110.6182
107.7087
104.7326
101.8565
98.9378
96.3323
93.5823
90.944
88.1957
85.7933
83.7301
81.7638
79.8569
78.2569
76.7086
75.1264
73.6651
72.3156
70.9786
69.7304
68.5406
67.3217
66.1175
64.9831
63.826
62.8412
61.6801
60.5357
59.4495
58.5085
57.5017
56.5748
55.6757
54.813
53.8378
52.8901
51.9964
51.0295
50.1692
49.3914
48.4944
47.6376
46.8051
46.0525
45.2168
44.3559
43.5533
42.8528
42.0297
41.3046
40.4938
39.7292
39.0087
38.3194
37.5745
36.8661
36.1958
35.5292
34.8089
34.1996
33.5743
32.9651
32.3038
31.7068
31.063
30.3916
29.7634
29.1986
28.677
28.1056
27.4984
26.9802
26.4916
25.9361
25.413
24.9145
24.396
23.8751
23.3414
22.8287
22.2988
21.8562
21.3969
20.942
20.5167
20.0893
19.6983
19.2857
18.8734
18.4723
18.1171
17.7799
17.391
17.0504
16.7258
16.3877
16.0931
15.7965
15.4983
15.2094
14.9451
14.6863
14.4044
14.1879
13.9697
13.7252
13.451
13.227
12.9551
12.7038
12.4647
12.2092
11.9787
11.7528
11.5212
11.3017
11.0618
10.8641
10.6357
10.4268
10.2582
10.0638
9.8475
9.6603
9.4958
9.3363
9.1559
8.971
8.8156
8.6057
8.4412
8.2551
8.0906
7.9357
7.8087
7.6412
7.4989
7.3354
7.2458
7.0949
6.9593
6.8323
6.726
6.6263
6.5093
6.4049
6.2733
6.1368
6.0273
5.9139
5.7693
5.6588
5.5637
5.4694
5.3558
