2197.0
2197.0
2210.5655
2224.6253
2237.6151
2251.4636
2268.6234
2281.8759
2297.9991
2314.2545
2330.3882
2343.9773
2361.5644
2381.0778
2392.1382
2402.8043
2415.7598
2430.153
2447.8103
2462.8268
2477.9807
2487.7664
2499.6916
2511.4662
2525.0809
2540.8997
2553.7484
2563.1375
2579.5843
2592.8593
2602.9625
2619.9885
2634.7498
2644.133
2655.8906
2671.4962
2684.1239
2697.729
2710.0943
2726.9505
2739.4994
2752.0518
2766.586
2777.7281
2790.4889
2802.6088
2816.6241
2827.3982
2840.414
2850.3086
2862.3177
2880.4714
2895.4287
2911.6393
2922.6354
2938.7844
2957.0331
2973.8005
2989.9163
3005.1516
3024.1373
3040.8258
3054.6216
3075.5122
3093.3827
3114.538
3133.0069
3148.9582
3166.2604
3185.5066
3203.523
3220.4723
3237.9099
3255.4995
3273.5037
3293.6919
3312.7492
3331.5088
3353.3045
3375.4698
3398.2343
3418.0978
3437.4811
3457.41
3477.0794
3490.4706
3512.3444
3527.3241
3546.1084
3561.1056
3583.7241
3602.8957
3625.0459
3645.1189
3659.781
3676.6444
3696.5396
3713.3973
3726.3548
3743.025
3765.8891
3785.4573
3806.0517
3826.9286
3844.0544
3859.84
3879.8064
3897.8238
3916.7784
3935.1706
3955.3482
3974.3983
3990.9235
4008.8222
4029.8186
4048.4756
4068.2166
4084.6477
4104.6354
4127.8398
4150.5745
4173.0619
4189.4967
4206.3783
4225.9963
4248.0585
4266.9421
4288.769
4306.973
4323.8205
4342.9501
4362.6526
4375.8553
4388.6213
4400.3084
4415.1154
4428.9485
4449.228
4461.0929
4475.1506
4483.7798
4504.4532
4515.5617
4525.7861
4535.6806
4546.1714
4558.5442
4574.2629
4583.9964
4591.9251
4608.7959
4615.8893
4625.327
4630.9753
4640.2255
4651.0808
4662.1014
4669.5206
4682.553
4698.8549
4712.8434
4721.5423
4734.9881
4739.9638
4747.2887
4757.4494
4766.537
4775.1398
4787.9448
4795.1294
4804.0301
4813.4942
4826.1848
4834.7603
4846.7727
4857.9902
4867.2482
4872.2651
4885.0484
4891.0964
4908.7367
4922.8614
4928.0248
4936.7992
4944.2558
4955.1309
4963.1012
4971.4523
4976.891
4987.5336
4994.162
5004.6271
5017.3912
5024.1647
5033.0983
5038.8962
5043.0604
5047.0196
5056.4872
5058.3157
