15.0
15.0
14.993400000000007
14.9866
14.9784
14.971299999999989
14.96429999999999
14.9577
14.9511
14.943000000000005
14.936399999999997
14.929700000000006
14.921899999999997
14.916700000000002
14.910000000000005
14.902800000000003
14.896899999999988
14.890999999999988
14.882499999999997
14.8765
14.869499999999995
14.863399999999995
14.856000000000005
14.849299999999994
14.8424
14.835599999999994
14.828399999999995
14.821799999999985
14.814100000000009
14.809299999999983
14.801199999999994
14.79340000000001
14.787900000000011
14.781400000000012
14.774500000000021
14.769300000000003
14.762299999999994
14.754700000000005
14.748299999999988
14.741799999999982
14.735799999999994
14.729
14.722499999999995
14.715500000000006
14.708600000000006
14.703400000000006
14.696400000000018
14.690300000000002
14.684199999999993
14.678500000000005
14.671000000000008
14.664199999999994
14.658100000000012
14.65220000000001
14.645499999999995
14.638899999999989
14.631300000000014
14.625000000000004
14.619
14.6127
14.607099999999994
14.601899999999993
14.5946
14.590600000000006
14.5832
14.578900000000017
14.573199999999995
14.567299999999982
14.560499999999989
14.553599999999982
14.5484
14.5436
14.537599999999994
14.532900000000014
14.525800000000018
14.518000000000011
14.512199999999982
14.505399999999996
14.499600000000015
14.495400000000012
14.490399999999994
14.485299999999992
14.479800000000003
14.47269999999998
14.466700000000017
14.458400000000006
14.452999999999994
14.4473
14.4414
14.435899999999991
14.428499999999985
14.422499999999994
14.416300000000005
14.4095
14.404000000000005
14.396700000000003
14.391699999999995
14.386000000000003
14.38
14.374800000000018
14.367799999999994
14.362299999999994
14.355499999999958
14.349299999999989
14.344600000000023
14.340200000000006
14.3327
14.327399999999994
14.32269999999999
14.3171
14.3095
14.3036
14.295900000000023
14.290299999999995
14.284299999999988
14.278499999999998
14.27190000000001
14.266700000000005
14.261300000000034
14.255000000000011
14.247900000000014
14.243900000000004
14.236499999999985
14.231100000000009
14.2248
14.218300000000017
14.2132
14.206100000000015
14.199999999999998
14.188899999999979
14.179099999999995
14.170599999999979
14.156499999999989
14.144399999999997
14.128499999999994
14.114900000000059
14.1015
14.085499999999982
14.070799999999991
14.050600000000008
14.032300000000012
14.012799999999988
13.996500000000006
13.9771
13.960399999999995
13.940700000000017
13.922800000000006
13.903899999999991
13.884600000000002
13.865499999999994
13.846399999999994
13.826699999999988
13.805799999999989
13.786099999999989
13.765800000000011
13.747300000000012
13.727099999999997
13.706500000000005
13.687099999999994
13.668399999999965
13.6495
13.630999999999982
13.609800000000005
13.587400000000033
13.567099999999986
13.547699999999994
13.525399999999966
13.503799999999977
13.484799999999995
13.465100000000012
13.446099999999982
13.427200000000024
13.405199999999985
13.385699999999986
13.366400000000025
13.346500000000006
13.326299999999977
13.306700000000006
13.285899999999977
13.2645
13.243500000000012
13.225399999999988
13.206499999999972
13.188899999999974
13.168100000000006
13.1477
13.127800000000011
13.106800000000009
13.085800000000015
13.06499999999997
13.045299999999989
13.022400000000008
13.001799999999992
12.9834
12.96709999999999
12.94940000000001
12.930100000000026
12.909899999999988
12.886500000000034
12.867299999999991
