4.0
4.0
3.8907
3.7867
3.6760999999999986
3.570499999999998
3.472
3.368599999999994
3.265700000000008
3.1555000000000053
3.050800000000006
2.939800000000001
2.8329999999999904
2.735899999999997
2.6301000000000023
2.535499999999991
2.443999999999999
2.3525999999999976
2.270399999999983
2.182600000000009
2.0899000000000107
2.0116999999999887
1.9327999999999992
1.8496000000000008
1.7814000000000008
1.7061000000000008
1.639899999999998
1.5730000000000017
1.5076000000000016
1.444600000000001
1.3824000000000056
1.320499999999999
1.2618000000000023
1.2111
1.1587999999999983
1.1045999999999963
1.0536000000000028
1.005499999999999
0.9643
0.9240000000000004
0.8836999999999998
0.8474000000000007
0.8102000000000011
0.7735000000000002
0.7395000000000004
0.7100999999999995
0.6843999999999986
0.658200000000002
0.6357000000000012
0.6116999999999997
0.5891000000000006
0.5682000000000003
0.5493000000000009
0.5302999999999987
0.5113999999999997
0.4989999999999996
0.4888000000000002
0.4833000000000001
0.4802
0.47890000000000016
0.47430000000000017
0.47490000000000027
0.47569999999999985
0.4755
0.4764
0.47990000000000027
0.4819999999999998
0.48639999999999983
0.49130000000000107
0.49599999999999966
0.5004999999999987
0.5044000000000028
0.5106000000000067
0.5165000000000024
0.5205000000000017
0.5271000000000022
0.5309000000000027
0.5357000000000005
0.538299999999999
0.5424000000000009
0.5465999999999963
0.5513999999999959
0.554599999999999
0.5609000000000017
0.5678000000000006
0.5742000000000027
0.5804000000000007
0.5834999999999991
0.5859999999999994
0.5915999999999993
0.595
0.5993000000000013
0.6031999999999973
0.610799999999998
0.6126999999999987
0.6191999999999978
0.6227999999999998
0.6258000000000006
0.6288999999999998
0.6325999999999997
0.6388999999999996
0.6428000000000008
0.645699999999999
0.6512000000000003
0.6580000000000011
0.6647000000000007
0.6660999999999996
0.6686999999999984
0.6765000000000008
0.6826999999999984
0.690400000000001
0.6964999999999985
0.6980999999999993
0.6994999999999989
0.7040999999999975
0.7089999999999979
0.7105999999999997
0.7114000000000008
0.7169000000000001
0.7213999999999994
0.7237000000000009
0.7274000000000008
0.729099999999999
0.7316999999999999
0.7351999999999984
0.7340999999999993
0.7371999999999999
0.7412000000000019
0.7434000000000005
0.7445000000000025
0.7436999999999998
0.7425000000000005
0.7414999999999994
0.7367999999999983
0.7353000000000008
0.7312999999999995
0.7285999999999996
0.7264999999999983
0.7194999999999996
0.714900000000001
0.7114999999999987
0.706999999999998
0.7041000000000004
0.7030000000000004
0.6989999999999997
0.6938000000000013
0.6853999999999996
0.6797000000000006
0.6734999999999994
0.6682000000000015
0.6606999999999994
0.6521000000000012
0.6415000000000003
0.6318999999999985
0.6232999999999982
0.6175999999999999
0.6132999999999988
0.6080999999999973
0.6027999999999998
0.5961
0.5894000000000028
0.5834999999999977
0.5761000000000014
0.5695999999999972
0.5640000000000017
0.5603
0.5537000000000025
0.5502000000000007
0.543099999999999
0.5391000000000007
0.5354999999999999
0.5312999999999977
0.5226000000000005
0.5195999999999995
0.5119000000000008
0.5092999999999998
0.5053000000000029
0.5043000000000009
0.5029000000000022
0.49759999999999954
0.4946000000000011
0.4923000000000009
0.48909999999999837
0.4899000000000011
0.48789999999999945
0.48420000000000035
0.4823000000000001
0.4784
0.4759
0.4705000000000002
0.46760000000000007
0.4635999999999999
0.4606999999999999
0.4568
0.4559
0.4535000000000002
0.45050000000000073
0.44819999999999965
0.4464
0.4449000000000002
