64.0
64.0
60.4629
57.3361
54.0263
51.1229
48.6334
46.0364
43.6811
41.1775
38.9662
36.5782
34.4194
32.6609
30.7287
29.2289
27.758
26.2176
24.9636
23.6332
22.3675
21.3791
20.2574
19.123
18.3504
17.2743
16.4611
15.5674
14.7796
14.0176
13.2888
12.5885
11.9262
11.3589
10.7936
10.1292
9.546
9.0791
8.6293
8.175
7.7399
7.406
6.959
6.5887
6.1803
5.7921
5.5126
5.2512
4.9587
4.6767
4.3865
4.2048
4.0005
3.8063
3.6296
3.496
3.4198
3.3831
3.3458
3.3175
3.2499
3.1935
3.1625
3.1167
3.099
3.0839
3.089
3.0928
3.0797
3.0916
3.0853
3.079
3.1386
3.1799
3.1905
3.1899
3.2111
3.2309
3.2449
3.243
3.2784
3.3012
3.3152
3.3563
3.3986
3.5214
3.5768
3.5931
3.6232
3.696
3.736
3.7625
3.7724
3.8298
3.8329
3.8856
3.939
3.9606
3.9517
3.989
4.0235
4.0928
4.1383
4.2026
4.2796
4.3361
4.3831
4.4649
4.5471
4.5545
4.6324
4.6733
4.7067
4.7681
4.8513
4.915
4.9298
4.9138
4.9565
4.985
4.9999
5.0618
5.1283
5.1399
5.1392
5.1855
5.2282
5.2982
5.3544
5.4323
5.4117
5.3877
5.3933
5.3304
5.3355
5.2955
5.231
5.2541
5.2027
5.2551
5.2259
5.1848
5.1681
5.1712
5.139
5.0936
5.0174
5.0123
4.9869
4.909
4.8385
4.7123
4.6489
4.5709
4.4663
4.4
4.3621
4.3563
4.2886
4.2417
4.19
4.1757
4.1071
4.0076
3.9324
3.9173
3.8525
3.7812
3.7777
3.7623
3.7605
3.7719
3.6396
3.5622
3.5089
3.4295
3.3943
3.3723
3.3691
3.3134
3.2528
3.2697
3.2509
3.2577
3.2587
3.2136
3.1757
3.1568
3.0685
2.9407
2.8718
2.8402
2.8283
2.8124
2.7977
2.8067
2.7797
2.7222
2.7144
2.6709
