9.0
9.0
8.9556
8.9376
8.9066
8.8611
8.8221
8.7863
8.75
8.755
8.7146
8.7071
8.6648
8.6299
8.5954
8.5745
8.5639
8.5356
8.498
8.4819
8.4375
8.403
8.389
8.3787
8.3775
8.3485
8.3199
8.3191
8.2902
8.275
8.2607
8.2395
8.2131
8.1914
8.1768
8.1495
8.1343
8.0979
8.091
8.0767
8.0701
8.0394
8.0222
8.0093
7.9933
7.9657
7.9697
7.9476
7.9356
7.9279
7.9212
7.922
7.8894
7.8872
7.8749
7.8701
7.859
7.8477
7.8276
7.8337
7.8377
7.8339
7.8425
7.8439
7.8403
7.8276
7.8292
7.806
7.806
7.8003
7.8048
7.8063
7.8021
7.7858
7.7794
7.7921
7.7674
7.7601
7.7698
7.7889
7.8
7.8005
7.8018
7.809
7.8025
7.7953
7.7941
7.7871
7.7841
7.8013
7.8313
7.8139
7.827
7.8414
7.8328
7.8359
7.832
7.8228
7.8332
7.8339
7.8663
7.861
7.8632
7.8766
7.8726
7.8758
7.8767
7.876
7.8793
7.8789
7.8896
7.8869
7.8774
7.8963
7.9046
7.9084
7.8954
7.8962
7.9054
7.907
7.8898
7.9129
7.9299
7.9558
7.9661
7.9721
7.9791
7.9907
7.9877
7.9965
7.9889
7.987
8.0018
8.0059
8.0114
8.0091
8.0363
8.0225
8.0403
8.0335
8.0294
8.0318
8.0315
8.0321
8.0155
8.0223
8.0227
8.0366
8.0353
8.0345
8.0473
8.0464
8.0414
8.0382
8.0256
8.0413
8.0686
8.0869
8.0977
8.1101
8.1013
8.1016
8.0973
8.1006
8.0973
8.1115
8.103
8.0943
8.1036
8.0985
8.1087
8.1058
8.1048
8.121
8.0938
8.091
8.0926
8.0826
8.0788
8.064
8.0362
8.0552
8.0716
8.056
8.0548
8.0596
8.0375
8.0334
8.0215
8.0279
8.0232
8.0135
8.0204
8.0042
8.0205
8.0042
7.9999
7.9881
7.9735
7.9626
