49.0
49.0
49.141
49.2101
49.2937
49.375
49.4565
49.5759
49.6326
49.7534
49.8501
49.9413
50.0577
50.1596
50.1902
50.299
50.4235
50.547
50.6772
50.813
50.9498
51.0107
51.1373
51.2005
51.3138
51.3828
51.4617
51.6002
51.6743
51.7641
51.8338
51.9426
52.0543
52.1371
52.1985
52.2794
52.3993
52.4846
52.5825
52.6786
52.7494
52.8548
52.9555
53.0874
53.1975
53.3348
53.3623
53.4784
53.6117
53.706
53.8351
53.8854
53.9511
54.0348
54.1581
54.2854
54.3107
54.3993
54.5146
54.5688
54.7026
54.7889
54.9097
54.9806
54.9985
55.1406
55.1466
55.2685
55.3068
55.3971
55.445
55.4998
55.5774
55.6012
55.6963
55.762
55.8021
55.8418
55.9087
55.9603
56.018
56.0693
56.0881
56.1831
56.2484
56.3226
56.3781
56.4371
56.4533
56.4549
56.4897
56.4936
56.4988
56.5736
56.6008
56.6574
56.6831
56.7575
56.8032
56.8386
56.854
56.9153
56.9554
56.9703
57.0072
57.0267
57.0838
57.095
57.1382
57.1637
57.1771
57.1164
57.1205
57.1057
57.1132
57.1371
57.1794
57.2199
57.218
57.2381
57.2839
57.331
57.3849
57.4196
57.4941
57.5435
57.5536
57.574
57.612
57.6248
57.6617
57.6507
57.6736
57.7064
57.7427
57.7701
57.8496
57.8953
57.8454
57.8856
57.8921
57.8817
57.8998
57.8412
57.8838
57.8461
57.8031
57.8356
57.7934
57.7501
57.7202
57.7204
57.6881
57.7223
57.6886
57.6611
57.6237
57.6212
57.5726
57.5357
57.5183
57.4781
57.4271
57.3764
57.3024
57.2483
57.2163
57.1886
57.1679
57.1905
57.2076
57.1825
57.1284
57.1007
57.0916
57.0542
57.021
57.0195
56.9778
56.9489
56.9347
56.8716
56.8242
56.7902
56.793
56.6665
56.6785
56.6147
56.6073
56.5983
56.5424
56.4374
56.3989
56.3588
56.32
56.2625
56.2306
56.2415
56.2436
56.2503
