0.0
0.0
0.0162
0.0282
0.0382
0.0459
0.0494
0.0589
0.0642
0.0679
0.074
0.0772
0.0768
0.0768
0.0777
0.0809
0.0797
0.0828
0.0865
0.0873
0.0904
0.0876
0.0894
0.0855
0.0839
0.0837
0.0855
0.0873
0.0863
0.087
0.0894
0.0872
0.0868
0.0899
0.0872
0.0858
0.0838
0.0847
0.088
0.0873
0.0885
0.0878
0.0891
0.0913
0.0897
0.0922
0.0916
0.092
0.0863
0.0883
0.0911
0.0921
0.09
0.087
0.086
0.0882
0.0946
0.0999
0.1027
0.1068
0.1106
0.1153
0.1234
0.1276
0.1369
0.1406
0.1442
0.1465
0.1509
0.1544
0.1568
0.1613
0.1616
0.162
0.165
0.1662
0.1671
0.17
0.1703
0.1683
0.1699
0.1696
0.169
0.1706
0.1721
0.1728
0.1719
0.1721
0.1738
0.1755
0.1738
0.1799
0.1798
0.18
0.1758
0.1721
0.176
0.1754
0.1761
0.1717
0.1755
0.1767
0.1765
0.1746
0.1768
0.1808
0.1847
0.1857
0.186
0.1854
0.1849
0.1922
0.1964
0.1932
0.1966
0.1957
0.1987
0.1979
0.1976
0.2004
0.1997
0.2019
0.1982
0.2002
0.1946
0.1949
0.1928
0.1945
0.1964
0.1933
0.193
0.1924
0.1946
0.1954
0.1989
0.2038
0.2069
0.2087
0.2115
0.212
0.2126
0.2139
0.2171
0.2161
0.2167
0.2196
0.2187
0.2203
0.2263
0.2309
0.2284
0.2285
0.2284
0.2273
0.2224
0.2245
0.228
0.229
0.2343
0.2315
0.2353
0.2384
0.2383
0.2426
0.2452
0.247
0.2518
0.2523
0.2517
0.2545
0.2564
0.2566
0.2557
0.2514
0.2509
0.2531
0.2609
0.2622
0.2612
0.2626
0.2607
0.2591
0.2563
0.2597
0.2605
0.26
0.2617
0.2589
0.2613
0.2657
0.2652
0.2708
0.2703
0.2684
0.2645
0.2651
0.2644
0.2623
0.2614
0.2574
