225.0
225.0
225.9153
226.898
227.7664
228.5714
229.2705
230.1232
230.9472
231.7655
232.5042
233.0849
233.8542
234.472
235.207
236.075
236.9198
237.7051
238.33
238.9226
239.5335
239.9319
240.2259
240.7468
241.217
241.6494
242.2459
242.6008
243.0214
243.4153
243.9467
244.3125
244.7196
245.0862
245.4332
245.7088
246.0598
246.3255
246.7162
247.0074
247.2524
247.5005
247.964
248.3343
248.5739
248.75
249.0819
249.419
249.5322
249.7885
250.0713
250.47
250.7396
250.9277
251.0611
251.2751
251.4913
251.5939
251.7566
251.8393
252.1166
252.2308
252.2448
252.382
252.5615
252.5576
252.6239
252.6747
252.7617
252.8686
253.0521
253.123
253.2226
253.3062
253.3627
253.4573
253.6254
253.8206
253.8349
253.9042
253.947
253.8948
253.8646
253.9856
254.0437
254.1141
254.1253
254.3054
254.2408
254.2956
254.3955
254.4009
254.3536
254.4389
254.5383
254.6148
254.5915
254.6579
254.7141
254.8241
254.8521
254.7978
254.7643
254.8822
254.9536
254.9354
254.908
254.926
254.9424
254.9894
254.9812
254.9638
254.8559
254.8356
254.8684
254.8605
254.9029
254.9333
254.9455
255.0497
255.1123
255.1501
255.1109
255.1568
255.1096
255.2425
255.1962
255.05
255.0423
255.0357
255.0196
254.9299
254.8578
254.8611
254.7777
254.6134
254.4651
254.3938
254.2402
254.1037
253.8941
253.8799
253.6564
253.4132
253.3601
253.1343
253.0399
252.8637
252.7398
252.4631
252.3241
252.0404
251.7628
251.6749
251.4177
251.1886
250.953
250.8072
250.7373
250.3973
250.1419
250.0404
249.7291
249.6188
249.3448
249.1467
249.0369
248.9856
248.8082
248.6328
248.4026
248.1771
247.8635
247.7766
247.6196
247.3887
247.188
246.9307
246.7431
246.6072
246.454
246.1513
246.0694
245.9281
245.7544
245.4699
245.1865
244.9945
244.8665
244.5645
244.3844
244.1261
243.9505
243.8277
243.6247
243.3472
243.0525
242.8591
242.5741
242.331
