16.0
16.0
15.6082
15.2342
14.8844
14.4846
14.1193
13.7673
13.4015
13.087
12.7821
12.4525
12.133
11.8491
11.5416
11.2312
10.9523
10.64
10.3594
10.0759
9.8365
9.587
9.3176
9.0932
8.8608
8.6185
8.3842
8.1646
7.9524
7.7404
7.5282
7.3256
7.1285
6.972
6.8145
6.6215
6.4553
6.2939
6.1688
5.9901
5.8214
5.6741
5.5174
5.3881
5.2687
5.1335
5.0095
4.8793
4.7573
4.6566
4.5538
4.4383
4.31
4.1893
4.0712
3.9874
3.9236
3.8478
3.7857
3.7447
3.6935
3.6721
3.6207
3.5963
3.563
3.5259
3.4915
3.4605
3.4518
3.4395
3.4352
3.4299
3.4382
3.4329
3.4251
3.4099
3.399
3.3883
3.3975
3.3782
3.3512
3.3491
3.3508
3.3483
3.3478
3.3406
3.3464
3.3552
3.3518
3.3456
3.3461
3.3223
3.3248
3.3258
3.3308
3.3304
3.3437
3.347
3.3477
3.3528
3.357
3.365
3.3564
3.361
3.3554
3.3505
3.3497
3.3593
3.3543
3.3553
3.3552
3.3605
3.3645
3.3688
3.3655
3.3595
3.3693
3.3748
3.3678
3.3649
3.3677
3.3513
3.3681
3.3667
3.3747
3.3676
3.3744
3.3529
3.3669
3.3525
3.3352
3.3241
3.3261
3.3231
3.2993
3.2938
3.2774
3.2521
3.2442
3.2265
3.2071
3.1816
3.1707
3.1534
3.1461
3.1258
3.0882
3.0498
3.02
3.0098
2.9956
2.9758
2.9625
2.9419
2.9115
2.8784
2.8465
2.8386
2.8253
2.7931
2.7579
2.7395
2.7225
2.7008
2.6801
2.6503
2.6253
2.616
2.5825
2.537
2.5345
2.5109
2.494
2.4789
2.4474
2.4272
2.4091
2.3865
2.3678
2.3493
2.3198
2.3051
2.2858
2.262
2.2458
2.2076
2.1934
2.1825
2.1805
2.1481
2.1272
2.1002
2.0887
2.0772
2.0688
2.0569
2.0503
2.0278
2.0147
1.9829
