7.0
7.0
7.007200000000002
7.0095
7.012700000000003
7.015600000000005
7.018499999999999
7.0240999999999945
7.025400000000003
7.031200000000009
7.0348999999999915
7.038700000000001
7.044100000000003
7.048400000000004
7.047999999999998
7.0528
7.058900000000003
7.064799999999988
7.0706
7.0772
7.0842
7.0852999999999895
7.091500000000009
7.093500000000006
7.098600000000003
7.101200000000006
7.103699999999988
7.1098
7.111699999999988
7.115099999999997
7.116999999999991
7.122400000000007
7.126899999999997
7.1303000000000045
7.131900000000009
7.134800000000003
7.1407
7.144000000000003
7.147899999999995
7.151799999999997
7.153600000000003
7.157600000000008
7.161699999999993
7.168000000000003
7.1727
7.178999999999997
7.178500000000006
7.1839999999999975
7.189899999999991
7.193400000000003
7.200100000000004
7.200399999999989
7.201499999999997
7.204800000000003
7.209500000000003
7.2158
7.2149000000000045
7.218300000000012
7.223400000000002
7.224199999999997
7.230399999999994
7.233300000000002
7.238499999999998
7.240200000000009
7.239299999999993
7.24600000000001
7.243600000000004
7.249300000000006
7.250199999999999
7.2535000000000025
7.25459999999999
7.2552
7.257599999999994
7.255999999999987
7.259100000000003
7.260599999999998
7.260899999999997
7.260800000000004
7.263099999999997
7.264099999999997
7.2658
7.267100000000005
7.266299999999994
7.269300000000006
7.270399999999996
7.272999999999997
7.2735
7.274699999999994
7.273700000000002
7.2717000000000045
7.2707
7.268799999999992
7.266399999999997
7.268999999999994
7.268000000000006
7.269000000000012
7.267899999999994
7.269699999999991
7.268800000000009
7.267999999999997
7.2676
7.269099999999997
7.268999999999994
7.2685
7.268600000000003
7.2671000000000054
7.268800000000003
7.266200000000006
7.2666
7.266499999999997
7.264699999999997
7.256999999999994
7.254100000000012
7.2511
7.2496
7.247899999999999
7.247599999999997
7.247500000000003
7.2458
7.244700000000009
7.244499999999994
7.244799999999999
7.246100000000001
7.246000000000006
7.248099999999997
7.2477
7.244999999999987
7.2432
7.243800000000007
7.2424
7.241900000000001
7.2389
7.237
7.2368000000000015
7.237099999999999
7.234499999999999
7.235399999999997
7.234499999999994
7.2285999999999975
7.227200000000011
7.223900000000004
7.219499999999996
7.217399999999997
7.211
7.208799999999994
7.203099999999997
7.197500000000009
7.195400000000003
7.188999999999997
7.1831
7.178399999999995
7.1746000000000025
7.168499999999991
7.167500000000004
7.161000000000003
7.154900000000001
7.148699999999986
7.145400000000006
7.138400000000006
7.132100000000003
7.1280999999999946
7.122299999999994
7.115099999999993
7.108199999999997
7.100399999999994
7.0932999999999975
7.0887
7.0829999999999975
7.077099999999995
7.074900000000006
7.071399999999992
7.066099999999994
7.0586
7.0519
7.046999999999999
7.0404
7.035399999999989
7.0313
7.0253999999999825
7.018899999999997
7.013100000000004
7.005400000000002
6.997799999999995
6.993199999999991
6.9894
6.977500000000012
6.9731000000000085
6.966499999999991
6.962500000000008
6.956900000000009
6.950000000000003
6.938
6.932099999999996
6.926000000000014
6.920200000000003
6.913700000000001
6.9080000000000075
6.903900000000009
6.899399999999994
6.89610000000001
