144.0
144.0
142.9749
141.9378
140.9517
139.8595
138.8393
137.8038
136.8117
135.8067
134.857
133.8439
132.8253
131.8761
130.8611
129.9869
128.9493
127.9959
127.0813
126.0774
125.1298
124.1499
123.1617
122.1953
121.2881
120.3949
119.446
118.5289
117.6265
116.6919
115.7008
114.8258
114.0179
113.1065
112.196
111.3725
110.4167
109.5127
108.5649
107.7477
106.825
106.0617
105.2159
104.3766
103.458
102.6168
101.7269
100.9034
100.1555
99.4278
98.5213
97.7107
96.8939
96.1256
95.3632
94.5432
93.7656
93.0873
92.4191
91.6882
91.0663
90.4212
89.7306
89.0777
88.4664
87.8108
87.2208
86.5844
86.0347
85.4333
84.8722
84.2722
83.685
83.1011
82.5596
82.0082
81.4177
80.885
80.3802
79.9049
79.4346
78.9284
78.3994
77.932
77.4759
77.0455
76.5994
76.1509
75.6944
75.221
74.7533
74.2958
73.8239
73.3688
72.8703
72.4206
71.9834
71.5078
71.0546
70.5604
70.1359
69.7331
69.3015
68.8513
68.4051
68.0187
67.6542
67.2657
66.8643
66.5015
66.1013
65.7123
65.3045
64.9522
64.5294
64.1492
63.754
63.3606
63.0413
62.6831
62.3176
61.9034
61.5614
61.1255
60.7526
60.367
60.0013
59.6545
59.3058
58.9569
58.608
58.2222
57.8262
57.4856
57.134
56.7185
56.3619
55.9756
55.6622
55.2716
54.8773
54.4978
54.1319
53.7323
53.3681
52.9974
52.5983
52.1967
51.7527
51.4255
51.0289
50.6474
50.3198
49.9493
49.59
49.2626
48.9277
48.5887
48.2514
47.9041
47.4852
47.0946
46.7416
46.3857
46.0509
45.6407
45.2515
44.8713
44.5264
44.1865
43.8045
43.4518
43.1396
42.8036
42.4152
42.1034
41.8038
41.4798
41.1535
40.8568
40.5161
40.2014
39.8309
39.5263
39.1915
38.9082
38.5499
38.2391
37.9134
37.6102
37.2803
36.9308
36.6069
36.2725
35.9355
35.6325
35.2659
34.9467
34.6458
34.3464
