16.0
16.0
16.7058
17.4307
18.1381
18.8292
19.5556
20.2974
20.978
21.7372
22.5112
23.2919
24.0431
24.8045
25.6217
26.4001
27.2407
28.0711
28.8716
29.7407
30.6559
31.4718
32.2472
33.1145
34.0234
34.7794
35.7154
36.5816
37.4469
38.3621
39.2254
40.1677
41.0175
41.8968
42.8715
43.7969
44.7966
45.7928
46.685
47.7094
48.6877
49.5886
50.5755
51.6278
52.6093
53.5637
54.6055
55.619
56.5557
57.6249
58.6223
59.6512
60.7351
61.8767
62.9101
63.9571
65.0319
65.9108
66.9704
68.0697
69.0509
70.0511
71.0745
72.1298
73.2131
74.3283
75.3292
76.2868
77.3165
78.3539
79.4151
80.4969
81.5226
82.6531
83.6411
84.768
85.929
87.0117
88.0489
89.1933
90.4603
91.6515
92.8659
94.0159
95.1376
96.294
97.4223
98.5313
99.6506
100.7494
101.8614
103.0287
104.2671
105.4316
106.5026
107.7052
108.906
110.1829
111.5906
112.5415
113.6874
114.8739
116.0732
117.2878
118.4035
119.6234
120.762
121.8812
123.0348
124.3675
125.607
126.8448
128.1419
129.5058
130.7323
131.9426
133.1277
134.3077
135.5321
136.8153
138.0966
139.352
140.6873
141.8283
143.1046
144.3476
145.7998
147.1134
148.3354
149.4719
150.6438
151.7834
152.9365
153.8914
155.0867
156.0982
157.124
157.9288
158.8596
159.9635
160.9615
161.7628
162.7216
163.5194
164.3169
165.2596
166.2033
167.0364
168.1163
168.8994
169.5212
170.424
171.135
171.9744
172.856
173.6798
174.3683
175.1338
176.0588
177.0564
177.822
178.7904
179.719
180.5978
181.5575
182.3328
183.0942
183.7771
184.636
185.5999
186.3012
187.3557
188.2383
189.0472
189.9111
190.7411
191.7788
192.5592
193.3293
194.2454
195.0863
195.8946
196.7808
197.5866
198.4948
199.1923
200.0816
200.936
201.7099
202.4604
203.3464
204.2025
205.0158
205.8257
206.7378
207.6302
208.3392
209.1036
210.0444
210.8849
