3375.0
3375.0
3428.5442
3480.2972
3528.5167
3576.2051
3626.2308
3673.6776
3717.3503
3760.3946
3797.9673
3834.7849
3873.5238
3906.3861
3940.3128
3969.3161
3997.6818
4025.5705
4054.2234
4077.7786
4102.2653
4123.4669
4142.6822
4162.5463
4181.6645
4201.7548
4219.4618
4237.7267
4255.0624
4270.7913
4284.3907
4296.0352
4309.3478
4324.7923
4340.0301
4350.8525
4362.6758
4374.7294
4386.2515
4399.4125
4410.6672
4421.9383
4431.8253
4440.1497
4448.0801
4459.6473
4468.6266
4478.8481
4487.7046
4496.1927
4502.9837
4514.6387
4523.1077
4530.7719
4538.147
4546.0377
4551.3469
4556.2735
4562.6564
4570.6597
4577.7032
4582.833
4585.462
4592.9023
4595.1173
4598.7579
4602.927
4605.7762
4610.455
4615.0165
4617.5208
4622.2224
4626.176
4629.2321
4631.7806
4635.9387
4637.1975
4636.3436
4639.2572
4640.1521
4641.8191
4642.0414
4643.0396
4645.4129
4647.2206
4648.6745
4652.2481
4652.4335
4654.0289
4656.9175
4657.0524
4657.5739
4657.7335
4659.0981
4661.0531
4660.8023
4663.3472
4664.3486
4664.2956
4664.3015
4664.4579
4661.8214
4663.8407
4661.5623
4659.2055
4660.2759
4661.8989
4659.7508
4660.2384
4660.3756
4660.7795
4663.8358
4662.9547
4663.1579
4663.7243
4662.8113
4663.2706
4663.6903
4664.1729
4662.3248
4662.1907
4662.4597
4660.2052
4659.4731
4657.309
4657.0819
4657.1166
4656.6609
4654.2214
4650.0854
4646.2785
4645.9257
4640.907
4637.2857
4629.8471
4624.7476
4618.1708
4614.6497
4609.0668
4602.0191
4595.1244
4589.6701
4580.2069
4570.2245
4563.723
4552.1672
4539.7439
4535.1688
4524.9379
4514.0729
4503.6881
4493.357
4481.9476
4470.6455
4456.3461
4441.2837
4427.2005
4416.0545
4403.3844
4395.0315
4382.7951
4367.7608
4354.2878
4345.1199
4331.2835
4317.557
4305.9055
4293.5966
4280.7187
4265.423
4251.0035
4240.7794
4227.5995
4210.9425
4194.3507
4181.7313
4168.9417
4154.5483
4141.0111
4126.9117
4113.707
4098.5858
4083.4658
4070.7981
4058.2888
4044.2332
4028.6519
4014.2559
3997.9886
3980.3507
3963.5091
3952.3997
3936.2782
3920.7764
3905.6034
3890.1729
3875.3848
3858.3955
3843.6625
3828.0442
