4.0
4.0
4.3022
4.5986
4.9018
5.2203
5.5158
5.8133
6.1034
6.4294
6.7427
7.0295
7.3281
7.6296
7.9637
8.3142
8.6034
8.9294
9.2475
9.5682
9.9034
10.2041
10.5624
10.8851
11.2255
11.5855
11.878
12.2342
12.5554
12.8819
13.2715
13.61
13.9706
14.3411
14.6513
15.0072
15.3644
15.7107
16.0595
16.4152
16.8345
17.2203
17.5398
17.9019
18.2191
18.6265
19.0364
19.3655
19.7092
20.0997
20.459
20.8483
21.2509
21.6748
22.0814
22.4599
22.9008
23.2334
23.6351
24.0078
24.4151
24.8232
25.2625
25.6903
26.1459
26.6023
27.0946
27.5355
27.9948
28.4686
28.9662
29.4493
29.9051
30.3428
30.8154
31.3102
31.7624
32.246
32.7463
33.2403
33.717
34.1579
34.6867
35.2547
35.7477
36.2262
36.723
37.2193
37.7206
38.2695
38.8019
39.284
39.8154
40.4001
40.9098
41.468
41.9958
42.6003
43.0894
43.686
44.273
44.8892
45.3957
45.9683
46.4635
47.066
47.675
48.2051
48.8109
49.3946
49.9563
50.4861
51.0707
51.7202
52.253
52.8594
53.3964
53.9972
54.6077
55.1673
55.8532
56.4449
56.9971
57.617
58.208
58.8397
59.3882
60.1007
60.6365
61.2461
61.7314
62.2479
62.8447
63.2912
63.6802
64.1264
64.6925
65.13
65.5977
66.0823
66.5171
66.8981
67.293
67.6195
68.0
68.3119
68.6859
69.0068
69.2637
69.5297
69.8395
70.2462
70.5375
70.9083
71.3131
71.6836
72.1323
72.4856
72.8004
73.1006
73.343
73.7188
73.924
74.1893
74.569
74.7966
75.1569
75.4754
75.8704
76.3093
76.5674
76.8626
77.1043
77.3885
77.6095
77.9057
78.1734
78.3943
78.6948
78.9318
79.2665
79.5891
79.8968
80.3289
80.6252
80.9397
81.2689
81.6108
81.9434
82.3214
82.5365
82.8396
83.1245
83.4055
83.6455
83.8711
84.1251
84.3295
84.568
84.7995
