30.0
30.0
30.013800000000007
30.01499999999999
30.01400000000001
30.011600000000012
30.009600000000013
30.003399999999978
29.994199999999978
29.992500000000025
29.9809
29.966899999999978
29.952800000000025
29.9406
29.927599999999988
29.916300000000028
29.8971
29.882100000000012
29.86879999999999
29.848299999999984
29.826099999999975
29.80979999999999
29.793100000000017
29.7769
29.76
29.734899999999993
29.7169
29.688699999999994
29.66440000000001
29.646399999999993
29.620599999999992
29.5961
29.56869999999998
29.543400000000013
29.513500000000022
29.483700000000006
29.45880000000001
29.427400000000006
29.39189999999999
29.364500000000024
29.3369
29.30860000000003
29.27610000000001
29.23909999999999
29.208100000000023
29.1751
29.145500000000016
29.1095
29.07189999999999
29.038500000000024
29.000399999999978
28.95850000000002
28.923100000000048
28.892299999999988
28.859
28.827199999999994
28.798999999999964
28.7675
28.7337
28.698599999999978
28.669199999999943
28.646999999999988
28.614200000000007
28.589900000000007
28.568399999999983
28.540999999999983
28.513600000000018
28.48880000000002
28.46610000000001
28.442399999999978
28.4198
28.39160000000001
28.36319999999997
28.335999999999977
28.31249999999996
28.286100000000022
28.26340000000001
28.2442
28.22009999999996
28.1889
28.162499999999987
28.14130000000005
28.116300000000013
28.093700000000013
28.072899999999976
28.046699999999987
28.024000000000036
27.99860000000001
27.973
27.94909999999994
27.921200000000006
27.902200000000004
27.878700000000013
27.852700000000013
27.825299999999952
27.80229999999997
27.775799999999965
27.746799999999954
27.717400000000012
27.69010000000002
27.6712
27.646799999999942
27.614999999999966
27.589900000000025
27.564800000000012
27.538199999999964
27.51220000000001
27.483500000000024
27.46100000000005
27.433
27.405299999999976
27.38269999999997
27.356099999999977
27.32299999999999
27.291999999999984
27.264899999999976
27.240399999999948
27.21339999999999
27.188100000000034
27.15929999999993
27.13189999999996
27.107599999999977
27.0781
27.047700000000013
27.0265
27.000399999999978
26.979200000000024
26.947399999999988
26.915900000000047
26.883500000000023
26.84870000000001
26.813700000000047
26.78020000000001
26.74300000000005
26.70719999999992
26.66389999999994
26.62339999999999
26.58389999999999
26.54539999999994
26.502399999999987
26.45589999999998
26.420799999999954
26.372099999999953
26.32939999999998
26.289900000000024
26.24819999999999
26.208000000000048
26.1716
26.128499999999963
26.083800000000057
26.036299999999986
25.991600000000055
25.95059999999997
25.907000000000018
25.85610000000005
25.81260000000002
25.777200000000004
25.73939999999994
25.691399999999984
25.647100000000083
25.599999999999973
25.553100000000036
25.513699999999996
25.4671
25.419900000000023
25.37089999999995
25.325300000000098
25.280100000000022
25.23360000000012
25.188800000000043
25.14179999999998
25.097700000000017
25.054599999999972
25.004699999999993
24.960100000000043
24.91439999999996
24.86609999999996
24.81420000000004
24.77000000000004
24.721800000000005
24.67500000000002
24.62839999999998
24.583200000000033
24.538
24.489200000000054
24.445600000000006
24.392799999999987
24.343100000000007
24.296399999999995
24.254899999999992
24.206099999999985
24.15959999999993
24.1172
24.08030000000007
24.03230000000008
23.98309999999993
23.93639999999998
23.888699999999876
23.838800000000006
23.79229999999991
