2197.0
2197.0
2179.351
2159.9226
2142.2054
2122.4855
2102.9579
2084.8674
2061.4684
2036.0922
2011.8776
1986.2898
1963.2904
1940.1421
1917.6382
1891.8837
1866.3161
1840.2616
1812.8703
1787.6419
1763.6615
1737.2872
1711.3753
1686.3233
1657.6669
1631.0734
1604.8546
1579.7156
1549.6247
1523.6268
1495.189
1467.5994
1442.117
1414.1677
1390.4313
1365.7056
1341.9758
1317.9587
1293.3713
1269.5323
1244.5052
1222.4622
1197.6545
1175.1149
1150.2334
1130.2903
1107.2459
1085.4304
1064.2749
1043.2151
1021.1983
997.5977
975.049
953.1471
935.1905
917.5382
900.6893
884.1774
869.6899
853.8767
839.5226
826.5892
813.8462
802.8549
790.7665
779.28
769.5701
758.7631
748.8198
737.9387
728.1655
717.8551
707.8647
697.9205
688.7974
679.4641
670.2719
661.5032
652.8392
643.1259
634.335
626.1018
617.9378
609.9432
601.7308
594.6293
587.4048
579.2893
571.7207
564.6857
558.0105
550.2122
542.7086
535.5075
527.8915
520.5077
511.9914
504.7363
498.329
491.6259
485.3069
478.6111
472.272
466.2592
459.8957
453.2201
446.7023
440.6055
434.0231
428.037
421.5421
415.7632
409.1478
403.5308
397.8446
392.3361
387.2468
382.4417
377.0653
370.9456
365.6732
360.8365
356.0262
350.7167
346.0904
341.6192
337.0178
332.612
327.8732
323.2397
319.1909
314.7727
310.6283
307.1407
303.4619
300.1202
296.5541
293.571
290.3913
287.6875
285.1501
281.8019
279.7508
276.8837
273.9974
271.4713
268.4783
265.8872
263.7572
260.7867
258.0279
255.9036
253.1289
250.8872
248.354
246.1632
243.9209
241.7084
239.5401
238.0341
235.8188
233.6842
231.8264
229.7665
228.2061
226.1703
224.2918
222.4551
220.3412
218.3568
216.5268
215.2638
213.9165
212.5619
210.6528
209.1488
208.1318
207.1375
205.8874
204.624
203.1804
201.6598
200.1267
198.5487
197.1152
196.0141
194.5888
193.2191
191.9401
190.3611
188.6475
187.2789
185.8337
184.2677
182.7901
181.826
180.2585
179.0905
177.5367
176.4602
