27.0
27.0
26.1962
25.5595
24.8602
24.2119
23.5438
22.9152
22.2509
21.6641
21.0811
20.5085
19.9662
19.4564
18.8929
18.3893
17.9038
17.3864
17.0028
16.5622
16.1356
15.6104
15.2229
14.8309
14.4426
14.0484
13.6683
13.3288
12.9835
12.6248
12.2713
11.9621
11.6455
11.297
10.9635
10.6758
10.3794
10.0636
9.7971
9.5567
9.3265
9.0722
8.816
8.5578
8.3599
8.1472
7.9919
7.8347
7.6262
7.4147
7.2436
7.0596
6.8432
6.6519
6.5048
6.3497
6.2145
6.1117
6.005
5.9369
5.8668
5.7908
5.7154
5.6647
5.5847
5.5461
5.5084
5.4569
5.4135
5.364
5.318
5.2486
5.2027
5.1522
5.1311
5.1185
5.092
5.0659
5.0475
5.0329
5.0152
4.9705
4.9587
4.9148
4.8889
4.8751
4.8584
4.8202
4.8037
4.7963
4.7768
4.7557
4.7242
4.714
4.6742
4.6745
4.6563
4.622
4.6158
4.5896
4.5629
4.5349
4.5109
4.4949
4.4754
4.4656
4.4353
4.3989
4.3876
4.3651
4.3433
4.3271
4.3047
4.2793
4.2659
4.2379
4.2403
4.2327
4.2118
4.1969
4.1564
4.1665
4.1327
4.1104
4.088
4.0734
4.0771
4.0545
4.0314
4.05
4.0182
4.0184
4.0352
4.0295
4.0014
4.0099
3.9922
3.9631
3.9608
3.9717
3.961
3.937
3.9369
3.9344
3.9263
3.9387
3.953
3.9162
3.8929
3.8938
3.9071
3.9237
3.9373
3.9571
3.9808
3.9838
3.9893
4.0014
4.0028
4.0095
4.0196
4.0083
4.0202
4.0338
4.062
4.0873
4.1067
4.0858
4.1126
4.1015
4.1157
4.1168
4.1448
4.1694
4.1553
4.1552
4.1699
4.1933
4.2061
4.2461
4.2522
4.2447
4.2803
4.3237
4.3407
4.3566
4.371
4.4054
4.4502
4.4787
4.5399
4.5781
4.6051
4.6422
4.6605
4.7007
4.7423
4.7751
4.811
4.8242
