3.0
3.0
1.4172999999999976
0.5489000000000015
0.21529999999999977
0.10490000000000002
0.06830000000000012
0.05770000000000002
0.05250000000000005
0.05080000000000003
0.04799999999999993
0.049000000000000175
0.048399999999999936
0.05139999999999998
0.04640000000000006
0.04330000000000004
0.044099999999999896
0.04220000000000007
0.04759999999999998
0.0453
0.044999999999999866
0.042799999999999915
0.0430000000000001
0.04280000000000007
0.0429000000000001
0.041500000000000134
0.03970000000000008
0.03710000000000009
0.038900000000000205
0.041900000000000076
0.03649999999999984
0.040099999999999913
0.03760000000000006
0.038700000000000075
0.039700000000000145
0.03999999999999992
0.039699999999999985
0.035199999999999794
0.037000000000000165
0.03440000000000016
0.03629999999999981
0.03539999999999991
0.033700000000000035
0.03469999999999989
0.0342000000000002
0.033799999999999907
0.03770000000000018
0.03639999999999991
0.03830000000000011
0.03660000000000014
0.036000000000000115
0.032900000000000144
0.03460000000000012
0.033800000000000156
0.04630000000000002
0.05500000000000009
0.0558
0.05740000000000002
0.05309999999999998
0.054400000000000066
0.04989999999999996
0.053000000000000116
0.05349999999999993
0.04900000000000004
0.05060000000000007
0.048499999999999946
0.04629999999999986
0.04350000000000012
0.0421
0.043600000000000076
0.04790000000000002
0.0426
0.04320000000000011
0.04219999999999998
0.04149999999999997
0.04289999999999989
0.03969999999999988
0.0428000000000001
0.042300000000000074
0.04100000000000014
0.04309999999999992
0.043599999999999986
0.04050000000000018
0.04249999999999997
0.04049999999999999
0.04090000000000012
0.0402
0.03630000000000027
0.03399999999999989
0.03680000000000027
0.041399999999999944
0.044000000000000046
0.04200000000000009
0.03739999999999998
0.038000000000000145
0.037500000000000276
0.034899999999999855
0.03719999999999991
0.03680000000000004
0.03920000000000008
0.0362000000000003
0.03809999999999996
0.03840000000000015
0.03909999999999984
0.038800000000000064
0.03909999999999997
0.03919999999999989
0.03810000000000012
0.033200000000000104
0.036399999999999974
0.03580000000000002
0.035200000000000016
0.03740000000000001
0.036199999999999954
0.03930000000000001
0.03850000000000021
0.0379
0.03649999999999993
0.03680000000000005
0.037000000000000026
0.03649999999999984
0.03809999999999994
0.03800000000000009
0.03760000000000009
0.036300000000000075
0.0334000000000001
0.03579999999999999
0.0402
0.040200000000000166
0.04420000000000015
0.04789999999999998
0.0513
0.04940000000000016
0.05219999999999997
0.048100000000000045
0.05030000000000016
0.04820000000000007
0.04979999999999992
0.04879999999999988
0.050300000000000115
0.04970000000000008
0.04870000000000014
0.052700000000000025
0.050800000000000005
0.052700000000000045
0.051199999999999996
0.05119999999999993
0.04879999999999997
0.04989999999999999
0.05110000000000019
0.05360000000000007
0.048500000000000064
0.0488000000000001
0.0514
0.04889999999999995
0.045400000000000065
0.04679999999999998
0.046100000000000134
0.04629999999999992
0.046699999999999985
0.05070000000000005
0.04870000000000002
0.04940000000000012
0.05140000000000002
0.05370000000000001
0.05000000000000018
0.04800000000000011
0.04659999999999991
0.049300000000000045
0.04360000000000001
0.04439999999999989
0.04730000000000001
0.044199999999999906
0.04540000000000003
0.044400000000000085
0.04180000000000013
0.04509999999999997
0.04659999999999992
0.04840000000000007
0.046699999999999964
0.04689999999999999
0.04890000000000006
0.04679999999999998
0.047600000000000184
0.05080000000000003
0.048399999999999985
0.04729999999999997
0.047200000000000034
0.04889999999999991
0.044600000000000015
0.04480000000000002
0.04980000000000013
0.04979999999999997
0.04800000000000001
0.0476
0.046600000000000065
0.04470000000000006
0.048999999999999995
0.04780000000000007
0.04700000000000013
