5.0
5.0
4.964799999999993
4.934699999999977
4.892800000000019
4.857999999999987
4.819899999999985
4.789900000000005
4.756399999999998
4.716299999999999
4.682199999999992
4.64100000000002
4.600299999999994
4.5651000000000215
4.526399999999997
4.492600000000004
4.45710000000002
4.419299999999971
4.390299999999999
4.3497999999999815
4.310700000000003
4.274499999999991
4.235100000000007
4.201499999999991
4.1645
4.128899999999987
4.0935000000000015
4.058699999999982
4.018899999999981
3.9802
3.9421
3.9151
3.8806
3.8426999999999985
3.8107
3.7809
3.7517000000000014
3.7166999999999972
3.6829000000000027
3.646
3.6142999999999956
3.5826
3.5531000000000064
3.5195000000000016
3.4888000000000043
3.4615999999999914
3.4317999999999986
3.4000000000000044
3.3710999999999993
3.3377000000000057
3.3028000000000044
3.270500000000008
3.2382000000000106
3.2130000000000054
3.184400000000003
3.161799999999997
3.1369999999999894
3.1124000000000023
3.094400000000011
3.079400000000005
3.0620999999999983
3.048100000000004
3.032499999999999
3.0144999999999946
3.0016000000000034
2.989400000000004
2.980099999999986
2.9706999999999955
2.962799999999993
2.9603999999999893
2.9501
2.940600000000003
2.9309000000000034
2.925199999999996
2.9206000000000016
2.9109999999999987
2.903700000000008
2.8963
2.8923999999999994
2.8858999999999972
2.876300000000004
2.8704000000000067
2.8627999999999947
2.859900000000004
2.850699999999998
2.8438000000000034
2.8345999999999965
2.8275999999999923
2.8197000000000085
2.8103000000000007
2.8030999999999953
2.7953999999999968
2.7862999999999922
2.7792999999999917
2.770699999999998
2.7655000000000145
2.760399999999999
2.7546999999999944
2.743699999999995
2.741500000000007
2.73399999999999
2.723599999999985
2.714099999999994
2.7082999999999866
2.697500000000001
2.6907000000000045
2.6832999999999982
2.677499999999994
2.6705
2.6639000000000035
2.655799999999997
2.6551
2.6458999999999997
2.640399999999995
2.63290000000001
2.6219999999999986
2.616699999999998
2.614000000000006
2.6063000000000076
2.6003999999999943
2.589400000000002
2.5876999999999994
2.5790000000000024
2.572700000000002
2.562300000000006
2.555300000000004
2.5498999999999965
2.5423
2.536199999999999
2.529700000000001
2.518800000000005
2.5082999999999966
2.496999999999997
2.4906999999999972
2.476099999999996
2.468299999999999
2.454599999999992
2.445599999999994
2.4318999999999993
2.4196999999999984
2.405900000000005
2.396499999999998
2.3827999999999947
2.373699999999988
2.3633000000000077
2.3543000000000016
2.3420999999999945
2.3358000000000096
2.3279999999999994
2.3148000000000026
2.3011999999999952
2.2930999999999915
2.282299999999998
2.2704999999999917
2.2574000000000036
2.2501000000000095
2.2419000000000033
2.225700000000006
2.2146000000000146
2.2029000000000005
2.1924999999999915
2.179399999999996
2.1720000000000113
2.161100000000005
2.1477999999999997
2.136399999999998
2.126600000000005
2.1188999999999854
2.1104000000000127
2.0992
2.084299999999999
2.0732000000000004
2.0662000000000043
2.055300000000004
2.0452999999999943
2.0369000000000184
2.026300000000003
2.017000000000005
2.01020000000001
1.9999999999999982
1.9935000000000007
1.9854
1.9773
1.967
1.9613
1.9512
1.9424
1.9279000000000008
1.9209000000000003
1.9088
1.8989
1.8891999999999993
1.8801999999999992
1.874999999999999
1.8673999999999988
1.8595999999999986
1.8556999999999992
1.8450000000000006
1.8356999999999992
1.8296
