17.0
17.0
16.904999999999983
16.808599999999945
16.71090000000011
16.61769999999997
16.51669999999998
16.422099999999972
16.327299999999905
16.226800000000033
16.12460000000005
16.030800000000067
15.9287
15.8334
15.7321
15.6361
15.533800000000008
15.436499999999993
15.3348
15.2363
15.138199999999998
15.040600000000007
14.936500000000011
14.837899999999989
14.733999999999995
14.637199999999988
14.542399999999994
14.439499999999994
14.336600000000015
14.235099999999992
14.139800000000003
14.040699999999994
13.943899999999983
13.842299999999982
13.743999999999994
13.640599999999992
13.543000000000003
13.450199999999992
13.351600000000012
13.253800000000014
13.151299999999976
13.047600000000012
12.953599999999998
12.847399999999983
12.746000000000032
12.651899999999985
12.552800000000019
12.452399999999974
12.353999999999996
12.260100000000019
12.153799999999974
12.056299999999982
11.957699999999994
11.853600000000014
11.757699999999986
11.663499999999999
11.568000000000005
11.474699999999977
11.378300000000012
11.28190000000002
11.18439999999998
11.084599999999963
10.992599999999975
10.896700000000012
10.803700000000038
10.7068
10.613699999999978
10.519700000000025
10.4261
10.329600000000015
10.233899999999997
10.13759999999996
10.045799999999993
9.948400000000007
9.850100000000014
9.751900000000017
9.657300000000015
9.562699999999976
9.471200000000065
9.37579999999999
9.277199999999988
9.184299999999995
9.088499999999993
8.99920000000002
8.907100000000005
8.80650000000001
8.709799999999992
8.618900000000032
8.527200000000034
8.436500000000054
8.34319999999999
8.247699999999972
8.155500000000057
8.059499999999971
7.970699999999977
7.8789
7.787
7.6961999999999975
7.601399999999998
7.512899999999994
7.419600000000003
7.324400000000003
7.230999999999995
7.140500000000003
7.053299999999991
6.958600000000003
6.86910000000001
6.781600000000012
6.695899999999994
6.606700000000003
6.513500000000004
6.425699999999993
6.339299999999998
6.251199999999996
6.162999999999999
6.071500000000008
5.978699999999988
5.895500000000014
5.816400000000015
5.724399999999992
5.631499999999995
5.546699999999994
5.459900000000012
5.374200000000013
5.291100000000008
5.203799999999998
5.119400000000038
5.045599999999992
4.966800000000012
4.893900000000011
4.818300000000031
4.747700000000011
4.683299999999986
4.619100000000004
4.559100000000005
4.500500000000019
4.441299999999995
4.390900000000014
4.338099999999998
4.282600000000028
4.2329000000000025
4.185400000000009
4.134399999999998
4.087200000000001
4.042700000000011
4.000900000000022
3.9585
3.913
3.8689
3.8252
3.7803999999999993
3.7409
3.697899999999998
3.6565
3.6140000000000008
3.5745999999999993
3.5379999999999985
3.4987999999999957
3.4601999999999955
3.421300000000007
3.3834999999999984
3.3459
3.3091999999999993
3.2735000000000034
3.235899999999997
3.200799999999995
3.1710999999999916
3.13209999999999
3.0965000000000042
3.061100000000007
3.0265
2.9867000000000066
2.952199999999988
2.915299999999998
2.882000000000004
2.847400000000001
2.8180999999999976
2.785299999999997
2.755099999999999
2.723600000000005
2.691200000000004
2.6597000000000213
2.6293999999999977
2.597799999999994
2.5673999999999992
2.5329
2.498400000000011
2.465900000000007
2.4352999999999945
2.4054000000000024
2.3744000000000027
2.3426000000000076
2.313300000000009
2.2867999999999813
2.2580999999999958
2.2287000000000003
2.202100000000015
2.173599999999979
2.145099999999992
2.1168999999999953
