32768.0
32768.0
32761.8053
32750.5089
32747.1651
32735.2834
32726.1879
32727.9169
32713.9556
32710.7911
32705.4228
32691.4361
32679.633
32666.9284
32661.9874
32655.6005
32647.0542
32634.8292
32630.4644
32618.1744
32609.1364
32602.8917
32592.5869
32583.01
32579.3391
32571.0837
32568.9587
32555.6401
32541.5352
32536.3001
32523.2938
32509.0052
32498.5905
32485.3758
32474.8599
32462.4138
32456.0785
32435.0979
32423.9454
32417.8062
32407.7472
32393.2185
32384.5636
32375.1732
32366.8015
32364.0303
32351.1099
32354.817
32336.7428
32325.4563
32320.9975
32309.6182
32305.5036
32302.3901
32296.0718
32283.0659
32274.9924
32264.3871
32246.2389
32226.8542
32211.951
32203.9745
32183.3552
32167.3531
32153.2602
32139.9805
32121.8214
32095.3829
32076.1212
32057.8387
32036.792
32010.6486
31985.2033
31965.977
31933.4387
31910.9571
31885.7113
31869.6625
31843.8346
31819.1548
31797.9362
31760.2703
31734.7061
31706.3467
31670.3085
31638.9176
31611.0278
31586.0183
31562.4561
31535.2212
31503.9398
31475.3362
31441.9454
31413.0117
31381.8487
31355.7862
31324.9205
31297.7005
31265.6498
31226.9732
31186.4732
31156.0324
31119.2305
31094.0403
31058.7799
31031.711
30999.4859
30964.8335
30938.7974
30911.9536
30887.3865
30857.4385
30828.3614
30793.2615
30752.1076
30714.1755
30684.6648
30650.3844
30619.2073
30582.6275
30549.0917
30508.7109
30477.2522
30441.8644
30402.8581
30367.3073
30327.365
30285.4489
30253.2055
30228.8637
30200.7694
30164.1889
30137.0932
30118.1616
30096.4643
30066.7434
30040.8623
30033.24
30009.509
30002.5403
29981.915
29960.8382
29939.8797
29924.5596
29903.8879
29890.4158
29867.0953
29854.5807
29840.087
29830.5104
29820.1963
29810.3946
29802.552
29780.858
29768.2775
29755.219
29743.9606
29739.3842
29720.1107
29709.4167
29697.547
29693.3034
29677.3072
29671.2033
29657.4205
29650.0402
29635.8052
29630.6821
29622.5031
29615.6839
29611.8495
29602.886
29596.2378
29584.9437
29576.6439
29568.2282
29564.3571
29553.006
29550.2532
29544.4813
29541.6572
29539.0377
29539.0453
29541.3076
29539.4392
29532.8429
29528.876
29524.8701
29526.6985
29518.0002
29506.5919
29500.3838
29492.4284
29496.2794
29493.1247
29492.8211
29495.4703
29480.735
29474.5218
29476.5693
