25.0
25.0
24.7894
24.6221
24.3454
24.149
23.9155
23.7703
23.5794
23.3275
23.1334
22.8786
22.6373
22.4349
22.1898
22.0274
21.8309
21.6125
21.4817
21.2402
21.0039
20.8125
20.6019
20.4433
20.2639
20.0717
19.9071
19.7295
19.5305
19.2914
19.0859
18.9673
18.7702
18.5857
18.4277
18.2737
18.1435
17.9643
17.7679
17.568
17.4175
17.2348
17.0849
16.9115
16.7626
16.636
16.4818
16.3406
16.1977
16.0141
15.8422
15.6675
15.4936
15.371
15.2184
15.1192
14.9938
14.8616
14.7542
14.6542
14.5829
14.5195
14.4321
14.3479
14.2944
14.2408
14.1927
14.1407
14.1146
14.1266
14.0829
14.025
13.9855
13.9784
13.9726
13.9462
13.9273
13.8983
13.907
13.8825
13.8407
13.82
13.7742
13.7693
13.7387
13.6982
13.659
13.6384
13.6189
13.5903
13.5783
13.5482
13.4903
13.4779
13.4377
13.4129
13.3782
13.3513
13.3083
13.3107
13.2792
13.2186
13.1631
13.1193
13.0437
13.0159
12.9703
12.9385
12.9001
12.8633
12.812
12.8183
12.7765
12.7746
12.7383
12.6816
12.6595
12.6554
12.6063
12.569
12.5258
12.5421
12.5122
12.4935
12.4385
12.4049
12.4025
12.3487
12.3366
12.3061
12.2538
12.2005
12.1414
12.1115
12.0485
12.0149
11.9468
11.8932
11.7995
11.7329
11.6561
11.6239
11.5316
11.4735
11.4213
11.3637
11.2851
11.2592
11.1994
11.1392
11.08
11.0339
10.9615
10.9041
10.8582
10.8217
10.7855
10.6705
10.628
10.5601
10.5139
10.4782
10.4136
10.3245
10.2486
10.1886
10.1338
10.1023
10.0608
10.003
9.8895
9.817
9.778
9.7183
9.6783
9.6291
9.5681
9.518
9.4698
9.3998
9.3857
9.3616
9.3207
9.2774
9.2431
9.1912
9.1176
9.0389
8.9787
8.9124
8.8539
8.8052
8.7694
8.7286
8.6816
8.6056
8.5893
8.5322
8.4935
8.4552
