27.0
27.0
27.5957
28.1583
28.7138
29.4238
30.075
30.7754
31.5582
32.2457
32.8919
33.3264
33.9583
34.7085
35.3044
35.9419
36.7036
37.2765
37.9062
38.3385
38.9726
39.5652
40.2444
40.8913
41.4615
42.2291
42.9562
43.5601
44.4184
44.9386
45.816
46.5083
47.3731
48.1138
48.7694
49.2794
50.0453
50.712
51.3002
52.1306
52.9045
53.813
54.4337
55.1346
55.9382
56.8103
57.5035
58.3195
58.9516
59.499
60.1493
60.7984
61.3878
61.9696
62.4091
63.0204
63.7203
64.5706
65.5938
66.7109
67.6368
68.5601
69.5306
70.3817
71.5138
72.4876
73.7143
74.9112
76.2647
77.4576
78.4648
79.5564
80.8079
82.0354
83.3534
84.541
86.1007
87.0552
88.4713
89.8309
91.1335
92.2975
93.637
94.8953
96.4392
97.6612
99.177
100.664
102.0128
103.1569
104.9248
106.3165
107.8374
109.4178
110.945
112.4476
114.0232
115.7855
117.3969
118.9228
120.4599
121.8943
123.432
124.8851
126.6269
127.8781
129.3405
131.1438
133.197
135.007
136.6948
138.2955
140.0594
141.8851
143.5521
145.1021
146.8933
148.8585
150.9216
152.7827
154.7555
156.8051
158.6441
160.4206
162.618
164.7016
166.5735
168.2237
169.8045
171.6425
173.6205
175.8774
178.3259
180.7736
183.2133
185.5559
187.8683
190.0431
192.3872
194.9376
197.4316
200.2928
203.1228
205.6878
208.2383
210.8804
214.1256
216.5214
219.2033
221.8931
223.8717
226.7829
229.2907
232.4332
234.8944
237.387
240.363
243.5067
246.054
249.2593
252.3643
255.3545
258.4945
261.3617
264.9264
268.1846
271.0381
273.8718
277.5405
280.313
283.9673
287.4367
290.1484
293.7498
296.5189
300.7331
303.7399
306.9709
310.0349
313.0436
316.5466
320.4095
323.6612
327.1616
330.7441
334.5097
338.5628
342.8098
346.8251
350.8267
354.3158
357.6346
360.8929
364.4726
368.1879
372.5009
375.6136
379.2166
382.8886
387.4847
