529.0
529.0
527.5645
526.3519
524.8993
523.6235
522.1399
520.8938
519.7818
518.3969
517.2456
516.0972
514.9328
513.5275
512.3864
511.0079
509.5895
508.4577
507.2409
505.9007
504.5944
503.3514
502.1791
500.9594
499.757
498.6629
497.5322
496.3687
495.3641
494.2746
493.0064
491.7942
490.6288
489.4116
488.2376
487.0215
485.9151
484.564
483.4235
482.3185
481.0966
479.9912
478.846
477.7011
476.6117
475.3126
473.9164
472.6692
471.6151
470.492
469.3774
468.27
467.1237
466.1267
464.8786
463.6707
462.5644
461.4446
460.3287
459.3211
458.2574
457.146
456.0137
454.9384
453.7904
452.9295
452.0538
451.2822
450.1832
449.1821
448.2916
447.1283
445.9561
445.0024
444.0184
443.1719
442.0373
441.1032
440.0501
439.2842
438.4101
437.493
436.6539
435.9056
435.0889
434.1598
433.2957
432.362
431.5026
430.281
429.4665
428.5201
427.5257
426.5539
425.6214
424.7887
423.9312
423.0004
422.155
421.0885
420.0648
419.1183
418.305
417.4204
416.4612
415.5705
414.7236
413.7216
412.8371
411.9471
411.0901
410.1183
409.2129
408.2374
407.3784
406.4901
405.6773
404.8993
404.0009
403.2069
402.5544
401.6402
400.7518
399.7643
398.7827
397.8736
396.8432
395.931
394.9888
394.0699
393.1777
392.0261
390.9727
389.9148
388.5685
387.4896
386.2369
384.8738
383.5716
382.2196
380.9383
379.5595
378.2327
377.1049
375.7747
374.2565
372.7722
371.2513
370.0327
368.5078
367.2383
365.6942
364.3562
362.8229
361.3497
359.6125
358.1623
356.7031
355.2142
353.9885
352.5975
351.0975
349.5728
347.9986
346.4521
344.8604
343.3456
341.9293
340.5765
339.2504
337.7694
336.0974
334.5649
332.9448
331.5677
329.828
328.2516
326.797
325.2835
323.696
322.1056
320.8042
319.3454
317.7899
316.2747
314.7812
313.4449
312.1208
310.7258
309.1892
307.7307
306.4553
304.9211
303.5377
302.1886
300.6673
299.3252
297.935
296.5737
295.1896
