144.0
144.0
143.1184
142.2242
141.282
140.3336
139.3726
138.4646
137.6519
136.7255
135.7434
134.7753
133.7957
132.8628
131.8559
130.9267
129.8465
128.953
128.0613
127.1136
126.201
125.4245
124.5692
123.703
122.8097
121.9168
121.075
120.0999
119.2791
118.4151
117.6189
116.8052
115.9062
115.0814
114.134
113.3601
112.4668
111.5847
110.7556
109.8614
108.9872
108.1491
107.3342
106.6602
105.8482
105.0971
104.356
103.5297
102.7758
102.0161
101.3218
100.5564
99.8727
99.1959
98.4011
97.57
96.9231
96.2938
95.641
95.0117
94.2965
93.7023
93.1642
92.6389
92.0556
91.4432
90.8502
90.2977
89.7607
89.0854
88.6174
88.1418
87.6142
87.1103
86.5465
86.0527
85.5682
85.0839
84.5528
84.0932
83.6298
83.1202
82.6033
82.1177
81.7194
81.2834
80.8858
80.4535
80.0246
79.5872
79.1334
78.6456
78.2027
77.7287
77.2703
76.8407
76.4881
76.1006
75.719
75.3476
74.9123
74.4166
73.9561
73.5602
73.1986
72.8154
72.3811
72.0211
71.6028
71.2535
70.8706
70.5455
70.1506
69.8215
69.4434
69.0434
68.6804
68.3251
67.9443
67.5911
67.201
66.8798
66.4936
66.1254
65.7773
65.4097
64.9461
64.6341
64.2679
63.9165
63.5587
63.2427
62.8827
62.5533
62.2305
61.9866
61.67
61.3259
60.9804
60.6694
60.3636
60.0561
59.7696
59.5091
59.2155
58.9155
58.6409
58.4125
58.1796
57.9075
57.6461
57.3872
57.159
56.8761
56.6612
56.3459
56.1782
55.9418
55.653
55.3959
55.1452
54.8931
54.7006
54.4283
54.2157
53.9867
53.7828
53.5644
53.3443
53.0879
52.8997
52.6713
52.498
52.256
52.1257
51.929
51.6604
51.4194
51.239
51.022
50.8321
50.6012
50.3791
50.2174
49.9831
49.8035
49.5735
49.3647
49.1647
48.9945
48.8008
48.6075
48.3928
48.2095
48.0428
47.8466
47.6346
47.4134
47.2358
47.0644
