9.0
9.0
9.051999999999984
9.111200000000002
9.164300000000004
9.212000000000005
9.266499999999992
9.319800000000031
9.367500000000005
9.420299999999992
9.467599999999992
9.513899999999962
9.553700000000022
9.59529999999998
9.636100000000058
9.6772
9.71629999999998
9.752700000000043
9.785399999999992
9.8221
9.858499999999973
9.895099999999998
9.927500000000027
9.965799999999989
9.993899999999938
10.023699999999996
10.057499999999965
10.084800000000007
10.113500000000004
10.140300000000012
10.160800000000005
10.18899999999999
10.21920000000001
10.249600000000001
10.27559999999997
10.30320000000002
10.323999999999995
10.349000000000002
10.372599999999979
10.396299999999972
10.4132
10.432000000000016
10.451100000000007
10.464899999999979
10.489199999999986
10.513199999999971
10.538000000000038
10.553299999999952
10.573199999999995
10.598300000000044
10.613399999999967
10.632399999999986
10.653200000000005
10.67040000000003
10.688399999999982
10.709299999999985
10.730300000000002
10.75179999999994
10.76659999999999
10.784199999999979
10.801500000000022
10.81710000000001
10.83460000000001
10.848699999999964
10.864500000000005
10.886299999999967
10.893400000000025
10.909000000000026
10.919400000000039
10.930899999999983
10.94080000000002
10.954699999999983
10.966300000000013
10.978899999999978
10.990300000000062
11.005100000000017
11.014700000000008
11.024100000000027
11.040799999999996
11.0544
11.059800000000019
11.071400000000013
11.086799999999972
11.101099999999999
11.117499999999968
11.132100000000007
11.141499999999992
11.15419999999998
11.16280000000005
11.171800000000015
11.184600000000032
11.193600000000004
11.204400000000007
11.216999999999993
11.230299999999987
11.238500000000004
11.251299999999995
11.262300000000002
11.278700000000011
11.290700000000028
11.298200000000058
11.308100000000001
11.319100000000018
11.3256
11.335400000000028
11.34199999999995
11.35480000000003
11.370800000000024
11.382600000000044
11.39250000000002
11.400199999999971
11.408100000000063
11.4263
11.433300000000024
11.443799999999966
11.448199999999982
11.460000000000043
11.470199999999995
11.481200000000015
11.489699999999987
11.498299999999997
11.509999999999998
11.520399999999965
11.530100000000001
11.537300000000023
11.546199999999988
11.549699999999989
11.561799999999998
11.573600000000011
11.585999999999995
11.60769999999995
11.624499999999998
11.640400000000001
11.657900000000005
11.682800000000034
11.7018
11.720399999999968
11.744400000000004
11.769900000000021
11.796999999999992
11.819099999999997
11.841500000000005
11.863500000000032
11.891099999999991
11.913200000000007
11.935599999999985
11.964100000000013
11.987800000000004
12.015199999999986
12.041799999999975
12.064099999999982
12.089899999999995
12.117100000000004
12.143600000000031
12.172600000000003
12.195100000000023
12.225699999999996
12.2472
12.273700000000025
12.302899999999948
12.32950000000002
12.357700000000015
12.386900000000027
12.414300000000022
12.441700000000008
12.46590000000003
12.492399999999996
12.521600000000056
12.549400000000013
12.575100000000006
12.602799999999995
12.630700000000024
12.659900000000034
12.690700000000021
12.71859999999998
12.741500000000007
12.766900000000003
12.796700000000001
12.826600000000017
12.851400000000003
12.879000000000014
12.912199999999963
12.943200000000008
12.965100000000033
13.001300000000034
13.029399999999976
13.0577
13.08580000000001
13.113500000000018
13.138100000000046
13.167100000000021
13.197200000000052
13.224000000000018
13.2548
13.285900000000012
13.318800000000007
13.349099999999977
13.377699999999985
13.405800000000012
13.430300000000003
