6.0
6.0
5.9668000000000125
5.934900000000007
5.903899999999996
5.878200000000008
5.84339999999999
5.8109000000000295
5.782100000000007
5.7521
5.725700000000021
5.6997
5.669600000000002
5.641599999999982
5.605100000000019
5.575700000000011
5.546300000000012
5.516099999999996
5.4880000000000075
5.459100000000012
5.429199999999995
5.397499999999979
5.3668000000000005
5.332699999999982
5.302099999999998
5.273200000000005
5.243400000000007
5.21019999999999
5.179500000000006
5.150600000000016
5.118899999999978
5.092400000000001
5.066099999999995
5.036700000000001
5.008299999999991
4.9792000000000005
4.9484999999999815
4.921899999999998
4.895200000000007
4.867400000000012
4.841699999999977
4.808899999999989
4.782100000000023
4.754899999999999
4.726099999999975
4.696199999999975
4.672300000000003
4.648100000000005
4.622500000000008
4.595300000000049
4.565899999999984
4.5359999999999925
4.507899999999992
4.482299999999996
4.454300000000003
4.428699999999977
4.405099999999976
4.385399999999988
4.363999999999988
4.3425000000000304
4.32399999999998
4.305299999999991
4.2871999999999835
4.270999999999995
4.255899999999995
4.240900000000011
4.2262999999999895
4.210799999999987
4.198400000000021
4.186200000000018
4.172300000000003
4.159199999999995
4.1493999999999716
4.139000000000005
4.128199999999998
4.117200000000019
4.107300000000021
4.099700000000005
4.08720000000002
4.077599999999972
4.06820000000001
4.060199999999994
4.053599999999985
4.045599999999974
4.0406000000000155
4.036200000000005
4.030799999999962
4.024999999999995
4.017299999999992
4.011399999999988
4.007299999999988
4.000400000000032
3.995599999999997
3.987599999999997
3.981900000000007
3.9751
3.9689
3.965999999999997
3.9605000000000006
3.9546000000000023
3.9528000000000016
3.947399999999999
3.9435000000000007
3.9401000000000015
3.9361
3.9325
3.9312000000000022
3.9266999999999994
3.9245999999999994
3.9223
3.9205999999999985
3.92
3.916900000000001
3.9137
3.9129999999999994
3.9084
3.9073
3.9048000000000016
3.9056000000000015
3.9034
3.9024000000000014
3.8986000000000014
3.8957999999999995
3.8927
3.89
3.8867000000000016
3.8840000000000017
3.883
3.8815
3.8790999999999993
3.8744000000000005
3.8725
3.8711
3.8682999999999987
3.8658
3.861999999999999
3.8580000000000014
3.8527000000000013
3.846100000000003
3.8405
3.8366
3.831499999999997
3.8244000000000007
3.819
3.8139999999999987
3.8057
3.7979999999999987
3.7906999999999984
3.7851000000000012
3.7781999999999987
3.7747
3.7713000000000028
3.7648
3.7553000000000027
3.7495
3.7414
3.7327000000000012
3.7256000000000014
3.7159000000000013
3.7066
3.6988000000000043
3.689800000000001
3.6804
3.6694999999999984
3.6629000000000045
3.6542000000000017
3.644899999999997
3.637200000000003
3.630099999999999
3.622699999999997
3.6167999999999956
3.6062999999999956
3.5996999999999986
3.590200000000002
3.5817000000000028
3.5731999999999986
3.5658000000000016
3.556599999999997
3.5490000000000013
3.538999999999997
3.5311
3.5216999999999987
3.5134000000000016
3.5065000000000013
3.5004000000000013
3.4905
3.4809999999999954
3.472800000000003
3.4631000000000016
3.4558999999999984
3.448200000000003
3.4386999999999954
3.427900000000005
3.4180000000000024
3.407399999999999
3.401099999999997
3.393400000000003
3.3832999999999984
3.3736000000000073
3.36449999999999
