9.0
9.0
3.2285
1.0591
0.3717
0.1567
0.0855
0.0685
0.0593
0.0554
0.0524
0.0524
0.0522
0.0584
0.0518
0.0465
0.0461
0.0448
0.0512
0.0481
0.0474
0.047
0.047
0.0472
0.0469
0.0467
0.0419
0.0399
0.0421
0.0441
0.0383
0.0419
0.0404
0.0411
0.0435
0.0434
0.0433
0.0378
0.0392
0.036
0.0391
0.0392
0.0353
0.0377
0.0374
0.0356
0.0415
0.04
0.0415
0.0386
0.038
0.0357
0.037
0.0364
0.0503
0.0592
0.0608
0.0614
0.0579
0.0604
0.0549
0.0574
0.0583
0.054
0.0558
0.0541
0.0501
0.0469
0.0455
0.0468
0.0517
0.0452
0.045
0.044
0.0445
0.0449
0.0429
0.0466
0.0453
0.0446
0.0473
0.0472
0.0435
0.0449
0.0433
0.0449
0.0424
0.0383
0.036
0.0388
0.0444
0.0474
0.0458
0.0392
0.0404
0.0393
0.0353
0.0392
0.0384
0.0412
0.0376
0.0397
0.04
0.0403
0.0412
0.0423
0.042
0.0403
0.0352
0.0382
0.0374
0.0376
0.0392
0.0382
0.0425
0.0409
0.0421
0.0403
0.0396
0.04
0.0393
0.0405
0.041
0.041
0.0395
0.0364
0.0376
0.0426
0.042
0.0476
0.0513
0.0541
0.053
0.056
0.0519
0.0539
0.0528
0.0542
0.053
0.0549
0.0537
0.0537
0.0583
0.0568
0.0579
0.0566
0.0564
0.0524
0.0539
0.0561
0.0598
0.0545
0.055
0.0554
0.0525
0.0482
0.051
0.0501
0.0507
0.0501
0.0551
0.0537
0.0538
0.0564
0.0587
0.0546
0.0506
0.0512
0.0527
0.0462
0.0488
0.0521
0.0482
0.0486
0.0474
0.046
0.0491
0.052
0.0536
0.0505
0.0501
0.0531
0.0518
0.0534
0.0568
0.0542
0.0523
0.0526
0.0543
0.049
0.0494
0.053
0.0532
0.0518
0.0512
0.0512
0.0499
0.0546
0.0522
0.0506
