8.0
8.0
8.2141
8.408
8.6011
8.8374
9.0532
9.261
9.3565
9.6317
9.7693
9.951
10.07
10.2791
10.3865
10.5419
10.716
10.8733
11.0349
11.1775
11.305
11.3974
11.5194
11.6621
11.7054
11.8343
11.9568
12.1108
12.1651
12.2331
12.3001
12.4841
12.6186
12.8336
12.9883
12.9707
13.0495
13.1005
13.1155
13.1564
13.2485
13.2972
13.3259
13.4585
13.475
13.715
13.8281
13.9382
14.0438
14.0753
14.0259
14.1081
14.2113
14.1827
14.3438
14.4077
14.5446
14.6771
14.7764
14.8735
14.9263
15.1049
15.2513
15.506
15.6113
15.7877
16.006
16.2031
16.3381
16.5589
16.7597
16.9594
17.166
17.5027
17.7733
18.0242
18.2948
18.5576
18.9506
19.3497
19.5998
19.9661
20.2981
20.4971
20.7934
21.0973
21.4424
21.8547
22.1335
22.5148
22.9281
23.2996
23.6006
23.8689
24.1977
24.5307
24.906
25.1978
25.7095
25.9626
26.2456
26.4778
26.7426
27.1634
27.6064
27.863
28.1285
28.405
28.8479
29.1737
29.6286
29.9229
30.3241
30.6335
31.0125
31.5119
31.8616
32.206
32.594
32.8198
33.2264
33.7396
34.1515
34.5879
34.8739
35.2083
35.6711
36.1159
36.4873
36.9956
37.431
38.0435
38.3439
38.846
39.2963
39.7261
40.0585
40.4162
41.0492
41.3422
41.7689
42.0913
42.3665
42.435
42.8477
43.1896
43.7239
43.9917
44.3828
44.807
45.3163
45.5629
45.8602
46.1329
46.4175
46.9965
47.3118
47.7924
48.2104
48.2996
48.6202
48.9618
49.4131
49.6472
50.0479
50.6416
50.9097
51.5879
51.7783
52.0771
52.364
52.5692
52.9612
53.2179
53.493
53.821
54.2759
54.9353
55.233
55.7256
56.1747
56.5452
57.1918
57.527
57.7527
57.9027
58.3351
58.603
59.0733
59.6045
59.632
59.9416
60.2797
60.4675
60.7679
61.0887
61.1956
61.4882
61.8129
62.1834
