64.0
64.0
69.1942
74.6165
80.0345
85.449
91.3762
97.4508
103.031
109.3566
115.9296
122.5811
129.0835
135.8077
143.2205
150.2337
158.0043
165.6991
173.1976
181.5659
190.4883
198.4666
206.1482
214.8765
224.1798
232.1412
241.9154
251.307
260.3317
270.3145
279.968
290.4621
300.0423
310.2788
321.4527
332.1143
343.7012
355.5616
366.1906
378.4732
390.5493
401.6306
413.8207
426.8412
439.4959
451.5259
465.0167
478.016
490.3669
504.8039
518.1441
532.0466
546.7655
561.8229
576.1129
590.8813
605.8279
618.0994
632.6486
648.6527
663.0835
677.5301
692.4287
708.1172
724.1437
741.0425
755.8976
769.794
785.9303
802.0227
818.0079
834.4225
850.527
868.5321
883.7787
902.2392
920.5612
937.7959
954.7821
973.6515
994.5759
1013.8675
1033.1861
1052.7585
1071.3834
1090.9444
1110.2989
1129.5069
1148.2592
1167.0782
1186.323
1206.0903
1227.6711
1248.165
1267.6568
1288.566
1310.0134
1333.3061
1358.741
1375.2427
1396.0294
1418.5481
1440.5378
1463.2292
1483.9251
1507.0144
1528.9874
1549.8768
1571.2502
1596.3841
1620.405
1643.695
1668.6931
1695.0896
1718.9097
1743.7142
1767.5281
1790.2035
1815.3603
1841.5463
1867.3352
1892.6794
1919.0247
1942.5295
1968.371
1994.2286
2024.5688
2052.8264
2078.197
2101.4163
2125.9218
2149.9552
2175.5887
2196.685
2223.0789
2246.0446
2269.8196
2289.5018
2310.4864
2335.2665
2358.5231
2377.4502
2399.7176
2418.8674
2437.8177
2458.9788
2481.0453
2500.538
2526.8299
2545.6554
2560.0694
2580.4214
2597.3472
2617.4796
2637.8292
2658.201
2674.9469
2692.909
2716.0902
2740.7936
2759.0438
2782.5082
2805.3866
2827.2922
2852.1599
2871.4102
2891.826
2908.9879
2930.4948
2954.4275
2972.0498
2998.5667
3021.0643
3042.1242
3063.9085
3083.4823
3109.2146
3128.08
3146.1043
3170.1728
3190.9471
3212.5238
3234.7942
3256.001
3279.1824
3297.3331
3319.6134
3341.6552
3360.7213
3379.6674
3402.5424
3426.0355
3446.6174
3467.3301
3489.512
3512.219
3530.5364
3551.2676
3577.6794
3599.8205
