3375.0
3375.0
3384.6788
3396.3134
3407.5785
3417.4016
3426.5386
3437.7762
3446.8411
3458.6369
3469.4065
3478.1463
3485.7584
3494.3458
3502.8797
3509.5917
3519.3327
3525.9643
3534.3954
3542.2162
3548.2878
3555.2717
3563.4999
3569.0212
3573.2999
3580.3444
3584.7842
3589.9264
3596.7919
3599.5031
3603.9834
3608.2934
3613.3037
3618.964
3623.7945
3628.7229
3633.7408
3638.3905
3643.6211
3649.2341
3653.9644
3659.7684
3663.1377
3667.3878
3671.2175
3675.7574
3678.1382
3682.6599
3686.1201
3690.2298
3693.9153
3697.0966
3702.062
3705.9157
3708.5972
3712.5595
3716.1375
3718.7743
3722.568
3725.8664
3728.1843
3730.4001
3732.4718
3735.3931
3739.0516
3740.3901
3743.3835
3745.7531
3748.115
3749.7288
3751.2014
3752.4626
3753.3728
3754.7048
3755.949
3757.0382
3759.0462
3760.8919
3761.5713
3764.0042
3765.7088
3768.2924
3770.6795
3772.6075
3774.3998
3775.8636
3776.8507
3777.9412
3778.8881
3779.9071
3781.0511
3781.5798
3782.4798
3783.1449
3782.9232
3784.0215
3785.9741
3788.3006
3789.5083
3789.885
3790.3878
3791.8279
3793.0008
3793.4322
3792.9011
3792.1073
3794.4608
3795.0531
3794.2605
3794.2869
3795.1443
3794.8361
3795.6755
3795.1468
3796.1556
3796.2174
3796.2149
3796.8223
3795.9263
3795.9527
3797.0511
3796.1359
3796.5937
3798.4755
3799.2658
3799.7086
3800.6771
3800.5809
3801.302
3801.8872
3802.5637
3802.7771
3802.8
3803.8172
3804.7545
3805.5998
3806.5738
3807.3129
3806.4175
3805.9603
3805.9441
3805.7331
3805.7132
3806.4497
3806.1697
3805.6529
3807.3082
3807.4169
3808.3144
3809.2645
3810.1207
3810.5971
3810.3585
3811.5097
3811.5638
3811.8925
3812.2795
3812.3529
3812.7445
3812.5425
3813.451
3812.3946
3812.6289
3813.1895
3812.9924
3813.1096
3813.0916
3813.2221
3813.0449
3812.298
3812.7354
3812.4734
3813.242
3814.258
3813.3633
3814.085
3815.5411
3814.5015
3815.1263
3815.5746
3814.943
3814.7531
3814.6384
3815.0452
3814.6835
3814.7196
3815.1432
3814.885
3815.1967
3815.458
3815.3583
3815.7332
3816.986
3817.5429
3817.3921
3818.0688
3818.8228
3818.9197
3819.3035
3819.6917
