0.0
0.0
0.015999999999999938
0.02740000000000001
0.0368000000000001
0.04329999999999994
0.046800000000000105
0.05470000000000009
0.059199999999999975
0.06269999999999976
0.06820000000000016
0.07019999999999994
0.07059999999999995
0.06980000000000003
0.06870000000000002
0.07129999999999989
0.07009999999999994
0.07220000000000022
0.07410000000000017
0.07549999999999989
0.07779999999999973
0.0752
0.07720000000000017
0.07490000000000056
0.0727000000000001
0.07350000000000023
0.07509999999999997
0.07669999999999985
0.07610000000000025
0.07560000000000013
0.07680000000000001
0.0747999999999997
0.0746000000000004
0.07810000000000009
0.07600000000000029
0.07519999999999988
0.0731999999999997
0.07389999999999997
0.07580000000000024
0.07630000000000027
0.07730000000000023
0.07739999999999975
0.07809999999999966
0.0782999999999998
0.07689999999999989
0.07919999999999973
0.07860000000000018
0.08039999999999996
0.07629999999999962
0.07830000000000016
0.0809000000000001
0.0819000000000005
0.08020000000000019
0.07659999999999981
0.07559999999999976
0.07799999999999989
0.08359999999999962
0.0883000000000003
0.09069999999999986
0.09520000000000015
0.09780000000000011
0.10090000000000002
0.10619999999999996
0.10839999999999986
0.1163
0.1192
0.12179999999999995
0.12430000000000012
0.1277000000000005
0.13039999999999996
0.13259999999999975
0.1347000000000005
0.13440000000000119
0.13320000000000012
0.1351999999999992
0.13480000000000042
0.1350999999999996
0.13759999999999983
0.1381000000000003
0.13590000000000046
0.1378999999999989
0.1381999999999995
0.13820000000000007
0.1392
0.13869999999999996
0.13880000000000042
0.1390999999999998
0.13710000000000006
0.13740000000000044
0.13890000000000027
0.13840000000000033
0.1424999999999993
0.1421999999999994
0.1417999999999999
0.14020000000000082
0.1392999999999994
0.14020000000000024
0.14059999999999986
0.14069999999999971
0.13910000000000036
0.1423000000000003
0.14390000000000092
0.14349999999999996
0.14140000000000055
0.13980000000000015
0.14300000000000096
0.14370000000000108
0.14490000000000008
0.14279999999999937
0.1417999999999996
0.14170000000000035
0.1457999999999995
0.14899999999999963
0.1474000000000004
0.15100000000000033
0.1513000000000001
0.1547000000000002
0.15350000000000008
0.1520000000000002
0.15160000000000026
0.15130000000000035
0.15369999999999953
0.15080000000000002
0.15160000000000037
0.14979999999999993
0.1499000000000001
0.1482000000000004
0.1478999999999999
0.1506000000000003
0.14830000000000007
0.1482000000000002
0.14819999999999955
0.14900000000000013
0.15079999999999996
0.1538999999999999
0.15799999999999934
0.1601000000000003
0.16109999999999997
0.1630999999999999
0.1628000000000008
0.16220000000000065
0.16369999999999948
0.16430000000000017
0.16410000000000033
0.16470000000000026
0.16659999999999944
0.16650000000000037
0.16689999999999944
0.16949999999999993
0.17230000000000043
0.1721999999999997
0.17110000000000017
0.17139999999999941
0.17210000000000006
0.16979999999999998
0.1727000000000003
0.1731999999999996
0.17460000000000003
0.1768999999999999
0.17490000000000064
0.17810000000000026
0.17980000000000043
0.17949999999999944
0.18120000000000028
0.1826
0.18420000000000072
0.18499999999999983
0.18550000000000008
0.1844999999999999
0.1860999999999994
0.18679999999999994
0.1870000000000002
0.18690000000000018
0.18420000000000078
0.1845000000000003
0.18790000000000015
0.19150000000000017
0.1921999999999999
0.191
0.19139999999999993
0.18950000000000047
0.1880999999999998
0.1865000000000006
0.18710000000000038
0.18650000000000005
0.18639999999999998
0.1892999999999997
0.1884999999999995
0.1895
0.1919000000000003
0.19339999999999927
0.19599999999999948
0.19549999999999962
0.1942000000000005
0.19330000000000006
0.1947
0.19339999999999927
0.19149999999999998
0.19140000000000026
0.1896
