121.0
121.0
120.1716
119.3682
118.5813
117.8364
117.0166
116.2231
115.3706
114.6519
113.9927
113.2987
112.6593
111.8854
111.0495
110.414
109.6361
108.8882
108.2623
107.5668
106.8839
106.1704
105.4498
104.735
104.0783
103.3644
102.5499
101.7816
101.0762
100.4166
99.7825
99.0963
98.4562
97.7958
97.1328
96.5094
95.847
95.1874
94.5509
93.9605
93.3876
92.7929
92.2002
91.5835
90.8588
90.2213
89.6219
89.0276
88.4383
87.9149
87.3345
86.7116
86.1645
85.5003
84.8866
84.2172
83.6634
83.1554
82.5435
82.0117
81.4679
80.9616
80.3715
79.8449
79.4033
78.9009
78.4123
77.9185
77.421
76.9725
76.5442
76.0594
75.6336
75.1499
74.665
74.2213
73.6949
73.1845
72.698
72.2167
71.7884
71.3517
70.8776
70.4197
70.0036
69.4942
69.012
68.625
68.18
67.7634
67.2646
66.8683
66.4285
65.9817
65.5293
65.1228
64.7433
64.2973
63.8707
63.3997
63.0062
62.5324
62.0636
61.6403
61.234
60.8142
60.3882
60.0262
59.6539
59.2368
58.8443
58.4558
58.0646
57.6103
57.2508
56.8842
56.4667
56.0969
55.6574
55.2815
54.8503
54.5316
54.1361
53.779
53.4293
53.0657
52.653
52.2824
51.8911
51.5412
51.2015
50.8671
50.5005
50.1253
49.764
49.3536
48.9173
48.5149
48.1268
47.7475
47.3733
46.9449
46.5773
46.1758
45.8077
45.4264
45.0043
44.6531
44.2764
43.9228
43.5473
43.2156
42.8364
42.5068
42.1539
41.7657
41.4121
41.0081
40.6102
40.3008
39.933
39.5969
39.1653
38.8064
38.421
38.0045
37.6647
37.3293
36.993
36.6738
36.3724
36.0412
35.7044
35.3873
35.0834
34.7428
34.4204
34.0817
33.7507
33.3813
33.0605
32.7411
32.3925
32.0532
31.7876
31.5029
31.2144
30.9045
30.6111
30.2848
29.999
29.6426
29.3605
29.0782
28.7953
28.479
28.2107
27.995
27.7362
27.444
