2.0
2.0
1.9657
1.9364
1.9063000000000008
1.8803999999999992
1.8574
1.8317999999999992
1.8013000000000021
1.7818999999999974
1.7580999999999984
1.7333999999999985
1.713199999999999
1.6961
1.6727000000000003
1.6493000000000018
1.632600000000003
1.6170999999999969
1.602899999999999
1.585300000000002
1.5681999999999998
1.5502000000000036
1.5348000000000008
1.517299999999997
1.501200000000002
1.4885000000000013
1.4742
1.4668000000000025
1.455099999999999
1.442099999999999
1.433500000000002
1.4267000000000019
1.420800000000001
1.4162000000000048
1.4113000000000024
1.3960999999999992
1.388500000000002
1.3794999999999988
1.3687000000000036
1.3658
1.3607000000000045
1.3535999999999968
1.347499999999993
1.3420999999999972
1.3388000000000047
1.3382000000000005
1.3319000000000023
1.3219999999999992
1.3189999999999968
1.3133000000000006
1.3064999999999987
1.3004999999999984
1.2981000000000014
1.2898999999999978
1.2920000000000031
1.2940999999999967
1.2972000000000024
1.299499999999999
1.3021999999999974
1.3062999999999985
1.3129000000000015
1.3229000000000044
1.3295
1.3412000000000004
1.3493000000000015
1.3553000000000002
1.3653999999999977
1.3782999999999974
1.390300000000002
1.3998999999999995
1.4099000000000008
1.4223999999999979
1.432199999999996
1.4430999999999983
1.4520999999999977
1.462399999999999
1.4756000000000051
1.4869999999999972
1.5008000000000046
1.5170999999999977
1.528999999999999
1.5424999999999982
1.5540999999999978
1.5689000000000017
1.5801999999999994
1.5925000000000022
1.6063999999999976
1.6184999999999987
1.6285000000000038
1.641999999999998
1.6545000000000007
1.6671999999999967
1.6777999999999986
1.6875
1.6958999999999977
1.7031000000000014
1.7148000000000014
1.7245999999999968
1.7358999999999982
1.7460000000000018
1.7577999999999994
1.7656000000000023
1.7736000000000007
1.7846000000000004
1.7997999999999985
1.8068
1.8142999999999985
1.8226000000000007
1.8323000000000012
1.8413000000000015
1.851
1.8596999999999986
1.8666999999999974
1.8790999999999993
1.8878999999999992
1.8983000000000003
1.9071999999999996
1.9192
1.9298
1.9348
1.9441999999999993
1.957
1.9669
1.9797
1.9866999999999992
1.9964999999999942
2.0081000000000047
2.021499999999999
2.0317000000000136
2.04140000000001
2.051400000000003
2.063900000000005
2.074499999999995
2.085199999999995
2.0933000000000073
2.1000999999999936
2.1060999999999797
2.1134000000000017
2.1224000000000087
2.1280000000000086
2.137099999999999
2.145699999999982
2.1496999999999815
2.1522000000000023
2.1551
2.1622000000000017
2.1684999999999914
2.175300000000005
2.1835999999999944
2.188400000000005
2.1918999999999986
2.1979
2.200600000000009
2.201499999999999
2.2064999999999984
2.21189999999999
2.215200000000003
2.223000000000008
2.228799999999996
2.2303999999999933
2.233600000000004
2.238000000000001
2.244099999999994
2.249600000000007
2.2543000000000135
2.26060000000001
2.2659000000000016
2.2762999999999822
2.2777000000000043
2.280099999999997
2.282600000000001
2.2831999999999986
2.28700000000002
2.291099999999995
2.295000000000011
2.29779999999999
2.3021000000000007
2.3087000000000066
2.313000000000007
2.3189999999999857
2.3282999999999947
2.3340000000000103
2.342199999999999
2.3456000000000015
2.3468999999999998
2.348100000000002
2.3539000000000057
2.358400000000005
2.364900000000017
2.3680999999999948
2.3710000000000115
2.3751999999999946
2.3827000000000074
2.3856999999999986
2.3885000000000125
2.3924999999999996
2.392599999999995
2.394799999999995
2.402700000000009
2.404200000000014
