289.0
289.0
292.1967
295.2257
298.4985
301.5318
304.339
307.5508
310.7974
314.1346
317.3019
320.149
323.29
326.4991
329.7296
332.9503
336.1253
339.116
341.9627
344.8231
347.8698
350.907
353.939
356.9852
359.7811
362.9094
365.9377
368.9764
371.9473
374.9407
378.2699
381.5969
384.3854
387.3574
390.2974
393.1485
396.2605
399.3498
402.0891
405.0704
408.0337
411.1745
414.0904
417.1615
419.8793
422.872
425.9746
429.1397
432.2985
435.2961
438.4992
441.357
444.5805
447.5441
450.5084
453.0613
455.7328
458.1038
460.6814
462.9346
465.1654
467.5294
469.9328
472.3257
474.282
476.4576
478.6229
480.6309
482.5924
484.7968
486.6701
488.6188
490.651
492.3999
494.3522
496.2732
498.2698
500.3876
502.2355
504.3264
506.3723
508.1484
509.8357
511.5821
513.3313
515.1009
517.0998
519.0256
520.9316
522.8054
524.6593
526.6917
528.5417
530.3104
532.2321
534.2319
536.0274
538.089
539.7249
541.5321
543.3469
545.2406
547.1099
548.9049
550.9431
552.6277
554.4437
556.3325
557.8829
560.0756
562.1369
563.9536
565.589
567.4776
569.4648
571.0858
572.8515
574.3517
575.7024
577.8149
579.4916
581.3619
583.0641
584.9049
586.7635
588.6263
590.5647
592.2344
594.2021
595.9417
597.9502
599.9964
601.9946
604.0007
605.9362
607.7016
609.8023
611.7444
613.6976
616.031
617.9971
620.1186
622.5106
624.6062
626.7576
628.9988
631.248
633.4918
635.5458
637.7248
639.9942
642.3181
644.5505
646.5483
648.92
651.348
653.3959
655.4262
657.5339
659.803
661.7597
664.0126
666.4305
668.7998
670.9357
672.9766
675.3099
677.6611
679.9468
681.9424
684.5374
686.8646
689.0396
691.3552
693.0078
695.4001
697.7567
700.0858
702.2924
704.4956
706.8684
708.7011
710.8541
712.687
714.7516
716.7794
718.7949
720.7964
722.9795
725.2018
727.3131
729.3803
731.4512
733.6707
735.7361
737.5692
739.8115
741.9062
743.9545
745.9898
