13.0
13.0
13.02669999999998
13.0499
13.083299999999996
13.1165
13.147100000000014
13.176799999999995
13.210699999999994
13.248600000000014
13.276800000000026
13.307699999999965
13.3425
13.378899999999994
13.412700000000024
13.449300000000024
13.482000000000035
13.517300000000018
13.549299999999983
13.585599999999994
13.620900000000024
13.647999999999989
13.680499999999997
13.7136
13.755999999999997
13.787800000000002
13.821899999999994
13.859099999999994
13.89250000000002
13.921799999999994
13.955000000000018
13.991599999999972
14.021799999999988
14.054200000000014
14.090800000000012
14.122400000000011
14.1536
14.189400000000006
14.224400000000015
14.260599999999995
14.292799999999986
14.322
14.359200000000017
14.392899999999994
14.4293
14.464199999999996
14.499000000000006
14.529399999999994
14.564600000000018
14.5955
14.623999999999983
14.658000000000014
14.690499999999997
14.725300000000017
14.764999999999997
14.799199999999997
14.834199999999989
14.8688
14.9031
14.939700000000004
14.9796
15.014600000000003
15.049000000000003
15.083699999999995
15.1192
15.154699999999995
15.1812
15.216200000000006
15.2489
15.2792
15.3116
15.342999999999995
15.379600000000003
15.412299999999995
15.441800000000006
15.48
15.5164
15.5551
15.585600000000007
15.613
15.644399999999994
15.6844
15.7164
15.7547
15.7912
15.83
15.865
15.896
15.9333
15.969999999999992
16.00909999999997
16.042700000000025
16.078200000000038
16.109099999999966
16.142699999999977
16.18149999999998
16.21969999999994
16.25450000000004
16.29849999999989
16.33460000000008
16.365099999999934
16.3987
16.434199999999908
16.464500000000033
16.499799999999972
16.54170000000004
16.5818
16.610099999999928
16.643700000000024
16.673100000000048
16.710800000000045
16.750799999999952
16.7867
16.820299999999996
16.85509999999994
16.886000000000013
16.921099999999935
16.950699999999973
16.989999999999927
17.02789999999995
17.06649999999993
17.10250000000003
17.132600000000025
17.1689
17.19910000000005
17.238399999999974
17.27160000000008
17.301900000000067
17.33689999999996
17.37540000000005
17.410700000000062
17.44519999999987
17.47830000000001
17.51059999999999
17.54899999999998
17.584300000000063
17.6236
17.65490000000009
17.688800000000086
17.728299999999972
17.768499999999985
17.803100000000093
17.837400000000095
17.873299999999958
17.903600000000065
17.943499999999947
17.982100000000013
18.01759999999992
18.05040000000001
18.08660000000003
18.116500000000052
18.15569999999996
18.193000000000033
18.22579999999996
18.264799999999944
18.30349999999993
18.348000000000024
18.385999999999935
18.417099999999937
18.453200000000017
18.49239999999999
18.526199999999978
18.568400000000047
18.608500000000014
18.6421
18.674799999999905
18.713099999999823
18.743699999999887
18.776400000000013
18.809500000000096
18.845399999999934
18.88259999999998
18.924399999999917
18.955400000000004
18.990900000000025
19.032000000000068
19.07010000000007
19.110400000000045
19.14369999999998
19.176999999999968
19.21579999999999
19.251900000000017
19.286099999999955
19.32269999999993
19.35529999999994
19.391199999999984
19.428199999999944
19.464699999999958
19.503199999999964
19.54160000000003
19.57450000000004
19.599400000000028
19.63220000000004
19.669000000000043
19.70800000000008
19.754899999999914
19.78470000000008
19.819400000000044
19.85579999999997
19.895599999999984
