225.0
225.0
227.2712
229.463
231.4933
233.5103
235.6096
237.6052
239.4343
241.2278
242.7983
244.3291
245.9394
247.2995
248.7008
249.8971
251.0642
252.2023
253.372
254.3282
255.3183
256.1807
256.9494
257.7443
258.5123
259.3116
260.0218
260.7415
261.4256
262.0477
262.5863
263.035
263.5578
264.1647
264.7715
265.1809
265.642
266.1056
266.5505
267.0527
267.4852
267.9117
268.2823
268.5985
268.9003
269.3473
269.6816
270.0737
270.3994
270.7167
270.9651
271.4071
271.7161
271.9955
272.2616
272.5509
272.7341
272.9023
273.1318
273.4195
273.6714
273.8408
273.92
274.1833
274.2443
274.3737
274.5028
274.587
274.7506
274.9067
274.985
275.1392
275.2614
275.3671
275.4342
275.5593
275.5849
275.5084
275.5974
275.6109
275.6479
275.6282
275.6354
275.6981
275.7426
275.7545
275.8657
275.8295
275.8521
275.9337
275.9048
275.8873
275.8611
275.8829
275.9351
275.9001
275.9656
275.9874
275.9532
275.9233
275.9135
275.7808
275.8367
275.7187
275.5839
275.5963
275.6281
275.5058
275.5034
275.4834
275.4543
275.5544
275.4835
275.4651
275.4471
275.3741
275.359
275.3541
275.3387
275.2302
275.1845
275.1631
275.0642
275.0083
274.8888
274.8405
274.8206
274.7679
274.652
274.4496
274.2491
274.1939
273.9518
273.7581
273.4185
273.1796
272.8784
272.6867
272.421
272.0929
271.7588
271.5007
271.0771
270.6429
270.3388
269.8478
269.3033
269.0738
268.6137
268.1291
267.6595
267.188
266.6824
266.1853
265.5745
264.9033
264.2735
263.7645
263.2004
262.8071
262.2559
261.5858
260.9842
260.5355
259.9131
259.2948
258.7803
258.2274
257.6503
256.9798
256.3333
255.8766
255.2891
254.5721
253.8623
253.2803
252.7169
252.0645
251.4475
250.8069
250.2108
249.5226
248.8454
248.2397
247.6566
247.0122
246.3071
245.6451
244.907
244.1119
243.3517
242.8275
242.1124
241.4092
240.7256
240.0377
239.3726
238.6175
237.9247
237.2268
