25.0
25.0
25.3056
25.6718
26.0132
26.2825
26.6143
26.9122
27.1762
27.4646
27.7767
28.0767
28.3493
28.6421
28.9389
29.2288
29.5431
29.7996
30.1025
30.4509
30.7212
31.0223
31.3111
31.5869
31.8259
32.116
32.3759
32.6529
32.9057
33.1387
33.4232
33.6611
33.9043
34.1124
34.3845
34.598
34.8419
35.0914
35.4117
35.6822
35.906
36.1381
36.4049
36.6917
36.9142
37.1588
37.404
37.6579
37.8804
38.1279
38.3819
38.5841
38.7725
39.0167
39.212
39.3867
39.5616
39.774
40.0102
40.1978
40.3542
40.5283
40.673
40.8252
40.9498
41.1228
41.258
41.3953
41.497
41.6517
41.7563
41.804
41.9295
42.0085
42.1357
42.2652
42.3597
42.4958
42.5573
42.677
42.7944
42.8762
42.9053
42.9437
42.9539
43.0299
43.0726
43.1637
43.2011
43.2576
43.3245
43.3474
43.3943
43.4133
43.4073
43.4828
43.4892
43.4873
43.5797
43.5983
43.603
43.6328
43.6632
43.7251
43.7553
43.8166
43.8724
43.9759
43.9435
43.9643
43.9697
43.9796
43.9921
43.9876
44.0433
44.0677
44.0632
44.0946
44.0956
44.1374
44.1597
44.248
44.2162
44.2081
44.1797
44.1758
44.1672
44.1942
44.1656
44.141
44.1756
44.1598
44.1815
44.1565
44.1324
44.0511
44.0084
43.9543
43.9206
43.8707
43.8002
43.7493
43.7237
43.6305
43.6091
43.5517
43.4498
43.3631
43.2921
43.1893
43.0864
42.9655
42.8328
42.6988
42.5848
42.5746
42.4471
42.3563
42.2356
42.2059
42.0633
41.9676
41.8908
41.7369
41.6537
41.5221
41.4139
41.29
41.186
41.1104
40.9737
40.8728
40.7912
40.6688
40.5418
40.4476
40.2777
40.1694
40.0249
39.9068
39.8295
39.6453
39.521
39.3681
39.2016
39.0596
38.9444
38.788
38.6359
38.5154
38.4289
38.3075
38.1974
38.0424
37.8766
37.7699
37.6627
37.5567
37.4407
37.3006
