4913.0
4913.0
4785.0172
4664.989
4543.4489
4428.5346
4312.9547
4198.1658
4089.693
3985.7355
3879.0695
3770.1166
3668.1556
3563.6237
3466.4759
3374.7053
3277.8318
3182.6669
3087.7602
2999.3586
2911.4572
2832.001
2749.4475
2666.3864
2586.7623
2510.1653
2431.0829
2356.9648
2286.7328
2211.8973
2136.7174
2067.2351
2001.9668
1939.641
1880.0963
1819.8433
1759.1159
1700.2849
1641.4008
1587.1877
1534.7891
1482.5762
1432.2025
1382.9157
1332.0259
1286.3322
1241.5437
1196.031
1153.0865
1109.2506
1071.0731
1030.8433
992.6598
953.2025
918.9761
889.8489
862.736
836.1437
814.0995
793.4904
772.3768
752.9719
735.4604
718.3426
701.8952
687.0516
671.7457
656.4407
642.1253
627.9506
616.1446
601.5547
587.3205
574.1773
562.8555
550.5369
539.3176
528.9341
518.7246
507.3402
496.2949
485.9388
474.7631
465.2686
457.137
446.8442
437.0174
428.1705
419.7717
410.7134
400.8785
392.1015
384.6166
375.4653
367.9348
359.0176
351.1724
343.6109
335.9506
327.5141
320.0707
313.1678
306.589
299.0199
293.0672
286.6383
280.3721
273.9094
268.2746
262.059
255.2834
249.0452
243.8462
238.9276
233.5298
227.3682
222.5504
217.8558
212.3727
207.5726
202.8787
197.926
192.7725
187.326
182.3059
177.487
173.5752
169.2789
165.1078
161.2329
157.4283
153.9157
150.1535
146.496
142.7111
139.6393
136.6681
133.1034
130.1532
127.3372
124.4591
122.1387
119.7265
117.2069
114.578
112.3929
110.0339
107.5454
105.8687
103.9651
102.2282
99.8204
98.0482
95.5303
93.4926
91.4809
89.415
87.4321
85.5624
83.7704
81.8583
79.8888
78.2863
76.3795
74.7688
73.4726
71.9124
70.0473
68.4971
67.2846
66.0227
64.6713
63.3124
62.2458
60.4937
59.1852
57.7159
56.5704
55.2235
54.2699
52.993
51.9467
50.747
50.1262
49.0189
47.9929
46.9919
46.269
45.5959
44.7209
44.0219
42.8297
41.841
41.1325
40.2951
39.0823
38.2336
37.5467
36.842
35.9688
