10.0
10.0
9.995700000000019
9.99479999999998
9.99720000000004
9.99230000000001
9.990600000000025
9.992700000000019
9.991299999999969
9.988200000000036
9.983000000000002
9.984499999999992
9.987399999999997
9.989499999999989
9.99129999999996
9.996300000000018
9.998799999999983
9.993299999999998
9.98940000000003
9.987199999999994
9.984699999999997
9.978699999999984
9.981799999999987
9.980299999999968
9.977799999999975
9.978499999999986
9.980200000000057
9.981500000000018
9.981599999999988
9.988700000000033
9.993700000000016
9.992699999999974
9.991500000000034
9.994299999999967
9.995199999999965
9.996900000000034
10.000000000000036
10.007499999999988
10.004600000000028
10.004000000000005
10.004800000000026
10.005900000000008
10.007100000000019
10.007900000000012
10.005100000000027
9.998099999999983
9.99879999999997
10.005699999999962
10.005899999999986
10.005900000000034
10.009599999999974
10.015000000000015
10.01470000000003
10.019999999999987
10.022299999999953
10.02300000000006
10.0321
10.042100000000046
10.056100000000022
10.067700000000007
10.078799999999989
10.097199999999992
10.112400000000003
10.127400000000012
10.147000000000016
10.16380000000002
10.187000000000031
10.208899999999979
10.229899999999995
10.250900000000003
10.276199999999987
10.29369999999999
10.32039999999999
10.338999999999984
10.365499999999953
10.3943
10.416699999999993
10.444299999999972
10.4718
10.498600000000016
10.521599999999966
10.550999999999998
10.574300000000013
10.595499999999975
10.620699999999982
10.649400000000036
10.672699999999944
10.697100000000006
10.723099999999986
10.753600000000002
10.780600000000016
10.808100000000012
10.83610000000002
10.864300000000002
10.890399999999989
10.922499999999998
10.949000000000014
10.978699999999968
11.009900000000055
11.035899999999932
11.05929999999994
11.090300000000001
11.117700000000005
11.14459999999998
11.168100000000024
11.19960000000001
11.22359999999999
11.244700000000007
11.272599999999969
11.296999999999983
11.319999999999986
11.346500000000017
11.373299999999997
11.399099999999994
11.4234
11.453499999999996
11.476699999999983
11.50259999999998
11.528600000000022
11.554499999999983
11.578100000000045
11.606599999999984
11.632999999999962
11.659699999999994
11.68769999999998
11.718299999999987
11.749000000000052
11.773999999999955
11.802200000000012
11.830400000000015
11.857300000000032
11.886500000000014
11.917800000000002
11.943400000000013
11.972900000000008
12.007399999999993
12.038800000000023
12.064799999999995
12.095600000000031
12.124300000000007
12.154800000000016
12.185900000000023
12.214800000000013
12.246999999999995
12.274799999999992
12.305399999999953
12.340000000000018
12.375999999999982
12.404900000000012
12.432300000000003
12.463299999999997
12.497500000000015
12.533099999999965
12.560199999999963
12.585600000000007
12.620799999999981
12.652699999999983
12.688200000000002
12.719499999999984
12.752900000000013
12.783000000000007
12.81230000000003
12.842800000000002
12.873799999999974
12.903700000000018
12.93800000000002
12.967900000000036
12.991099999999978
13.019399999999951
13.052400000000002
13.080900000000035
13.111400000000009
13.140699999999983
13.172399999999989
13.20079999999998
13.231999999999994
13.264700000000008
13.297599999999992
13.326700000000002
13.3594
13.389500000000005
13.422999999999988
13.455800000000018
13.485299999999997
13.512500000000017
13.5397
13.568499999999988
13.603799999999998
13.635599999999995
13.6685
13.7026
13.737400000000026
13.768700000000011
13.806499999999994
13.841800000000024
13.876100000000012
13.903600000000006
13.937499999999986
13.969399999999995
14.002100000000006
