18.0
18.0
17.966199999999926
17.929099999999984
17.895000000000003
17.85659999999997
17.825100000000024
17.791399999999985
17.758900000000022
17.72350000000002
17.68930000000002
17.652700000000056
17.614899999999945
17.583600000000054
17.545500000000104
17.51020000000001
17.47299999999995
17.436599999999885
17.403399999999987
17.36830000000003
17.337000000000035
17.301200000000065
17.261900000000086
17.223699999999997
17.19019999999997
17.152499999999996
17.117399999999925
17.08109999999987
17.04690000000011
17.008900000000004
16.971699999999966
16.938999999999943
16.90269999999998
16.863399999999906
16.82469999999993
16.78720000000002
16.754299999999976
16.720200000000094
16.685600000000168
16.647999999999996
16.611999999999867
16.574199999999994
16.54200000000012
16.50040000000009
16.464699999999976
16.428699999999967
16.393200000000032
16.359700000000075
16.32210000000011
16.29050000000001
16.25400000000005
16.21559999999999
16.18260000000004
16.145900000000044
16.11130000000003
16.07519999999994
16.03219999999999
15.987899999999962
15.943700000000003
15.8992
15.855299999999998
15.8137
15.7686
15.7297
15.6849
15.635899999999998
15.5902
15.5359
15.484
15.433099999999998
15.377600000000006
15.3264
15.2732
15.222600000000005
15.169299999999994
15.1158
15.060599999999988
14.998799999999994
14.942300000000012
14.887199999999995
14.836700000000011
14.777199999999993
14.722199999999988
14.66849999999999
14.612999999999994
14.561300000000003
14.5039
14.445800000000009
14.392600000000018
14.337700000000028
14.285200000000005
14.229400000000012
14.170500000000002
14.1153
14.060099999999995
14.001799999999959
13.94430000000001
13.882600000000012
13.82589999999998
13.77139999999999
13.712500000000006
13.652299999999977
13.5966
13.541400000000012
13.484099999999977
13.428200000000002
13.3776
13.318500000000014
13.261399999999982
13.202399999999985
13.143799999999988
13.08480000000003
13.023900000000005
12.964900000000027
12.91340000000001
12.856700000000012
12.799999999999986
12.74399999999999
12.685199999999984
12.635600000000029
12.576800000000008
12.519899999999957
12.464799999999965
12.410800000000012
12.352200000000012
12.28990000000003
12.230099999999998
12.172800000000018
12.1154
12.06019999999999
12.004599999999991
11.950400000000043
11.896800000000004
11.8472
11.790200000000022
11.740299999999998
11.689600000000013
11.643300000000028
11.593500000000022
11.542300000000028
11.489400000000012
11.440399999999995
11.392100000000042
11.343800000000014
11.301800000000013
11.254499999999995
11.205800000000014
11.160900000000028
11.117300000000036
11.072399999999995
11.02270000000001
10.976800000000004
10.930199999999992
10.88770000000001
10.838500000000012
10.79669999999999
10.752899999999988
10.708999999999971
10.668399999999952
10.623300000000004
10.583500000000074
10.539399999999983
10.491399999999988
10.443999999999985
10.401500000000006
10.355099999999997
10.311899999999985
10.267100000000006
10.229799999999972
10.184200000000018
10.13880000000002
10.097399999999991
10.052700000000023
10.007600000000036
9.963700000000038
9.920200000000007
9.875400000000019
9.833200000000065
9.792999999999997
9.747200000000024
9.708800000000036
9.664199999999953
9.62209999999998
9.582299999999961
9.537900000000002
9.49820000000002
9.452700000000016
9.414099999999985
9.369700000000028
9.323699999999999
9.282699999999993
9.241699999999977
9.201800000000034
9.158199999999972
9.114999999999982
9.069200000000018
9.025599999999992
8.983599999999983
8.942099999999996
8.897199999999998
