2.0
2.0
2.0454000000000123
2.088999999999995
2.133799999999999
2.1811000000000003
2.2228
2.2644999999999955
2.3009999999999904
2.348599999999998
2.3918999999999913
2.430100000000001
2.4710999999999914
2.5114000000000045
2.5565000000000024
2.602600000000002
2.6412000000000053
2.6864000000000012
2.727299999999996
2.7689999999999984
2.811599999999993
2.8499000000000034
2.8947999999999947
2.932899999999998
2.974100000000008
3.0165
3.051
3.0912000000000024
3.1299999999999932
3.1679000000000035
3.214499999999985
3.2545999999999995
3.2935999999999925
3.3363
3.3717000000000104
3.4076000000000057
3.4478000000000013
3.4866999999999986
3.5237000000000043
3.562200000000003
3.602699999999999
3.645300000000002
3.676000000000003
3.7124999999999972
3.744900000000003
3.7876999999999987
3.8274
3.8613
3.8952
3.9329000000000005
3.970000000000004
4.009699999999984
4.048900000000001
4.090200000000029
4.127199999999983
4.161299999999997
4.202800000000002
4.234200000000001
4.272499999999986
4.31079999999999
4.346900000000023
4.385599999999991
4.426499999999984
4.465699999999994
4.50689999999998
4.5507000000000195
4.59599999999998
4.637500000000009
4.677400000000006
4.720200000000032
4.762400000000019
4.8050999999999915
4.843300000000001
4.881199999999991
4.921600000000004
4.963399999999995
5.002400000000033
5.04339999999999
5.0859000000000005
5.1272999999999795
5.166600000000015
5.203499999999997
5.2464999999999975
5.293300000000011
5.3338999999999945
5.37200000000002
5.413599999999983
5.455900000000019
5.4955999999999925
5.538100000000002
5.5827
5.620600000000002
5.659200000000013
5.704100000000006
5.744200000000005
5.786200000000022
5.823999999999998
5.868699999999992
5.905600000000001
5.948400000000002
5.989599999999998
6.034800000000009
6.072500000000003
6.115099999999983
6.1508999999999885
6.194400000000004
6.239800000000005
6.276100000000004
6.3195
6.360800000000026
6.397099999999982
6.431899999999996
6.473900000000014
6.516400000000008
6.552799999999989
6.594199999999984
6.631000000000009
6.6720000000000015
6.7127
6.750299999999987
6.795400000000006
6.833700000000006
6.870699999999994
6.908399999999985
6.946800000000003
6.986500000000008
7.0228
7.066500000000006
7.1007
7.138300000000003
7.1694
7.199499999999994
7.233900000000007
7.261799999999991
7.2852
7.3132
7.344100000000005
7.370400000000005
7.396500000000003
7.423699999999991
7.445700000000008
7.466499999999997
7.488400000000003
7.505300000000005
7.524000000000003
7.537500000000001
7.557699999999999
7.5752
7.586499999999998
7.6009
7.6161
7.636999999999997
7.6513
7.669699999999997
7.689300000000001
7.7044
7.7281
7.745800000000002
7.7606
7.7742
7.782199999999999
7.8006
7.8108
7.8229
7.839400000000003
7.8482
7.865499999999998
7.8808
7.8974
7.9157
7.924
7.9358
7.945099999999998
7.9559
7.9661
7.980100000000001
7.993799999999996
8.000499999999985
8.0138
8.021599999999976
8.037700000000056
8.052699999999911
8.065400000000011
8.086700000000025
8.100600000000036
8.115900000000021
8.130699999999953
8.143400000000034
8.155799999999939
8.171599999999978
8.181300000000027
8.192600000000029
8.204099999999956
8.213899999999985
8.221499999999992
8.229500000000012
8.237500000000017
8.242299999999972
8.25279999999998
8.261099999999985
