4913.0
4913.0
4998.7429
5080.2395
5168.5215
5251.1842
5327.9748
5416.3932
5505.5154
5597.907
5686.1433
5765.8008
5854.0896
5944.6653
6036.1708
6128.2075
6219.0525
6305.7486
6387.9839
6471.4493
6560.1176
6649.5276
6738.393
6827.921
6911.3965
7004.3704
7095.1961
7186.6272
7276.6059
7367.4449
7468.8993
7570.3421
7655.948
7747.4322
7837.5168
7926.2145
8023.3777
8120.7894
8206.1999
8300.5498
8393.6561
8493.5931
8586.1024
8684.6925
8771.8599
8868.4084
8968.5972
9070.2921
9173.1079
9270.4033
9375.4258
9469.9308
9576.2471
9673.8209
9772.6664
9857.5329
9946.8196
10025.9218
10111.9622
10188.2824
10263.4424
10343.3066
10425.557
10506.4837
10573.1878
10648.3472
10722.3609
10791.9353
10861.3362
10937.0582
11001.2841
11069.041
11139.6892
11201.3157
11269.3714
11336.152
11406.6992
11481.1888
11547.3193
11621.6776
11692.2593
11755.2692
11814.7585
11877.1957
11940.9973
12003.5093
12075.5012
12144.5548
12213.117
12280.2902
12347.4895
12421.8795
12491.1181
12555.6868
12626.5559
12699.7117
12765.0862
12839.3372
12899.1779
12965.7545
13032.7171
13100.9082
13169.6315
13236.9207
13311.7867
13375.9445
13443.2209
13513.5753
13571.8995
13653.3664
13729.5165
13797.8614
13860.3828
13931.061
14004.8346
14065.455
14133.2065
14189.4995
14241.9168
14323.2891
14386.813
14456.6577
14520.5059
14589.8821
14659.5895
14730.9253
14803.5715
14867.5396
14943.4767
15009.6449
15087.7934
15167.838
15243.6864
15319.9209
15394.7528
15461.7038
15542.5761
15617.2564
15692.3714
15782.6514
15858.4643
15941.526
16033.8504
16115.9562
16199.0602
16286.5912
16373.8678
16461.6958
16541.2668
16625.7308
16715.4128
16806.2531
16894.1135
16973.3113
17066.6094
17162.483
17244.4063
17324.993
17408.1751
17497.7942
17574.0123
17664.297
17759.8121
17853.8056
17939.3313
18020.743
18113.3901
18208.2753
18300.0132
18378.992
18484.7994
18577.2746
18664.3694
18757.0968
18824.4746
18922.2237
19018.8993
19114.6736
19205.212
19295.1626
19390.9236
19467.5901
19554.8995
19629.1256
19711.7304
19795.9854
19876.5835
19957.5672
20046.0297
20136.4518
20223.5945
20308.0081
20392.0302
20483.6745
20567.8421
20642.686
20734.9355
20820.6694
20905.1297
20989.5288
