216.0
216.0
213.2572
210.6981
208.3037
206.4222
203.6598
201.1757
199.0343
196.8071
194.9177
193.0977
191.006
189.0202
186.3731
184.3295
182.4323
180.3555
178.519
176.5245
174.5698
172.4465
170.389
168.1367
166.2329
164.491
162.8094
160.7134
158.7813
156.9782
155.0493
153.5636
152.0295
150.4575
149.0485
147.4288
145.7361
144.3013
143.0554
141.5834
140.2431
138.6551
137.4007
135.9815
134.6375
133.0752
131.9527
130.9217
129.8083
128.5577
127.2395
125.895
124.5721
123.5151
122.1641
121.0003
120.0077
119.3016
118.3286
117.4143
116.6428
115.7415
114.8852
114.3056
113.7319
113.1247
112.6349
112.0524
111.5564
111.2436
110.6837
110.1714
109.8292
109.4852
109.0718
108.8064
108.5931
108.3995
107.8794
107.5296
107.2418
106.9908
106.8486
106.7278
106.7114
106.6212
106.53
106.4696
106.2855
106.252
106.2827
106.1534
106.1966
105.9618
105.7749
105.6661
105.6479
105.7278
105.6041
105.4368
105.5442
105.465
105.5199
105.6089
105.6025
105.5479
105.7092
105.7317
105.8118
105.9739
105.9482
106.0016
105.9847
105.8969
106.201
106.2144
106.5199
106.5906
106.7216
106.84
106.9824
106.9276
107.0808
107.1821
107.2796
107.3561
107.4722
107.7376
107.8195
107.8237
107.7476
107.8081
107.8505
107.8933
107.9856
108.0784
108.2748
107.9791
107.9671
107.8301
107.7668
107.7083
107.5284
107.3736
107.4244
107.1803
106.8558
106.6559
106.4475
106.2648
106.4077
106.4049
106.4536
106.1843
106.1305
105.8314
105.5389
105.2228
104.9281
104.5978
104.3512
104.0128
103.7502
103.3127
103.2677
103.0322
102.7061
102.447
102.3571
102.2423
102.1194
101.8941
101.7465
101.3296
100.9809
100.724
100.4436
100.0936
99.9606
99.6848
99.5107
99.1269
99.0106
98.8171
98.8188
98.4393
97.9114
97.6806
97.3019
97.2299
96.8688
96.5707
96.0385
95.8336
95.499
95.3745
95.2
94.9589
94.7566
94.5663
