9.0
9.0
9.023599999999998
9.04759999999998
9.06650000000003
9.084899999999973
9.111200000000004
9.135999999999948
9.160900000000021
9.18909999999998
9.211900000000004
9.239600000000001
9.26200000000003
9.287300000000005
9.316800000000017
9.339599999999978
9.360700000000051
9.383200000000008
9.402899999999969
9.433099999999984
9.461600000000027
9.484099999999987
9.5142
9.538400000000014
9.558499999999999
9.5829
9.607100000000006
9.631899999999966
9.656899999999954
9.680699999999973
9.705600000000029
9.727500000000003
9.757599999999996
9.776999999999996
9.801100000000012
9.82909999999999
9.855300000000037
9.877399999999989
9.905900000000013
9.93180000000003
9.9581
9.979799999999987
9.997599999999956
10.027899999999999
10.06040000000003
10.086599999999972
10.10899999999999
10.13710000000002
10.159399999999968
10.184500000000012
10.207800000000015
10.237300000000033
10.268300000000053
10.293200000000002
10.320100000000016
10.339500000000008
10.366600000000023
10.392300000000034
10.415600000000014
10.4413
10.466500000000002
10.500299999999989
10.53050000000002
10.561100000000046
10.59150000000001
10.621899999999963
10.651199999999978
10.68389999999999
10.714099999999979
10.74559999999998
10.783400000000018
10.81070000000003
10.846199999999966
10.871599999999985
10.905700000000031
10.935700000000015
10.969800000000022
10.997099999999998
11.030200000000036
11.058399999999999
11.084400000000022
11.114500000000014
11.153399999999976
11.189000000000036
11.221900000000051
11.257199999999996
11.292699999999964
11.320700000000008
11.3511
11.378100000000043
11.402400000000009
11.427999999999983
11.458900000000002
11.490999999999998
11.519999999999973
11.548299999999985
11.570800000000016
11.599600000000022
11.62510000000001
11.652100000000042
11.681300000000014
11.7098
11.739000000000017
11.766099999999978
11.794099999999995
11.826699999999986
11.859000000000005
11.885000000000005
11.918199999999993
11.95120000000002
11.971200000000048
12.001000000000008
12.034299999999998
12.069599999999953
12.101800000000033
12.129199999999983
12.155499999999996
12.186399999999997
12.216700000000039
12.250699999999997
12.278699999999997
12.30800000000003
12.342399999999998
12.377600000000005
12.403699999999985
12.428300000000027
12.465299999999987
12.498999999999985
12.534999999999995
12.567699999999999
12.605100000000029
12.641799999999996
12.683199999999996
12.7246
12.764200000000033
12.799800000000019
12.837300000000024
12.878100000000025
12.9105
12.95250000000001
12.994199999999955
13.032099999999996
13.070299999999989
13.1088
13.143800000000024
13.183699999999954
13.224500000000035
13.267100000000012
13.306500000000014
13.351700000000015
13.397500000000035
13.438600000000008
13.479499999999982
13.517100000000003
13.558400000000017
13.599900000000005
13.6412
13.689199999999985
13.726700000000017
13.767299999999992
13.805999999999983
13.847399999999983
13.890199999999995
13.931000000000017
13.974100000000012
14.015500000000017
14.062099999999985
14.1081
14.150400000000012
14.192099999999986
14.237400000000012
14.283900000000012
14.326899999999988
14.372200000000003
14.412000000000003
14.449799999999994
14.491599999999988
14.536700000000012
14.573399999999994
14.617599999999994
14.662000000000006
14.702500000000006
14.745
14.790099999999983
14.8304
14.8732
14.917399999999994
14.960700000000012
15.006000000000006
15.049299999999993
15.092
15.1282
15.1703
15.211
15.248999999999997
15.2889
15.329000000000002
15.3701
15.4062
15.445699999999992
