7.0
7.0
7.011900000000003
7.021600000000005
7.035500000000009
7.05
7.063900000000012
7.0790000000000015
7.092800000000004
7.1076999999999915
7.123000000000012
7.135099999999996
7.1481
7.162699999999998
7.173999999999994
7.187700000000001
7.201199999999997
7.217700000000006
7.228999999999994
7.240599999999995
7.254200000000003
7.264599999999997
7.278599999999998
7.2944
7.307100000000003
7.318900000000001
7.331399999999997
7.345099999999997
7.356099999999997
7.3686999999999925
7.3809
7.3927999999999985
7.405100000000006
7.4214
7.432299999999999
7.446599999999996
7.462800000000001
7.473299999999997
7.4865999999999975
7.4993000000000025
7.514
7.5263
7.533
7.548799999999998
7.561400000000006
7.5767
7.5906
7.601700000000003
7.613299999999997
7.6252
7.640999999999997
7.653199999999997
7.666599999999999
7.6812
7.6913
7.704299999999997
7.7203
7.733700000000003
7.7462
7.7629
7.777700000000001
7.793800000000002
7.8099
7.8252
7.840400000000002
7.8545
7.8696
7.8838
7.8986
7.9153
7.9301
7.9442
7.9564
7.970700000000002
7.9847999999999795
8.00389999999997
8.020100000000003
8.03479999999998
8.052899999999951
8.067900000000012
8.081699999999982
8.09399999999999
8.113100000000024
8.130299999999963
8.146000000000022
8.16219999999995
8.175899999999977
8.19260000000001
8.210700000000058
8.226999999999952
8.24389999999998
8.258400000000028
8.27080000000006
8.286899999999967
8.304799999999988
8.32360000000001
8.338399999999977
8.35320000000005
8.36869999999999
8.387099999999972
8.40409999999997
8.41930000000006
8.436499999999988
8.450699999999985
8.469100000000063
8.487500000000049
8.502099999999981
8.515799999999999
8.529499999999988
8.54249999999997
8.558299999999976
8.57180000000005
8.59039999999999
8.60669999999999
8.62159999999998
8.640000000000017
8.657900000000005
8.672099999999954
8.687599999999955
8.702200000000007
8.719000000000015
8.732200000000008
8.747700000000036
8.763800000000021
8.781699999999967
8.79919999999994
8.813799999999976
8.827299999999983
8.84209999999999
8.860500000000004
8.875599999999974
8.893300000000053
8.910199999999989
8.924299999999981
8.941899999999961
8.959200000000065
8.97609999999998
8.992000000000003
9.006799999999968
9.021200000000029
9.037800000000056
9.057200000000002
9.071500000000007
9.08919999999998
9.103100000000028
9.11609999999998
9.131000000000045
9.145299999999969
9.161099999999983
9.174000000000007
9.19170000000002
9.205400000000019
9.221100000000035
9.235800000000026
9.249200000000027
9.268000000000027
9.282300000000017
9.299199999999987
9.312000000000067
9.3264
9.339499999999964
9.350800000000007
9.3719999999999
9.390399999999973
9.403299999999998
9.416699999999983
9.429300000000039
9.442600000000017
9.457600000000049
9.472899999999983
9.488200000000033
9.505499999999973
9.520299999999999
9.535199999999993
9.548599999999976
9.563200000000002
9.580900000000009
9.600600000000044
9.616000000000033
9.631000000000064
9.642999999999983
9.659699999999985
9.67590000000003
9.69060000000001
9.704200000000068
9.720700000000054
9.733900000000004
9.749799999999983
9.764000000000046
9.777299999999995
9.788500000000024
9.80289999999997
9.816799999999972
9.832800000000008
9.845299999999956
9.859199999999936
9.871399999999971
9.889700000000005
9.906600000000015
9.924100000000008
