12167.0
12167.0
12119.8085
12080.2137
12032.6095
11991.1633
11942.6619
11902.4354
11866.5722
11821.4791
11784.5864
11747.7502
11710.436
11664.5757
11628.0072
11583.6111
11537.8881
11502.0731
11463.2527
11420.3273
11378.3322
11338.9092
11301.6707
11263.0798
11224.8764
11190.4733
11154.8358
11118.4527
11087.4983
11053.9252
11013.6154
10975.5542
10938.7872
10900.643
10863.9278
10825.4155
10791.3517
10748.5162
10712.9477
10678.6747
10640.6052
10606.5228
10571.035
10535.9045
10502.2899
10461.6488
10418.157
10379.5598
10347.5549
10313.2186
10278.8384
10244.6162
10209.3189
10178.9223
10140.0828
10103.5235
10070.2378
10036.0042
10002.0459
9971.8663
9939.835
9906.2456
9872.0749
9839.5388
9804.7366
9778.9623
9753.2742
9730.3982
9697.2254
9666.8153
9640.3512
9605.2125
9569.2903
9540.6648
9511.271
9486.0711
9452.2125
9425.112
9393.5727
9371.1398
9344.9715
9317.6314
9292.9695
9271.2276
9247.1035
9220.2532
9194.5805
9166.8378
9141.6138
9104.8292
9081.3867
9053.3873
9024.4653
8995.4785
8968.273
8944.6179
8919.4454
8891.9948
8867.2678
8836.2595
8806.8216
8779.1369
8755.879
8730.4426
8702.653
8676.9309
8652.3992
8623.1824
8597.5535
8572.3765
8547.5799
8519.2859
8493.3777
8465.447
8440.4698
8415.1075
8391.8221
8370.5941
8344.5885
8322.1959
8304.2366
8278.2506
8253.4194
8225.0017
8197.0429
8170.915
8141.3304
8115.0868
8088.739
8062.3157
8037.3403
8004.1183
7975.3717
7946.1924
7908.7871
7878.4024
7843.4389
7805.5724
7769.4212
7731.614
7696.4013
7656.5587
7620.1141
7588.2641
7551.2965
7508.6333
7467.7286
7424.9415
7391.3927
7349.2648
7314.9067
7272.449
7235.83
7193.7677
7154.0531
7106.3977
7067.2205
7027.5517
6987.8134
6954.8615
6917.5015
6877.6979
6836.4778
6794.3494
6752.7007
6710.7426
6670.829
6634.0007
6598.1159
6563.4698
6523.952
6479.0296
6438.7489
6395.6044
6359.6749
6314.0254
6271.8516
6234.1508
6195.4747
6154.1312
6112.165
6078.2438
6039.9646
6000.0709
5960.3539
5921.2404
5887.5685
5854.7542
5818.783
5778.9766
5742.1093
5709.2501
5670.9019
5636.2931
5602.955
5564.9821
5531.6746
5496.7108
5462.5697
5427.4982
