1.0
1.0
0.8577
0.7410000000000004
0.6430000000000006
0.5565000000000028
0.4867
0.4302000000000002
0.386200000000001
0.34479999999999994
0.31009999999999976
0.27819999999999934
0.25050000000000006
0.2314
0.2129000000000001
0.19850000000000015
0.18399999999999983
0.17090000000000072
0.1632000000000004
0.15480000000000033
0.1463
0.14019999999999921
0.1365000000000001
0.13320000000000004
0.1288999999999992
0.12620000000000042
0.12320000000000009
0.1226
0.12140000000000005
0.1197
0.11890000000000005
0.11589999999999996
0.11470000000000025
0.1142
0.1162
0.11620000000000003
0.11780000000000004
0.1155
0.11690000000000005
0.11629999999999997
0.1168
0.11760000000000002
0.11789999999999994
0.11830000000000004
0.11829999999999996
0.11489999999999986
0.11669999999999996
0.1198
0.11979999999999986
0.12019999999999978
0.12159999999999968
0.12050000000000005
0.11849999999999991
0.11909999999999978
0.11889999999999994
0.12330000000000023
0.12140000000000013
0.1242000000000003
0.12480000000000005
0.13009999999999922
0.13470000000000074
0.13810000000000008
0.14009999999999992
0.1413999999999998
0.14639999999999992
0.1501999999999998
0.15419999999999978
0.15589999999999993
0.16169999999999965
0.16420000000000043
0.16499999999999984
0.16900000000000012
0.16980000000000023
0.17199999999999918
0.17409999999999984
0.17460000000000003
0.17760000000000098
0.18100000000000038
0.18380000000000046
0.18529999999999985
0.18729999999999977
0.18740000000000018
0.18839999999999987
0.19059999999999966
0.1932999999999997
0.19219999999999965
0.1927000000000003
0.19199999999999978
0.19209999999999985
0.19489999999999968
0.19359999999999974
0.19500000000000034
0.1931999999999995
0.19059999999999955
0.18879999999999972
0.1881999999999997
0.18970000000000048
0.1902999999999995
0.19240000000000024
0.1902000000000002
0.19180000000000058
0.18970000000000029
0.19189999999999974
0.19379999999999994
0.19610000000000008
0.19470000000000032
0.19329999999999994
0.19459999999999994
0.19490000000000035
0.19709999999999983
0.1978000000000001
0.1997000000000002
0.2001999999999999
0.2003
0.19840000000000046
0.1979999999999999
0.1971
0.19609999999999983
0.19400000000000003
0.19339999999999974
0.19350000000000045
0.19269999999999995
0.19360000000000013
0.1947000000000001
0.1957999999999999
0.1951000000000008
0.1967
0.19490000000000005
0.1936
0.19659999999999994
0.20099999999999987
0.2030999999999997
0.205
0.2053
0.20969999999999986
0.21410000000000012
0.2187000000000001
0.22199999999999967
0.22650000000000017
0.2319
0.2377000000000002
0.2423000000000001
0.2478000000000011
0.25280000000000025
0.25609999999999983
0.26490000000000163
0.26890000000000075
0.27529999999999943
0.27949999999999997
0.28530000000000155
0.2906999999999985
0.2968000000000003
0.3006999999999997
0.30599999999999944
0.3123999999999998
0.31750000000000084
0.3204
0.3256999999999998
0.3311
0.3348000000000015
0.3397000000000004
0.34349999999999886
0.3480000000000013
0.3535000000000004
0.3563000000000011
0.3578999999999992
0.3607999999999999
0.36429999999999857
0.3706999999999998
0.37380000000000024
0.37999999999999934
0.38459999999999994
0.38849999999999807
0.38860000000000045
0.3950000000000008
0.39800000000000024
0.39860000000000056
0.402999999999999
0.4040000000000003
0.40889999999999993
0.41120000000000034
0.4117
0.41330000000000017
0.4170000000000011
0.4217000000000002
0.4221000000000002
0.42330000000000034
0.42780000000000057
0.42669999999999964
0.42939999999999984
0.436000000000001
0.4390000000000007
0.44109999999999927
0.44279999999999925
0.4435
0.4477999999999999
0.44870000000000043
0.45149999999999946
0.45219999999999994
0.4529000000000002
