7.0
7.0
7.057899999999991
7.115399999999989
7.171500000000004
7.229500000000009
7.284700000000002
7.3326
7.3834
7.433900000000001
7.486200000000001
7.5374
7.587699999999997
7.634700000000003
7.6834
7.731200000000003
7.782600000000003
7.833
7.8816
7.9268
7.9695
8.014499999999979
8.057500000000005
8.104699999999962
8.151500000000011
8.193200000000038
8.237299999999998
8.280899999999997
8.320500000000003
8.357599999999994
8.396600000000038
8.43970000000002
8.479800000000026
8.52089999999998
8.561299999999946
8.595799999999995
8.636400000000092
8.673900000000005
8.711399999999983
8.748500000000018
8.7856
8.822900000000033
8.856299999999992
8.889900000000035
8.925000000000026
8.959999999999939
8.999900000000055
9.033599999999973
9.0647
9.099400000000022
9.131300000000012
9.168
9.202000000000044
9.232699999999978
9.266500000000079
9.294999999999964
9.328000000000024
9.36089999999997
9.390700000000004
9.424000000000055
9.454999999999988
9.485900000000022
9.516899999999978
9.548199999999996
9.580500000000024
9.609699999999934
9.63969999999996
9.665599999999966
9.69539999999998
9.726700000000024
9.755300000000007
9.784100000000016
9.812599999999973
9.83979999999996
9.868899999999998
9.898200000000026
9.924100000000013
9.952300000000019
9.97980000000001
10.007099999999982
10.035700000000014
10.064500000000008
10.090199999999983
10.113800000000005
10.141800000000037
10.165800000000003
10.190800000000014
10.215100000000012
10.242200000000032
10.26610000000003
10.289999999999988
10.318899999999998
10.345100000000008
10.370099999999978
10.394399999999957
10.419600000000012
10.44300000000003
10.467700000000008
10.492799999999987
10.516299999999973
10.541000000000038
10.567000000000036
10.58850000000001
10.612599999999986
10.636299999999988
10.662599999999957
10.686900000000005
10.707500000000017
10.732500000000012
10.755199999999963
10.7797
10.803599999999957
10.82849999999998
10.851499999999946
10.875399999999974
10.89960000000003
10.922300000000028
10.944800000000011
10.965400000000017
10.987900000000007
11.009699999999947
11.033100000000024
11.05600000000003
11.078499999999972
11.098900000000018
11.120300000000025
11.14550000000001
11.167099999999976
11.189700000000027
11.209199999999969
11.231699999999973
11.25610000000002
11.279200000000055
11.300900000000006
11.325399999999973
11.34400000000001
11.368100000000009
11.391299999999982
11.414100000000007
11.437400000000029
11.45820000000001
11.48070000000001
11.504699999999975
11.528700000000017
11.551900000000026
11.574600000000038
11.597999999999994
11.617999999999993
11.64259999999996
11.666599999999972
11.690900000000065
11.713499999999991
11.736800000000025
11.762099999999995
11.788200000000009
11.811300000000008
11.835999999999974
11.860300000000045
11.884600000000008
11.907299999999987
11.933700000000036
11.955499999999951
11.979400000000034
12.005699999999983
12.029100000000014
12.051099999999995
12.073200000000025
12.097100000000033
12.1192
12.145099999999985
12.1669
12.192200000000023
12.21619999999997
12.238799999999989
12.26230000000006
12.28099999999998
12.303699999999978
12.327099999999989
12.34910000000001
12.37049999999999
12.394799999999973
12.417399999999999
12.441000000000011
12.463599999999989
12.48610000000001
12.50869999999999
12.530400000000034
12.554600000000015
12.574700000000012
12.598800000000024
12.623399999999986
12.647400000000012
12.674900000000015
12.69809999999998
12.719599999999975
12.743400000000031
12.764899999999995
12.789299999999974
12.81290000000001
12.837300000000026
