2744.0
2744.0
2721.9038
2695.5333
2664.9139
2637.8357
2614.4939
2589.1066
2563.9825
2540.3416
2513.9638
2488.3518
2466.2994
2443.9017
2416.9195
2393.5409
2372.8131
2351.7243
2332.4937
2310.7232
2286.2656
2262.6562
2240.4335
2218.2947
2194.4407
2172.549
2151.256
2131.9535
2107.6912
2085.6124
2062.3236
2041.6493
2021.9119
1997.1531
1974.1422
1952.0313
1930.1474
1913.705
1893.4786
1872.8628
1855.7348
1838.1793
1820.0553
1800.5594
1780.4554
1763.1758
1744.2316
1726.5398
1708.7218
1692.7335
1676.0129
1655.1612
1634.5049
1620.9837
1601.1998
1582.4488
1567.141
1551.8326
1537.078
1525.0236
1510.2292
1495.4554
1480.7093
1469.2536
1455.277
1442.1978
1428.232
1414.9264
1403.5428
1391.1147
1375.6743
1365.433
1353.8218
1342.4103
1326.5624
1313.1719
1301.5395
1288.5935
1276.1772
1264.5984
1254.6295
1244.2712
1231.4608
1221.4202
1210.4498
1197.8126
1188.2208
1177.4077
1164.984
1152.5423
1142.4474
1132.1497
1121.7426
1111.9165
1101.0148
1090.8986
1079.1403
1070.0056
1060.581
1050.9835
1040.1232
1028.1443
1019.1548
1009.7305
1000.5203
991.6289
982.5407
972.2519
963.6607
955.4845
947.2629
936.6779
929.3868
920.633
912.2434
903.3885
894.0528
887.0592
876.6964
868.6772
860.796
852.3053
842.6393
832.7051
823.0274
815.6562
809.4698
801.3976
792.4208
784.5955
777.0689
767.9324
761.0746
752.2451
744.3856
735.3802
726.8282
718.1654
711.6673
703.2722
696.1358
689.7867
684.1796
676.9208
670.4369
664.0736
657.2711
651.1999
642.8353
636.3359
631.8736
627.808
621.3179
615.6365
611.0959
604.7465
598.3492
592.0691
586.3229
581.2974
575.8137
569.0478
560.8208
554.4632
548.455
543.802
539.0594
532.4701
526.5937
522.4736
517.7479
512.7559
506.349
500.9747
494.5899
489.3723
484.4558
479.4162
473.0968
467.4406
463.3438
457.9259
452.6445
447.6724
442.3602
437.4572
433.0748
428.7093
425.2899
420.5418
416.3995
412.2761
408.1529
404.2462
400.1255
395.2113
391.2412
387.0859
384.0961
380.3755
