1000.0
1000.0
1001.5059
1004.223
1008.0546
1009.6163
1011.9114
1015.7289
1018.5133
1020.6198
1021.9808
1025.3411
1029.1594
1032.7849
1036.2277
1040.7657
1044.928
1046.2977
1047.8016
1050.1484
1052.3599
1052.6605
1056.6602
1059.2999
1061.3218
1064.7251
1067.722
1071.3275
1074.327
1079.9639
1084.4407
1087.3533
1089.8193
1094.3161
1097.8168
1101.1677
1105.096
1110.5587
1113.2672
1116.9122
1119.592
1123.3059
1127.3601
1130.2991
1131.5281
1132.8129
1135.621
1141.1491
1143.9231
1146.4065
1150.9462
1156.0246
1158.5311
1163.313
1167.1325
1170.2478
1175.8447
1181.7515
1189.1365
1195.9857
1202.3982
1211.227
1219.059
1227.3774
1235.8708
1242.901
1253.4584
1263.3275
1272.1307
1281.6521
1292.9448
1300.8025
1311.7684
1320.0256
1331.1167
1342.9109
1352.3623
1363.9291
1375.6098
1388.3008
1398.546
1410.291
1421.3573
1430.6359
1442.0383
1453.8012
1464.5975
1475.2083
1487.5799
1501.6948
1514.2
1526.3901
1538.8195
1551.6859
1563.658
1578.1669
1590.8708
1604.2679
1618.0643
1630.2901
1642.0279
1656.6221
1669.7709
1681.916
1693.8951
1708.0968
1719.8406
1729.3201
1741.8478
1753.9604
1764.8212
1778.2217
1792.6659
1805.2899
1816.8858
1833.0829
1845.2417
1858.7214
1871.1326
1884.8307
1897.0295
1911.9884
1925.5676
1938.8651
1954.1151
1969.4601
1985.2132
1999.043
2013.2714
2028.2162
2043.0253
2058.9671
2075.949
2089.2358
2105.8853
2124.2306
2141.5318
2156.4576
2173.4978
2188.2805
2205.6408
2222.9945
2240.5122
2259.6784
2276.3226
2294.2008
2313.214
2334.1732
2351.6585
2367.8199
2386.6681
2406.9085
2427.7797
2445.7786
2460.2238
2481.2974
2500.9889
2523.4698
2542.4401
2562.6611
2580.7932
2599.6001
2618.824
2639.141
2658.8113
2679.9716
2699.6167
2713.7693
2733.336
2754.105
2772.5469
2792.7314
2812.6579
2832.753
2852.5868
2872.6598
2894.3849
2917.0666
2936.9629
2959.741
2981.3339
3002.7418
3026.1458
3047.3457
3066.9449
3085.9153
3104.3917
3129.6672
3152.2548
3174.8819
3198.6688
3222.3886
3245.4395
3272.8991
3301.1416
3326.2895
3346.3042
3368.5885
3393.7094
3418.5233
