9.0
9.0
9.073099999999986
9.147400000000022
9.212700000000027
9.284799999999969
9.354500000000032
9.417600000000036
9.48490000000005
9.548400000000036
9.614000000000033
9.673699999999949
9.733400000000046
9.796300000000047
9.857099999999967
9.916700000000018
9.97759999999999
10.038000000000068
10.0995
10.160599999999993
10.220299999999984
10.282599999999954
10.339800000000006
10.39419999999996
10.448099999999984
10.50750000000001
10.563599999999985
10.619100000000005
10.674699999999977
10.730300000000005
10.785200000000005
10.836199999999947
10.889400000000002
10.940900000000015
10.990700000000011
11.043199999999995
11.097299999999956
11.144299999999983
11.196499999999972
11.247500000000016
11.299099999999966
11.34709999999997
11.399999999999999
11.448700000000018
11.501299999999985
11.549700000000005
11.592100000000006
11.639899999999992
11.687399999999979
11.732000000000015
11.778299999999996
11.82340000000001
11.873699999999989
11.920300000000008
11.96239999999999
12.007599999999996
12.050099999999965
12.1013
12.141100000000021
12.179500000000003
12.223100000000015
12.262600000000011
12.302799999999944
12.339899999999975
12.379600000000021
12.417700000000007
12.461700000000002
12.500299999999978
12.539200000000013
12.575500000000034
12.61640000000003
12.650500000000001
12.691499999999975
12.729899999999967
12.767199999999999
12.79779999999999
12.833799999999972
12.872699999999966
12.910699999999968
12.945699999999976
12.980600000000017
13.01049999999997
13.049399999999986
13.08490000000002
13.115499999999988
13.14749999999997
13.1833
13.219899999999976
13.248400000000018
13.278800000000027
13.31409999999999
13.344199999999988
13.37570000000001
13.4078
13.442500000000011
13.479100000000006
13.510399999999997
13.545600000000029
13.574499999999983
13.605199999999972
13.640600000000017
13.671299999999983
13.703999999999992
13.737400000000012
13.765299999999991
13.793200000000018
13.82189999999999
13.853000000000005
13.8802
13.909599999999994
13.937999999999988
13.972099999999983
13.998300000000006
14.025899999999988
14.056499999999982
14.087300000000003
14.113699999999971
14.141400000000017
14.172300000000018
14.198200000000005
14.226499999999989
14.255300000000005
14.282700000000018
14.309700000000007
14.338800000000008
14.366000000000005
14.393099999999997
14.422100000000006
14.450899999999992
14.475099999999983
14.498600000000012
14.526200000000017
14.551399999999983
14.577799999999996
14.603999999999994
14.630300000000005
14.659000000000011
14.687800000000008
14.714700000000006
14.741200000000012
14.76839999999999
14.792200000000003
14.817400000000008
14.843600000000006
14.86580000000001
14.892100000000006
14.920099999999994
14.941700000000008
14.9658
14.993799999999995
15.015099999999997
15.0414
15.0657
15.090199999999994
15.1174
15.1416
15.1649
15.191499999999994
15.2116
15.238099999999994
15.260900000000003
15.279099999999998
15.3031
15.328999999999994
15.3503
15.372399999999994
15.392799999999998
15.416400000000007
15.440400000000002
15.461599999999997
15.4813
15.499099999999997
15.5282
15.550299999999995
15.575
15.6
15.6189
15.6443
15.6641
15.6849
15.7058
15.7225
15.741700000000003
15.7622
15.7808
15.8034
15.825299999999995
15.8467
15.8718
15.894099999999995
15.913800000000004
15.936700000000014
15.954800000000006
15.975900000000081
15.996600000000047
16.01599999999995
16.035999999999937
16.05419999999994
16.074999999999925
16.095000000000095
