216.0
216.0
219.942
224.0696
227.9616
231.6361
235.4272
239.5824
243.4492
247.4601
251.316
254.8378
258.3732
262.2445
265.9729
270.0564
274.3321
278.3001
282.5097
285.9945
289.2423
293.0482
296.8756
300.6374
304.0077
308.4774
312.6003
316.5127
320.1554
322.8572
326.781
330.9145
334.8274
339.2624
342.717
345.9463
349.8616
352.8817
356.3485
360.4091
364.419
368.0445
372.1371
375.0999
378.0573
381.2991
384.3645
387.6982
391.1089
393.8451
397.1922
401.0305
404.3064
407.1841
410.1879
413.9835
416.9487
420.9984
424.637
427.3533
430.9764
434.0986
437.8123
443.0604
446.892
451.562
455.5149
459.8531
464.6379
469.637
473.9609
478.8325
483.0992
488.2156
493.2019
497.3186
502.8583
507.6998
512.325
518.5393
523.4064
528.0917
533.4519
538.4232
542.3081
547.9259
553.0699
558.077
563.1549
568.353
573.9497
580.0168
585.2358
590.1684
595.2541
600.3028
605.5539
609.9902
615.6466
621.068
625.8844
631.3224
636.4841
642.4018
646.9667
651.8928
656.9546
662.3432
668.1582
673.6778
678.4261
683.6218
689.4285
694.5308
701.1711
706.5066
711.4466
716.5003
721.8893
726.8318
732.3438
737.6025
743.3332
749.3142
754.2962
759.6524
765.8626
772.7588
777.607
783.1856
788.6931
792.5591
796.8395
804.018
807.0872
811.5367
814.477
819.1935
823.4893
825.757
829.0827
833.9091
837.1334
840.449
844.0316
847.0806
850.1511
853.5982
855.7264
857.6889
859.2139
861.7244
863.1902
864.5791
868.1837
869.8038
873.6794
874.8378
876.7515
879.4875
882.0308
884.3963
886.6251
886.456
888.8087
890.0323
892.6635
893.1478
893.9173
896.5568
898.5038
902.2512
903.9113
907.1525
908.2955
910.454
913.3702
915.2835
919.014
920.6752
921.0871
923.0676
924.6885
928.2149
929.8235
933.441
935.6905
936.399
936.9722
938.7149
941.1187
943.0649
943.6717
945.6834
948.6876
950.997
951.2829
956.0361
958.6355
961.6248
