17.0
17.0
17.06669999999998
17.138599999999958
17.207299999999986
17.272799999999965
17.3384
17.409800000000008
17.478799999999914
17.547199999999897
17.615999999999968
17.68609999999996
17.75369999999992
17.820599999999963
17.890299999999993
17.960200000000007
18.030400000000018
18.096999999999962
18.16540000000003
18.238699999999938
18.317699999999935
18.392199999999992
18.471800000000094
18.545899999999993
18.61710000000005
18.686800000000034
18.7568000000001
18.823799999999977
18.89480000000009
18.971000000000025
19.042900000000024
19.110399999999903
19.182500000000022
19.255700000000004
19.325400000000048
19.40249999999996
19.479700000000065
19.548200000000037
19.615900000000007
19.691699999999983
19.76200000000004
19.83349999999994
19.902600000000067
19.971400000000102
20.04140000000006
20.1089
20.180299999999995
20.252000000000034
20.321099999999987
20.394399999999965
20.464300000000016
20.543200000000045
20.61140000000002
20.68060000000004
20.73730000000007
20.785100000000032
20.834499999999913
20.883599999999966
20.926700000000015
20.972500000000103
21.020000000000056
21.065900000000035
21.116100000000053
21.15599999999998
21.19870000000002
21.239699999999882
21.284899999999954
21.330299999999983
21.375899999999945
21.427699999999994
21.47229999999993
21.515500000000017
21.562700000000074
21.606499999999926
21.65100000000007
21.693400000000008
21.736600000000028
21.778900000000036
21.82129999999994
21.85789999999991
21.901800000000016
21.94399999999998
21.981500000000015
22.02469999999995
22.06139999999997
22.104699999999923
22.148900000000083
22.19879999999994
22.239299999999943
22.28319999999996
22.325699999999934
22.370999999999995
22.408600000000042
22.45269999999999
22.49129999999998
22.530200000000008
22.574700000000025
22.61380000000005
22.651699999999998
22.693500000000075
22.740899999999975
22.773400000000017
22.810400000000016
22.8491
22.88709999999994
22.927600000000062
22.965199999999992
23.00530000000007
23.047199999999933
23.08220000000003
23.11889999999996
23.159800000000004
23.196800000000014
23.233499999999985
23.268200000000043
23.30670000000005
23.344099999999955
23.380899999999958
23.415700000000026
23.457800000000013
23.49040000000003
23.527199999999944
23.558999999999983
23.597199999999976
23.63250000000002
23.66720000000001
23.705200000000037
23.74720000000002
23.793400000000062
23.836799999999975
23.88019999999999
23.920000000000012
23.96949999999998
24.01689999999998
24.058600000000016
24.0971
24.139599999999962
24.18490000000006
24.231200000000037
24.27809999999998
24.327299999999997
24.371199999999977
24.417099999999948
24.460999999999995
24.504499999999933
24.55000000000001
24.586199999999923
24.63
24.67439999999999
24.71850000000003
24.766700000000057
24.802400000000045
24.850000000000016
24.898100000000017
24.931999999999906
24.96839999999999
25.00989999999999
25.050000000000004
25.092200000000012
25.133100000000017
25.17420000000003
25.220899999999983
25.262500000000003
25.3033
25.34520000000002
25.38710000000004
25.430899999999948
25.47109999999997
25.51240000000004
25.551600000000036
25.596600000000052
25.633999999999958
25.681500000000003
25.719699999999957
25.763499999999986
25.804300000000023
25.83959999999996
25.875700000000037
25.91729999999993
25.963899999999985
26.00179999999997
26.043000000000003
26.079900000000016
26.120200000000033
26.159199999999966
26.199000000000016
26.241499999999924
26.272599999999954
26.31210000000001
26.343599999999988
26.382299999999972
26.419299999999964
26.457899999999977
26.49579999999998
26.528400000000033
26.568800000000127
26.606099999999966
26.642899999999987
26.675399999999943
26.711099999999988
