3.0
3.0
2.9388000000000014
2.8773999999999997
2.818999999999995
2.764999999999994
2.7034000000000034
2.643200000000006
2.5896000000000057
2.5311999999999997
2.471800000000005
2.413399999999998
2.3630999999999873
2.3107000000000077
2.2533999999999925
2.199199999999999
2.143300000000003
2.0909000000000035
2.0370999999999864
1.9857000000000005
1.9334
1.8802000000000008
1.8320000000000018
1.7837000000000007
1.7392000000000025
1.6928000000000003
1.6471000000000016
1.5997000000000012
1.5519999999999998
1.5078000000000005
1.466
1.4241000000000024
1.3837999999999995
1.3460999999999992
1.307800000000001
1.269599999999996
1.2314999999999958
1.1945999999999992
1.1588999999999947
1.121499999999992
1.0846999999999976
1.0539000000000036
1.0228999999999975
0.9905999999999981
0.9601000000000002
0.9264999999999994
0.8969999999999984
0.8668999999999994
0.8387000000000011
0.8119000000000003
0.7886000000000004
0.7649000000000017
0.7419999999999999
0.7186999999999998
0.7058999999999995
0.6970000000000001
0.6921000000000018
0.6864999999999989
0.6822999999999988
0.6760999999999987
0.6716999999999996
0.6676000000000015
0.6622000000000012
0.6568000000000023
0.6520999999999995
0.6485000000000012
0.6439999999999986
0.6395999999999992
0.6361999999999991
0.6308999999999987
0.6267999999999998
0.6199999999999963
0.6168000000000022
0.6117999999999997
0.6078999999999978
0.6031999999999994
0.5970000000000013
0.5930999999999972
0.5893999999999998
0.5876000000000006
0.5831999999999985
0.5792000000000002
0.5764000000000042
0.572
0.5660999999999983
0.5628999999999964
0.5589000000000025
0.5552999999999997
0.5521000000000041
0.5487000000000015
0.5468000000000011
0.5428999999999959
0.5410000000000019
0.5371999999999979
0.5348000000000009
0.5309999999999984
0.5266000000000006
0.5246999999999991
0.5219000000000015
0.5201999999999994
0.5162000000000001
0.5152000000000023
0.5124999999999995
0.5094999999999951
0.5062000000000019
0.5030000000000008
0.5009000000000003
0.4984
0.49549999999999983
0.4934999999999999
0.4922
0.4902
0.4868000000000003
0.4851
0.4825000000000002
0.4811
0.4794
0.4784000000000001
0.4770999999999998
0.4751999999999999
0.4750999999999999
0.47209999999999963
0.4697
0.4678999999999998
0.4641999999999997
0.4607999999999998
0.4597000000000001
0.4580000000000003
0.4562999999999997
0.45379999999999965
0.45109999999999945
0.4477999999999992
0.4460000000000001
0.4453
0.4440000000000003
0.44329999999999964
0.44
0.43939999999999935
0.4397999999999998
0.4370999999999987
0.4359999999999996
0.4358
0.43400000000000016
0.43480000000000035
0.4346
0.43770000000000026
0.44000000000000017
0.4406999999999995
0.4409
0.4436000000000004
0.44420000000000026
0.4473000000000002
0.44800000000000056
0.44989999999999963
0.45349999999999946
0.45460000000000017
0.4566999999999999
0.4594
0.4611
0.4606
0.4632
0.4652999999999998
0.4652999999999998
0.4698999999999998
0.4741
0.4763
0.47990000000000016
0.4815
0.48369999999999963
0.4876
0.4894
0.4917
0.4937999999999998
0.49699999999999983
0.5013999999999992
0.5038000000000014
0.5056999999999985
0.5095999999999995
0.5129999999999977
0.5171999999999991
0.5213999999999999
0.5253999999999992
0.5287000000000032
0.5317999999999995
0.5373999999999998
0.5418000000000015
0.5463000000000007
0.5497999999999993
0.5546999999999991
0.5581999999999996
0.560999999999998
0.5635000000000002
0.5663999999999983
0.5709999999999975
0.5733000000000014
0.576
0.5813999999999996
0.5844999999999981
0.5887999999999994
0.5931000000000001
