15.0
15.0
14.9916
14.983100000000002
14.9747
14.965500000000006
14.9564
14.948099999999988
14.939799999999996
14.930200000000006
14.922000000000006
14.915399999999995
14.9046
14.895499999999995
14.886299999999988
14.875099999999994
14.864700000000006
14.8556
14.84730000000001
14.838099999999994
14.830400000000006
14.8228
14.814600000000006
14.805399999999997
14.7975
14.790100000000006
14.7835
14.776200000000017
14.768700000000011
14.759700000000006
14.752700000000006
14.7437
14.736199999999997
14.7293
14.7212
14.713599999999982
14.706900000000006
14.697
14.689500000000006
14.681199999999983
14.672999999999986
14.666100000000005
14.658100000000008
14.650600000000011
14.641499999999983
14.632800000000014
14.6261
14.618500000000006
14.6101
14.601199999999993
14.5932
14.585199999999988
14.576399999999989
14.56719999999999
14.561300000000008
14.555000000000003
14.550100000000011
14.5451
14.539400000000006
14.5336
14.529300000000012
14.524000000000003
14.519400000000006
14.515500000000007
14.5118
14.507199999999997
14.502700000000003
14.498400000000004
14.493200000000005
14.487799999999995
14.4835
14.4779
14.473800000000006
14.4677
14.461299999999994
14.455700000000009
14.448999999999986
14.444700000000017
14.440600000000023
14.437
14.431899999999992
14.427799999999994
14.423200000000007
14.417599999999988
14.413599999999994
14.408199999999997
14.402299999999997
14.397899999999991
14.394200000000005
14.389799999999992
14.384900000000004
14.380599999999994
14.377099999999992
14.373400000000009
14.368499999999997
14.362600000000024
14.35809999999997
14.354200000000006
14.347800000000007
14.344599999999982
14.34099999999999
14.338000000000017
14.33330000000003
14.330299999999989
14.3245
14.319800000000003
14.314400000000017
14.311700000000004
14.308000000000005
14.303399999999995
14.29809999999999
14.294200000000012
14.288299999999989
14.285200000000005
14.281400000000005
14.276699999999995
14.272699999999988
14.267999999999985
14.264400000000018
14.260499999999988
14.256699999999986
14.252400000000012
14.247800000000012
14.243599999999997
14.238699999999982
14.2337
14.2279
14.2225
14.209800000000003
14.192899999999959
14.178000000000011
14.160699999999991
14.1417
14.120400000000012
14.098599999999994
14.078400000000011
14.0535
14.032700000000006
14.010900000000008
13.988700000000009
13.971800000000009
13.951199999999995
13.930400000000011
13.910099999999987
13.889600000000017
13.87009999999997
13.849800000000014
13.828900000000012
13.806900000000017
13.786599999999995
13.763700000000012
13.741699999999994
13.718600000000018
13.697199999999974
13.674699999999998
13.654
13.631900000000018
13.611600000000053
13.59320000000003
13.570099999999995
13.550199999999997
13.529999999999989
13.508499999999982
13.487100000000023
13.467000000000011
13.44720000000002
13.425400000000032
13.404499999999983
13.386599999999998
13.365500000000011
13.347799999999989
13.325200000000017
13.3065
13.285700000000011
13.265899999999974
13.245199999999997
13.224100000000023
13.20540000000003
13.186299999999989
13.162899999999993
13.139799999999985
13.118499999999997
13.09730000000002
13.075600000000021
13.055300000000015
13.031199999999997
13.010800000000001
12.989299999999995
12.967500000000017
12.945199999999994
12.922499999999983
12.902900000000031
12.881299999999984
12.858999999999988
12.836599999999972
12.815500000000037
12.793700000000028
12.769900000000014
12.749699999999969
12.729999999999997
