36.0
36.0
35.662
35.2985
34.9386
34.5938
34.2798
33.9398
33.5916
33.2713
33.0427
32.7557
32.4177
32.1173
31.7907
31.5084
31.1981
30.9503
30.6354
30.335
30.0938
29.8175
29.5179
29.2631
29.0327
28.7313
28.4538
28.1534
27.8647
27.6532
27.4469
27.2016
26.9352
26.6876
26.4339
26.19
25.9641
25.762
25.5256
25.2898
25.0564
24.8518
24.6046
24.388
24.1598
23.995
23.8421
23.6079
23.3957
23.1975
23.0004
22.7548
22.595
22.3858
22.2019
22.0416
21.8874
21.7189
21.5586
21.4259
21.272
21.1216
20.9924
20.8505
20.7031
20.5016
20.3224
20.1844
20.0092
19.8183
19.6626
19.5495
19.4108
19.2484
19.1527
18.9855
18.7787
18.6462
18.4755
18.3228
18.1661
18.0088
17.8811
17.7184
17.5403
17.4332
17.3007
17.1751
17.022
16.8852
16.7361
16.637
16.5008
16.369
16.2513
16.1242
15.9966
15.8762
15.7546
15.6329
15.5037
15.394
15.2402
15.0992
14.9575
14.8631
14.7735
14.6209
14.5028
14.3831
14.239
14.0819
13.9673
13.8539
13.7539
13.6336
13.4761
13.3671
13.2563
13.1615
13.0564
12.9174
12.8059
12.6974
12.5936
12.4918
12.422
12.3289
12.2336
12.1262
12.0348
11.9618
11.8803
11.7946
11.6854
11.6203
11.5237
11.4442
11.3515
11.2518
11.1905
11.0757
11.0129
10.9331
10.8701
10.7925
10.7427
10.6532
10.5943
10.5117
10.4514
10.3915
10.3284
10.255
10.1907
10.1518
10.0767
10.012
9.9669
9.9243
9.8478
9.7845
9.7324
9.6806
9.587
9.5242
9.4492
9.4016
9.2996
9.2389
9.1917
9.1727
9.094
9.0187
8.9648
8.924
8.835
8.7959
8.7422
8.692
8.6448
8.5966
8.5573
8.5081
8.4805
8.439
8.3899
8.3344
8.262
8.2216
8.1964
8.1574
8.0973
8.0407
7.986
7.9412
7.8862
7.8647
7.8396
7.8076
