1.0
1.0
0.8684
0.7591
0.6676
0.5927
0.5293
0.4718
0.4319
0.3882
0.3474
0.3203
0.2972
0.2786
0.2578
0.246
0.2393
0.2298
0.2194
0.2141
0.2116
0.2076
0.1966
0.1964
0.1926
0.1907
0.1893
0.1857
0.1871
0.1913
0.1899
0.1901
0.1915
0.1972
0.1979
0.1987
0.2049
0.2008
0.2055
0.2099
0.2133
0.2184
0.2176
0.2227
0.227
0.2302
0.2255
0.2305
0.242
0.2447
0.2493
0.2489
0.2504
0.2546
0.2575
0.2701
0.2774
0.284
0.2947
0.2986
0.2998
0.3033
0.3053
0.3116
0.3128
0.3177
0.3215
0.315
0.3118
0.3119
0.3091
0.3082
0.3074
0.3019
0.2982
0.2962
0.2916
0.2932
0.2873
0.2896
0.2833
0.2815
0.2799
0.2755
0.2747
0.2653
0.2638
0.2618
0.2569
0.254
0.2521
0.2474
0.247
0.2433
0.2403
0.2367
0.2329
0.2308
0.2305
0.2239
0.2207
0.2174
0.2194
0.2173
0.2186
0.2161
0.2161
0.2135
0.2143
0.2096
0.2095
0.2003
0.1939
0.1888
0.1905
0.1913
0.1895
0.1877
0.1832
0.1812
0.1806
0.1799
0.1789
0.1793
0.1804
0.1771
0.1781
0.1774
0.1834
0.1883
0.195
0.2006
0.2056
0.2104
0.2202
0.2311
0.235
0.248
0.2575
0.2672
0.2786
0.2882
0.3007
0.3073
0.314
0.3235
0.3294
0.3423
0.3507
0.3627
0.3713
0.3789
0.3852
0.3925
0.3997
0.4091
0.4205
0.4346
0.4446
0.4529
0.4642
0.4719
0.4827
0.4883
0.5014
0.5082
0.515
0.5259
0.5345
0.5359
0.5394
0.5535
0.5636
0.5761
0.5894
0.5979
0.6022
0.6166
0.6223
0.6253
0.6329
0.6504
0.6585
0.6652
0.6703
0.6814
0.696
0.711
0.7167
0.7305
0.7399
0.7493
0.7588
0.7634
0.7675
0.775
0.7854
0.8004
0.8019
0.803
