225.0
225.0
225.3128
225.6401
225.9473
226.3153
226.6649
226.8838
227.2572
227.5899
227.9124
228.2769
228.6402
229.0012
229.3188
229.7026
230.0963
230.4152
230.8153
231.1817
231.6278
232.0023
232.4008
232.7506
233.1308
233.4551
233.7394
234.0766
234.3299
234.628
235.0068
235.3366
235.6792
235.9659
236.1859
236.4824
236.7579
237.0294
237.3979
237.7436
238.0007
238.3068
238.513
238.7372
238.939
239.256
239.4907
239.7718
240.0182
240.2625
240.4547
240.7115
240.9506
241.0926
241.3158
241.5127
241.6615
241.8469
241.9974
242.1591
242.2976
242.4251
242.6163
242.7302
242.8447
243.0161
243.1377
243.3099
243.4724
243.6318
243.8286
244.0347
244.1426
244.2954
244.4203
244.5712
244.6712
244.8066
244.9214
245.0955
245.2543
245.4015
245.4846
245.6211
245.7518
245.776
245.8681
245.9648
246.0756
246.1515
246.2466
246.3356
246.4193
246.5642
246.6496
246.7612
246.8958
247.013
247.0769
247.1854
247.2826
247.3802
247.4904
247.5547
247.6807
247.7694
247.8984
247.9673
248.0556
248.1418
248.2882
248.3207
248.3786
248.4625
248.5603
248.6922
248.7544
248.8373
248.9041
248.9767
249.053
249.1107
249.2006
249.2978
249.3981
249.4676
249.5143
249.6189
249.7138
249.7374
249.8114
249.8638
249.9147
249.9805
250.0812
250.1331
250.1905
250.2602
250.3041
250.3581
250.4328
250.4752
250.511
250.5774
250.6361
250.6909
250.7006
250.6913
250.6934
250.7122
250.7507
250.7877
250.8355
250.8479
250.8709
250.8934
250.9229
250.9095
250.9397
250.9585
250.997
251.0775
251.1447
251.1689
251.1871
251.2024
251.2392
251.2785
251.2878
251.3399
251.3614
251.4067
251.4191
251.4011
251.4104
251.4222
251.4408
251.4832
251.5543
251.5841
251.5645
251.5922
251.6317
251.646
251.6888
251.6762
251.7413
251.7783
251.8343
251.8248
251.8831
251.9325
251.9323
251.9658
251.9379
251.9933
252.0063
252.0516
252.0429
252.0365
