3.0
3.0
2.978
2.958700000000006
2.9394000000000036
2.920299999999997
2.89739999999999
2.8766999999999925
2.8585999999999983
2.841200000000006
2.824500000000005
2.806599999999986
2.790300000000004
2.772400000000002
2.754800000000004
2.7408000000000023
2.725900000000004
2.7125999999999983
2.695600000000002
2.6798999999999995
2.6668000000000087
2.6477000000000044
2.635800000000003
2.6188
2.6077999999999966
2.595600000000011
2.579099999999991
2.565799999999993
2.5537999999999994
2.5381999999999993
2.524000000000013
2.5142999999999995
2.498900000000001
2.486199999999984
2.471100000000001
2.4604999999999997
2.4501000000000026
2.4358999999999944
2.4282000000000066
2.4173000000000022
2.408500000000008
2.4000000000000035
2.384999999999992
2.3730000000000047
2.365599999999995
2.3546999999999945
2.3462000000000067
2.3360999999999983
2.3293999999999873
2.3241000000000063
2.3136000000000068
2.308000000000008
2.298200000000004
2.2884
2.2825999999999933
2.2807999999999944
2.278699999999989
2.2747999999999933
2.2713000000000076
2.2653999999999908
2.264400000000012
2.2603999999999886
2.2588000000000017
2.2580999999999993
2.2571999999999997
2.256099999999989
2.2501999999999893
2.249999999999989
2.2471999999999936
2.244100000000003
2.245300000000005
2.2404999999999946
2.241600000000003
2.2397000000000027
2.2373999999999885
2.235600000000002
2.231499999999997
2.2285000000000053
2.2303000000000015
2.225000000000001
2.2273999999999994
2.2260000000000084
2.2252000000000085
2.2248999999999937
2.2282000000000024
2.2284000000000135
2.2265999999999924
2.2262000000000093
2.2275000000000045
2.2268000000000012
2.226499999999998
2.227599999999994
2.228300000000017
2.230000000000005
2.2331000000000043
2.234200000000007
2.233599999999996
2.231599999999989
2.2320999999999955
2.229400000000001
2.228500000000013
2.2273
2.229100000000003
2.2338000000000027
2.2368000000000046
2.2402999999999995
2.2430000000000034
2.2474999999999956
2.2473000000000076
2.2459000000000047
2.2481000000000013
2.2502999999999997
2.2523999999999966
2.2554000000000034
2.2574000000000023
2.2584000000000017
2.259199999999999
2.2592999999999854
2.2648000000000033
2.264300000000006
2.265600000000003
2.2647999999999993
2.2671000000000068
2.269999999999999
2.2728
2.276199999999999
2.2785000000000073
2.2819999999999983
2.280500000000007
2.2758000000000154
2.278299999999997
2.2789999999999973
2.2724999999999964
2.271800000000008
2.2745999999999933
2.2733000000000034
2.2706999999999966
2.27030000000001
2.2684999999999906
2.2673000000000063
2.270400000000011
2.266899999999993
2.2619000000000056
2.2620000000000093
2.262099999999992
2.2605000000000013
2.258999999999996
2.2589999999999972
2.2554999999999987
2.256800000000002
2.257200000000002
2.254900000000006
2.2528000000000006
2.2548000000000012
2.2518000000000034
2.2507000000000112
2.248199999999996
2.247999999999987
2.2512000000000016
2.2528000000000032
2.2534000000000125
2.254899999999999
2.254100000000004
2.2532999999999994
2.252200000000008
2.2484999999999937
2.2451999999999983
2.2390999999999956
2.241900000000002
2.2384999999999753
2.236299999999998
2.2364999999999964
2.2351000000000028
2.2332999999999985
2.229200000000009
2.2266000000000106
2.223999999999996
2.222799999999991
2.220899999999989
2.2202000000000006
2.2208000000000006
2.2195000000000027
2.2189000000000005
2.2173999999999974
2.217699999999987
2.216099999999994
2.216599999999989
2.2175
2.219500000000015
2.2181999999999973
2.218099999999999
2.221200000000005
2.2215999999999907
2.218000000000013
2.220699999999999
2.221199999999997
2.2188000000000057
2.215799999999999
2.210700000000003
2.210100000000003
