1331.0
1331.0
1317.3611
1303.3185
1290.2569
1276.8214
1262.3215
1248.7218
1235.8278
1222.0166
1209.6013
1197.279
1183.8247
1170.4217
1159.7474
1148.1567
1136.8737
1125.9365
1114.403
1102.8029
1093.2125
1081.6247
1071.5523
1060.727
1050.8234
1041.3388
1031.9492
1021.9119
1012.2629
1003.1298
994.7176
984.8429
976.0083
966.3677
957.0387
948.8138
940.2149
930.5226
923.2304
914.9426
906.629
898.5112
890.4713
881.8728
873.3239
865.8369
858.3894
849.6695
841.6629
833.9199
825.9939
818.3446
810.6982
802.5971
795.6063
789.518
783.1891
775.896
769.6699
762.9179
758.0415
752.2931
746.8236
741.7673
735.7606
729.9395
724.4678
719.5454
713.9424
709.1173
704.1452
698.246
692.9008
688.3644
684.3003
679.0522
673.7761
669.3879
664.0138
658.2292
653.2154
648.46
643.4021
638.5997
633.5802
628.7895
625.0228
619.4374
615.1516
611.2116
607.477
603.5916
598.8995
595.2028
591.5779
587.1711
583.3527
579.7679
575.8508
571.4251
566.6574
563.1451
558.659
555.2458
551.2774
546.3651
541.8211
538.2973
533.7696
530.101
526.5214
522.4207
518.6055
514.3743
511.7301
507.8367
504.414
499.744
495.778
491.5559
488.0201
485.6079
482.3089
479.3577
475.8836
472.58
469.1683
465.8668
461.6658
458.0598
453.9917
449.8307
444.1935
439.2796
434.9828
430.756
425.6573
420.7819
417.0525
412.0033
407.4569
402.6246
397.9503
393.4428
389.1766
384.3107
379.9147
375.4642
371.0593
366.1031
361.2822
357.3022
352.7739
348.6263
344.4353
340.6611
336.6407
332.8748
328.2597
324.421
320.449
316.9676
313.6309
309.2602
305.2083
301.0856
297.8576
293.8636
290.5179
286.4625
281.9664
278.532
275.3855
271.6864
267.6344
263.4955
261.075
258.5349
255.2127
251.8004
248.3502
244.8917
241.7499
238.5847
235.2869
232.0948
229.2441
225.9594
223.1821
219.9371
216.7926
214.1634
211.3906
208.819
205.5468
202.8635
200.4116
197.4266
194.8237
192.0478
