12.0
12.0
11.913799999999997
11.827899999999975
11.743799999999982
11.654700000000009
11.569899999999976
11.483100000000004
11.398900000000047
11.315699999999957
11.225899999999978
11.1396
11.055699999999979
10.970400000000055
10.888799999999993
10.803699999999996
10.716100000000013
10.632199999999994
10.548999999999982
10.463099999999992
10.375600000000002
10.291100000000029
10.207800000000002
10.120899999999978
10.032999999999998
9.944900000000036
9.859299999999982
9.773799999999992
9.688500000000019
9.606400000000004
9.526999999999983
9.44000000000003
9.363300000000008
9.281999999999993
9.196900000000015
9.112899999999957
9.025399999999975
8.940799999999953
8.858199999999997
8.77870000000002
8.697899999999997
8.62119999999998
8.537100000000015
8.452600000000013
8.369000000000035
8.280299999999968
8.202300000000013
8.120000000000015
8.038500000000028
7.9644999999999975
7.8847
7.8025
7.722200000000003
7.6462
7.578800000000001
7.5114999999999945
7.450899999999997
7.387800000000003
7.330800000000009
7.2707000000000015
7.2067
7.150899999999997
7.096099999999997
7.036499999999997
6.972899999999994
6.913699999999994
6.856100000000004
6.7982
6.732199999999994
6.671999999999994
6.611399999999988
6.547699999999999
6.487400000000001
6.430400000000003
6.367600000000005
6.308899999999981
6.245799999999991
6.178599999999994
6.120600000000011
6.057800000000001
6.000199999999986
5.943200000000012
5.885699999999998
5.820899999999985
5.760399999999991
5.6986000000000026
5.640800000000003
5.581899999999988
5.524299999999984
5.467600000000015
5.408299999999998
5.351199999999998
5.294500000000001
5.233600000000008
5.169600000000025
5.112099999999993
5.055200000000007
4.998100000000002
4.940599999999998
4.879600000000023
4.818700000000009
4.758400000000011
4.702100000000008
4.641900000000004
4.580600000000001
4.51909999999999
4.457400000000022
4.399700000000005
4.3429999999999715
4.291600000000007
4.236000000000013
4.180299999999998
4.127399999999987
4.07500000000002
4.023300000000005
3.9687999999999986
3.9174
3.8677999999999986
3.8145
3.7624999999999984
3.7133999999999987
3.6617999999999973
3.6143
3.5618000000000016
3.5117999999999907
3.4592000000000027
3.4045999999999976
3.354400000000005
3.3078999999999943
3.262499999999993
3.219700000000001
3.1792999999999987
3.1459999999999972
3.1088000000000022
3.068399999999992
3.0323000000000033
2.9948999999999923
2.9615000000000005
2.9274999999999887
2.8880999999999992
2.849199999999999
2.816299999999997
2.781900000000004
2.7447000000000004
2.7082999999999973
2.675999999999996
2.643299999999994
2.608499999999995
2.574599999999998
2.542099999999997
2.509399999999991
2.4743000000000044
2.443100000000003
2.4103999999999988
2.3781999999999903
2.346200000000005
2.3156999999999877
2.285899999999998
2.2566000000000024
2.2246999999999977
2.1931999999999916
2.1621000000000117
2.1336000000000013
2.105300000000008
2.076799999999994
2.0469999999999904
2.0191999999999912
1.9860999999999986
1.9577000000000007
1.9272
1.8959000000000008
1.8679000000000003
1.8401999999999992
1.8141999999999994
1.7897000000000012
1.7643
1.738800000000003
1.7166
1.6942000000000015
1.666400000000004
1.639400000000001
1.6175999999999997
1.5917000000000008
1.5684999999999973
1.5456999999999994
1.5246999999999986
1.5052999999999979
1.4812000000000023
1.4597999999999955
1.4387000000000034
1.417199999999997
1.3955999999999986
1.3763999999999972
1.3575999999999961
1.3383999999999971
1.3203000000000005
1.3004000000000056
1.2784999999999966
1.2587000000000004
1.2396999999999985
