216.0
216.0
218.1845
220.3178
222.2775
224.9049
227.1796
229.1697
231.1939
233.9215
236.199
238.2607
241.1234
244.0119
246.6897
249.2304
252.2151
255.2655
258.6149
261.8282
264.6136
267.7392
271.2158
274.6496
278.9545
282.1071
285.3232
288.7213
292.278
295.5451
299.3989
303.6298
307.3403
311.1302
315.9264
319.9362
323.3964
327.0636
330.3882
334.0
337.7075
342.2062
346.8677
351.8721
357.1013
361.5981
365.9817
369.6898
374.9073
379.3758
383.4342
388.8168
394.1268
399.6811
405.0948
411.4543
417.99
423.6947
430.5985
436.6729
443.1368
449.8478
455.8966
462.6247
469.0321
474.5112
481.5319
487.2814
493.7867
499.2575
505.6625
511.9745
518.1371
523.8073
529.13
534.6712
540.7041
546.7645
552.9515
558.7157
565.8352
571.5833
577.5969
583.6553
589.7876
596.1309
602.3892
608.7373
615.7898
621.9028
628.1108
634.467
639.8272
645.0565
651.0905
656.0951
662.5726
667.7418
674.9207
682.1447
688.0154
693.5761
699.9727
705.8429
712.1672
718.9093
725.9157
732.762
739.4216
745.9238
751.6493
759.1391
765.8027
773.1179
779.1495
786.1176
791.7446
797.8939
804.8559
811.831
817.0157
822.5847
828.704
834.8162
841.2136
848.5347
854.289
858.8895
861.8295
863.8296
866.1904
867.8834
869.8375
871.4933
874.2614
878.0573
879.6785
882.3198
884.704
888.4388
889.7432
892.4657
894.761
896.7484
898.8469
901.1986
904.4283
906.1172
908.4277
910.6546
913.1147
915.6223
916.8777
918.594
919.4001
920.5791
921.1764
923.3004
924.5077
926.0586
926.1104
927.4145
929.5513
931.1137
930.4383
931.2164
931.9005
934.3785
936.5373
937.7478
940.641
941.8602
943.8821
944.6158
944.2475
944.1523
946.8147
946.7677
948.1087
947.9414
947.364
948.5742
948.2691
950.0553
951.0976
950.5143
951.6611
951.9466
953.0876
955.1217
954.398
954.9578
953.7692
954.913
955.4631
954.7612
954.8047
955.8478
957.2146
957.6586
