36.0
36.0
36.1707
36.3338
36.4791
36.6991
36.8864
37.0421
37.1991
37.4279
37.6066
37.7673
38.0078
38.2411
38.4619
38.652
38.9015
39.1675
39.4467
39.707
39.935
40.1972
40.4806
40.7606
41.1307
41.3889
41.6384
41.9137
42.2062
42.4781
42.7991
43.1452
43.4399
43.7332
44.1344
44.4748
44.7512
45.0426
45.3116
45.5988
45.8783
46.2442
46.6267
47.0285
47.4373
47.7973
48.1339
48.4162
48.8245
49.174
49.4904
49.8886
50.2998
50.7341
51.1744
51.6733
52.1944
52.6543
53.2181
53.6971
54.198
54.7078
55.1708
55.6907
56.1767
56.5888
57.1333
57.5808
58.0683
58.4745
58.9517
59.4349
59.9021
60.3211
60.7318
61.1434
61.5919
62.0375
62.4751
62.8761
63.3736
63.7775
64.2177
64.6439
65.0778
65.5305
65.9696
66.4167
66.8938
67.3342
67.7744
68.2054
68.5856
68.9367
69.3423
69.6893
70.134
70.5006
70.9789
71.4619
71.8514
72.2111
72.6485
73.0229
73.4472
73.9067
74.3879
74.8632
75.2878
75.698
76.0849
76.5749
77.0061
77.4981
77.8805
78.3244
78.6924
79.0901
79.5141
79.9316
80.2687
80.6107
81.006
81.4042
81.8268
82.2653
82.646
82.9267
83.0485
83.1158
83.2074
83.2644
83.3185
83.3849
83.5192
83.7145
83.7801
83.9088
83.9912
84.165
84.1894
84.3031
84.3642
84.429
84.4941
84.598
84.7377
84.8094
84.9139
85.0136
85.1001
85.1853
85.2071
85.2632
85.2853
85.2907
85.3022
85.3814
85.4237
85.465
85.42
85.4505
85.5381
85.5665
85.4911
85.4898
85.4887
85.5753
85.6581
85.7012
85.804
85.8268
85.9161
85.9138
85.8445
85.7755
85.8681
85.8373
85.8765
85.8418
85.7642
85.7826
85.6911
85.7229
85.7144
85.6141
85.6213
85.6132
85.618
85.6719
85.5716
85.565
85.4576
85.4746
85.4633
85.3934
85.3641
85.3692
85.3902
85.377
