36.0
36.0
35.6307
35.2577
34.8434
34.4737
34.1459
33.8044
33.462
33.1333
32.7926
32.4353
32.1047
31.7824
31.4857
31.1444
30.7779
30.4106
30.0941
29.7862
29.5182
29.1842
28.8983
28.5921
28.3238
28.073
27.8012
27.5555
27.2697
26.9945
26.7271
26.4683
26.1889
25.9208
25.7044
25.4343
25.2008
24.977
24.7621
24.5478
24.3419
24.0986
23.8603
23.6488
23.4281
23.1787
22.9367
22.6799
22.4557
22.2901
22.0779
21.8464
21.6308
21.457
21.3881
21.35
21.3221
21.3311
21.3381
21.3294
21.3405
21.3484
21.367
21.3857
21.3955
21.3982
21.4181
21.4424
21.4484
21.4667
21.5001
21.5194
21.528
21.5607
21.5833
21.6285
21.6496
21.6941
21.7161
21.7428
21.796
21.8299
21.8416
21.8877
21.9329
21.9625
22.0159
22.0187
22.0347
22.0553
22.0753
22.0964
22.1324
22.1868
22.2469
22.309
22.3657
22.4051
22.4663
22.4933
22.5282
22.5675
22.6139
22.633
22.68
22.7218
22.7768
22.8181
22.8702
22.9332
22.9735
23.0222
23.0636
23.1219
23.1769
23.2126
23.249
23.289
23.332
23.3948
23.439
23.5195
23.585
23.6534
23.7209
23.7542
23.8046
23.8432
23.8318
23.8124
23.7554
23.7163
23.6721
23.6058
23.5271
23.4459
23.3601
23.315
23.2158
23.1485
23.071
22.9827
22.9168
22.8376
22.7613
22.652
22.5487
22.4627
22.3594
22.2274
22.1329
22.048
21.9846
21.8962
21.8113
21.725
21.6235
21.5614
21.4586
21.3666
21.2598
21.1527
21.0556
20.9346
20.8051
20.705
20.6087
20.5219
20.4156
20.3174
20.2022
20.0987
19.9964
19.8966
19.8006
19.7243
19.601
19.5185
19.4422
19.3286
19.2467
19.1271
19.0209
18.9372
18.831
18.7414
18.6264
18.5225
18.4479
18.3693
18.2805
18.1632
18.0548
17.9509
17.8703
17.7484
17.653
17.5448
17.4322
17.3647
