9.0
9.0
8.9504
8.8951
8.8578
8.8108
8.7848
8.7583
8.7396
8.7173
8.6979
8.6894
8.6869
8.6837
8.6803
8.6797
8.6764
8.6718
8.6805
8.6963
8.7003
8.7039
8.7388
8.7408
8.7476
8.7818
8.8157
8.8359
8.8664
8.9081
8.9369
8.9642
9.0125
9.0218
9.0548
9.0903
9.1232
9.1682
9.2223
9.2682
9.3147
9.3533
9.4079
9.4356
9.5209
9.5656
9.6395
9.7
9.735
9.8061
9.8474
9.9251
9.9905
10.0571
10.1581
10.2929
10.4278
10.555
10.6897
10.8121
10.9464
11.0486
11.1553
11.2762
11.3822
11.5142
11.6652
11.7986
11.9148
12.0242
12.133
12.2774
12.4016
12.5492
12.6644
12.7855
12.9243
13.0544
13.167
13.3011
13.4295
13.5681
13.6928
13.8312
13.9585
14.105
14.2121
14.3631
14.5073
14.6693
14.8116
14.9469
15.0881
15.2268
15.3974
15.5763
15.7124
15.8596
16.0447
16.2114
16.3631
16.5383
16.7057
16.8554
17.029
17.2095
17.3901
17.5517
17.745
17.8851
18.0571
18.2208
18.3745
18.5579
18.7251
18.9032
19.0995
19.3005
19.5005
19.7006
19.8593
20.1025
20.2702
20.4375
20.6035
20.7787
20.9783
21.1796
21.4025
21.6511
21.9242
22.1932
22.479
22.723
22.9558
23.2102
23.5143
23.7814
24.0954
24.3707
24.6901
25.0033
25.294
25.6032
25.9182
26.2409
26.568
26.8777
27.2186
27.5812
27.9177
28.2925
28.6364
28.9696
29.3037
29.691
30.0525
30.4675
30.8867
31.2563
31.6969
32.1138
32.5185
32.8985
33.2272
33.6329
33.9983
34.4036
34.8063
35.2274
35.6634
36.0781
36.4518
36.8774
37.3304
37.6993
38.1314
38.5361
38.9831
39.4079
39.8648
40.32
40.7458
41.1683
41.6063
42.0683
42.5351
42.9218
43.3678
43.8793
44.2942
44.7881
45.1968
45.6759
46.1079
46.5827
46.9722
47.4856
47.9703
48.4189
