27.0
27.0
8.4657
2.6112
0.8371
0.3199
0.1491
0.0898
0.0604
0.0579
0.0637
0.0669
0.0651
0.0493
0.0633
0.0675
0.0664
0.0615
0.0671
0.0639
0.058
0.0595
0.052
0.0501
0.0577
0.0498
0.0517
0.0507
0.053
0.0488
0.058
0.0511
0.0455
0.0496
0.0536
0.0542
0.0514
0.0505
0.0497
0.0523
0.0544
0.0521
0.0455
0.0508
0.0569
0.0496
0.0503
0.0442
0.0479
0.052
0.0557
0.0457
0.0465
0.0502
0.065
0.0808
0.077
0.0791
0.0706
0.069
0.0612
0.0576
0.0691
0.0621
0.0541
0.0573
0.056
0.0615
0.0603
0.0654
0.0643
0.0597
0.0517
0.0481
0.0513
0.0494
0.0538
0.0555
0.0518
0.0513
0.0534
0.0609
0.045
0.0447
0.0467
0.0429
0.0446
0.043
0.0427
0.044
0.0514
0.0487
0.0437
0.0401
0.0424
0.0478
0.0441
0.0434
0.0469
0.0444
0.0422
0.0479
0.0437
0.0455
0.0508
0.0419
0.0433
0.0413
0.0408
0.0431
0.042
0.0444
0.0482
0.0428
0.0481
0.0484
0.0462
0.045
0.0446
0.0427
0.0404
0.04
0.0427
0.0419
0.0501
0.0464
0.0389
0.0418
0.0506
0.0565
0.0594
0.0655
0.0643
0.058
0.0597
0.0581
0.0596
0.0609
0.058
0.0613
0.0654
0.0595
0.058
0.0596
0.0598
0.0636
0.0719
0.0662
0.0668
0.069
0.0668
0.0641
0.0589
0.0583
0.0578
0.0605
0.0553
0.0507
0.0599
0.0586
0.0613
0.0707
0.0667
0.0656
0.0631
0.0612
0.0653
0.0614
0.0619
0.0616
0.0576
0.0548
0.0582
0.0623
0.0656
0.0677
0.0627
0.0584
0.0546
0.051
0.0563
0.0682
0.0674
0.064
0.062
0.0682
0.0592
0.0615
0.0579
0.0604
0.0618
0.0658
0.0609
0.0619
0.0604
0.0622
0.0602
0.0576
0.0563
0.0553
