4913.0
4913.0
4806.6712
4698.9614
4595.8551
4495.6684
4394.0919
4288.5857
4192.3948
4086.4483
3989.0804
3894.6109
3799.6475
3698.9114
3605.5807
3511.4038
3424.5018
3339.3781
3255.4069
3172.5346
3086.6802
2999.9794
2917.4009
2833.6593
2755.2836
2677.0233
2603.1063
2528.3877
2459.3252
2385.4581
2312.3834
2243.608
2172.8538
2104.9117
2036.8032
1976.3244
1911.8979
1851.4338
1790.0304
1730.5268
1674.1763
1618.4304
1563.5143
1511.1593
1460.6046
1411.4948
1364.9607
1320.5727
1273.0783
1229.235
1183.8841
1140.017
1099.9611
1061.1904
1037.5947
1016.1435
996.6181
978.5677
959.5415
940.1694
920.0679
903.6894
884.6545
866.8075
849.266
830.93
812.2228
794.7755
777.2688
759.9202
742.5691
726.2303
711.4006
696.503
679.187
663.9363
647.5718
632.543
618.0132
605.3453
590.7812
577.9317
564.2469
549.7809
536.9984
524.7211
512.2651
501.0225
488.4626
476.8781
465.405
454.1169
442.2082
432.2122
419.9276
409.9487
400.667
390.4982
380.6959
371.2491
361.3003
352.0508
342.1698
333.8047
325.0319
317.4801
309.7029
301.9553
294.8069
286.6256
278.9525
272.2237
264.6243
257.8171
251.0954
243.4426
236.1519
229.8281
223.5419
217.7558
211.9402
205.7338
199.9744
193.9622
188.2723
182.311
177.3708
172.7722
168.7605
164.3644
160.5119
156.7627
152.6585
149.2473
145.5422
141.6129
138.7603
135.1106
131.9522
128.9117
125.792
122.5311
119.1867
116.6615
114.0416
111.0279
108.6354
106.2607
103.5803
100.7744
98.3718
95.8527
93.6744
91.3996
89.537
87.4014
85.1855
82.9973
80.7741
79.0882
77.1896
74.7994
72.9797
71.0108
69.2374
67.4784
65.4584
63.8632
62.4453
61.3359
59.3506
57.5561
56.3473
54.901
53.6385
52.6106
51.4156
50.2401
49.2435
48.3649
47.4146
46.4499
45.2977
44.3855
43.0853
42.3191
41.391
40.4354
39.5383
38.707
37.8075
36.9031
35.943
35.2447
34.4344
33.6192
33.1741
31.8993
31.1331
30.4518
