13.0
13.0
13.049100000000012
13.103600000000018
13.156000000000018
13.2005
13.252200000000004
13.30459999999996
13.342799999999993
13.394099999999977
13.434800000000012
13.478100000000008
13.523699999999982
13.557600000000003
13.59800000000003
13.639100000000008
13.676899999999968
13.71959999999999
13.762500000000006
13.7987
13.833699999999995
13.871399999999994
13.903300000000005
13.931800000000008
13.9645
13.99869999999998
14.040900000000011
14.077400000000011
14.104899999999994
14.129300000000011
14.1605
14.193399999999992
14.2254
14.246600000000006
14.262400000000012
14.28609999999999
14.30359999999999
14.330099999999995
14.357699999999994
14.372999999999994
14.3915
14.4073
14.428500000000012
14.445099999999982
14.466899999999997
14.4842
14.498000000000006
14.517699999999982
14.538399999999998
14.56419999999999
14.581000000000017
14.592199999999995
14.6024
14.616500000000011
14.642399999999979
14.670200000000007
14.700099999999988
14.727899999999996
14.7617
14.787000000000003
14.811500000000006
14.8354
14.851800000000006
14.8737
14.893400000000009
14.913600000000006
14.934900000000003
14.953199999999983
14.974600000000006
14.99590000000001
15.014500000000005
15.031100000000002
15.050899999999997
15.070600000000002
15.0891
15.111099999999997
15.127799999999993
15.141699999999995
15.155199999999994
15.1737
15.193299999999992
15.208400000000006
15.2231
15.240500000000006
15.256999999999994
15.273499999999995
15.2961
15.305
15.320500000000006
15.334899999999994
15.349499999999994
15.363100000000006
15.378700000000006
15.387900000000004
15.400699999999992
15.409499999999998
15.417700000000005
15.431500000000003
15.448699999999997
15.462400000000002
15.475400000000006
15.485700000000007
15.5029
15.519700000000002
15.534700000000006
15.5478
15.5532
15.559800000000003
15.5721
15.5815
15.589000000000002
15.5964
15.606200000000007
15.6137
15.6184
15.632899999999998
15.6407
15.649700000000003
15.655600000000003
15.6627
15.6648
15.668700000000007
15.6701
15.6803
15.6926
15.6997
15.7113
15.718499999999993
15.722899999999997
15.7244
15.725799999999994
15.7215
15.717500000000006
15.719999999999994
15.711299999999994
15.7077
15.6977
15.6982
15.6941
15.691100000000002
15.6857
15.689499999999997
15.6874
15.6843
15.6804
15.670000000000003
15.668599999999998
15.6638
15.6589
15.651599999999995
15.6465
15.6461
15.641499999999994
15.6388
15.635799999999994
15.6324
15.6314
15.6209
15.6244
15.6151
15.608100000000002
15.6007
15.5979
15.594600000000003
15.5821
15.5706
15.5554
15.5505
15.547
15.542399999999997
15.5316
15.5341
15.527899999999997
15.516800000000003
15.502399999999994
15.497799999999996
15.494900000000003
15.492299999999997
15.478899999999994
15.4755
15.473299999999997
15.471099999999996
15.461200000000003
15.456700000000005
15.4498
15.437500000000004
15.428000000000003
15.4214
15.411000000000003
15.401400000000002
15.394
15.3839
15.3847
15.377100000000002
15.3643
15.358499999999994
15.3536
15.3419
15.338799999999997
15.329499999999994
