18.0
18.0
17.955999999999992
17.914500000000004
17.869000000000057
17.822500000000066
17.778899999999958
17.73459999999991
17.693500000000068
17.65049999999999
17.60820000000006
17.564999999999987
17.522199999999966
17.479200000000034
17.438200000000084
17.397800000000007
17.358900000000055
17.322600000000158
17.279599999999952
17.238499999999995
17.19819999999991
17.15419999999998
17.111199999999986
17.067800000000066
17.03289999999992
16.990499999999972
16.952500000000033
16.910399999999964
16.868099999999952
16.828299999999942
16.78879999999995
16.747300000000067
16.70779999999995
16.669399999999946
16.630699999999955
16.592500000000033
16.555400000000038
16.517300000000105
16.480100000000057
16.441299999999977
16.40089999999984
16.36070000000012
16.318699999999975
16.274899999999977
16.234100000000026
16.19399999999995
16.155699999999946
16.118299999999987
16.077799999999918
16.03869999999994
16.001299999999986
15.959799999999994
15.9211
15.8772
15.8221
15.770500000000004
15.710499999999998
15.6514
15.589700000000002
15.534400000000003
15.470499999999994
15.4088
15.350900000000003
15.2921
15.230699999999997
15.1729
15.1124
15.052699999999994
14.994699999999987
14.9373
14.878400000000006
14.817300000000007
14.761500000000012
14.7024
14.6414
14.579199999999995
14.5237
14.463300000000014
14.405099999999997
14.350399999999988
14.28940000000001
14.231899999999982
14.1651
14.107700000000017
14.047199999999995
13.984999999999994
13.927799999999989
13.874099999999988
13.815100000000012
13.754600000000023
13.699900000000007
13.642499999999982
13.5835
13.531999999999972
13.475199999999994
13.421100000000024
13.361599999999989
13.302499999999986
13.243599999999974
13.185700000000006
13.126900000000017
13.068099999999989
13.011900000000034
12.955099999999996
12.901800000000012
12.84349999999996
12.783399999999999
12.72790000000002
12.673200000000007
12.613499999999995
12.54930000000004
12.491800000000014
12.439600000000027
12.38260000000002
12.3282
12.268100000000027
12.210299999999982
12.156899999999995
12.093899999999989
12.041099999999949
11.985099999999981
11.92239999999997
11.8716
11.810099999999984
11.755400000000007
11.69899999999999
11.638899999999998
11.587399999999985
11.53690000000004
11.490199999999989
11.443999999999988
11.401299999999997
11.354699999999998
11.310600000000036
11.263499999999995
11.221900000000002
11.181300000000004
11.135400000000006
11.096799999999998
11.051399999999985
11.007200000000013
10.96669999999999
10.927399999999981
10.882499999999995
10.840100000000005
10.796199999999995
10.750300000000026
10.706800000000023
10.664099999999998
10.61939999999998
10.576300000000018
10.534799999999967
10.490499999999965
10.450000000000003
10.408300000000006
10.36619999999998
10.322500000000046
10.280299999999967
10.240299999999982
10.199000000000012
10.155499999999995
10.115600000000057
10.074199999999992
10.033299999999965
9.991300000000013
9.951500000000031
9.911800000000015
9.868099999999991
9.82480000000001
9.78279999999998
9.746100000000004
9.70439999999999
9.668300000000034
9.626000000000039
9.583300000000028
9.543799999999992
9.499800000000004
9.451300000000007
9.41550000000004
9.37170000000001
9.329200000000027
9.288200000000005
9.248
9.20899999999999
9.168500000000028
9.12640000000002
9.081400000000022
9.044199999999945
9.005400000000012
8.96490000000001
8.922399999999985
8.875899999999996
8.835799999999967
8.800699999999956
8.762799999999922
8.719800000000008
8.67790000000002
8.639000000000031
8.598699999999988
8.561800000000039
