729.0
729.0
732.3702
736.6808
740.572
746.8041
752.2819
758.7617
765.4708
772.9697
779.2872
786.6801
793.6814
800.0073
807.0999
813.0656
821.388
829.6235
838.5179
845.6075
854.1958
863.327
872.7752
881.8805
893.5557
902.81
911.983
922.2678
932.1675
941.0352
952.2437
963.013
974.6795
984.5205
995.7692
1006.6715
1018.3498
1028.9704
1042.6591
1054.5566
1065.0982
1079.7848
1094.8145
1104.8945
1117.3524
1129.5684
1142.0636
1157.1082
1168.5416
1183.0216
1194.2685
1209.3352
1224.2692
1239.391
1252.8393
1270.3251
1285.4512
1299.8931
1317.2285
1335.143
1353.8912
1370.3811
1388.0914
1406.1271
1423.7926
1440.3896
1457.9114
1474.4455
1491.1845
1511.2335
1527.7789
1548.2782
1564.9164
1583.1383
1601.1451
1621.4529
1640.8096
1659.7288
1676.841
1696.3407
1715.7208
1735.5002
1754.9634
1775.3153
1796.6486
1815.5931
1837.9155
1855.3033
1877.3092
1896.2785
1915.5166
1932.8401
1953.4673
1970.5837
1994.0303
2015.6321
2035.2334
2055.8789
2077.7399
2099.3438
2122.9587
2143.543
2165.138
2188.5226
2210.9652
2231.6411
2254.7619
2279.3816
2303.4453
2325.221
2347.7579
2371.2048
2394.023
2417.6861
2440.4208
2463.7352
2489.5814
2513.3266
2536.5695
2562.1172
2584.6425
2612.0122
2635.4282
2661.0622
2683.5013
2707.9614
2726.1696
2753.2889
2779.8043
2810.3363
2838.8453
2871.2683
2901.3607
2928.8697
2955.0993
2987.2906
3013.9542
3041.9467
3068.6361
3096.6583
3124.5223
3155.5136
3183.6986
3213.6065
3243.7399
3273.1017
3305.7414
3333.5599
3372.5172
3404.0013
3434.1413
3462.3134
3491.7083
3523.5769
3554.594
3584.2856
3618.2068
3649.1937
3681.1955
3714.2171
3746.1
3782.5098
3817.3343
3848.0441
3881.7941
3916.0626
3949.7211
3983.4313
4017.9123
4054.5757
4085.7482
4118.1812
4155.0502
4189.1388
4221.1747
4256.212
4293.25
4330.1763
4363.3644
4397.2004
4426.7335
4463.8177
4495.6716
4530.7673
4562.546
4595.8869
4633.1995
4665.3572
4701.9409
4737.6689
4774.1604
4805.1863
4845.8789
4884.7904
4923.0529
4959.843
4995.6529
5033.1512
5074.6415
5115.264
