225.0
225.0
224.7566
224.5113
224.2685
224.0029
223.7406
223.5015
223.2622
222.9844
222.7494
222.5608
222.25
221.9883
221.7239
221.4019
221.1035
220.8418
220.6045
220.3417
220.1234
219.9066
219.6716
219.4094
219.1853
218.9747
218.7865
218.5788
218.3661
218.1123
217.9145
217.6579
217.4468
217.2531
217.0236
216.8096
216.6193
216.3374
216.1257
215.889
215.657
215.4625
215.2373
215.027
214.7719
214.5266
214.3403
214.1281
213.8907
213.6434
213.4206
213.1946
212.9508
212.6916
212.5273
212.3514
212.2139
212.0745
211.9176
211.7552
211.6357
211.4868
211.3594
211.2513
211.1496
211.0206
210.8991
210.7808
210.6368
210.4872
210.3695
210.2141
210.1002
209.9279
209.7527
209.5971
209.4124
209.2933
209.1794
209.0822
208.9423
208.8284
208.7024
208.5492
208.44
208.2884
208.1253
208.0033
207.9016
207.7822
207.6479
207.5286
207.4367
207.3364
207.2027
207.04
206.9159
206.8058
206.63
206.5444
206.4462
206.3624
206.2331
206.1501
205.9875
205.8604
205.712
205.6381
205.5372
205.4134
205.2681
205.163
204.9985
204.9148
204.8118
204.6851
204.5775
204.4496
204.3516
204.2463
204.1417
204.0244
203.8986
203.7868
203.6533
203.5177
203.3595
203.2111
202.865
202.4021
201.9936
201.5243
201.0121
200.4366
199.844
199.2996
198.6235
198.0591
197.4667
196.8697
196.4138
195.8656
195.307
194.7645
194.2144
193.6903
193.1544
192.6047
192.0225
191.4872
190.8837
190.3073
189.6966
189.1342
188.5423
187.9978
187.4183
186.8928
186.4106
185.8059
185.2894
184.7676
184.2085
183.6529
183.136
182.6246
182.0574
181.5105
181.0464
180.5041
180.047
179.4644
178.9921
178.4663
177.9585
177.4394
176.9059
176.4354
175.9437
175.3517
174.7628
174.2243
173.6881
173.1448
172.6345
172.034
171.5298
170.9905
170.4559
169.911
169.3499
168.8589
168.3261
167.7854
167.2352
166.7249
166.1891
165.6033
165.1057
164.6156
