1000.0
1000.0
995.8082
992.439
989.8665
984.8664
981.4896
978.8281
975.4709
970.566
966.9916
963.575
960.246
957.8547
954.3808
950.7426
946.3102
944.4812
941.7609
939.01
935.8491
932.1551
930.774
929.4171
926.8415
923.7555
922.2567
921.2106
918.3988
917.3567
916.2478
915.3654
912.6597
909.8854
908.4373
907.6763
906.0999
905.7457
903.6592
903.4164
902.658
901.0116
901.0263
901.3144
900.8042
898.616
898.5053
898.6296
898.0094
897.9882
896.9391
895.2477
895.1011
893.9679
897.6088
902.4704
907.1013
912.482
919.139
924.9672
930.9129
936.382
942.3372
947.1926
952.8949
959.0964
964.8464
972.7627
980.4016
986.3671
994.0447
1000.5771
1008.2268
1014.3371
1021.1063
1028.7847
1035.7194
1043.8873
1052.4519
1059.4922
1067.8942
1075.9776
1085.0773
1092.4484
1101.3632
1108.8963
1118.3915
1127.5794
1136.9374
1144.9059
1153.0706
1162.4097
1172.2906
1184.019
1193.3662
1204.7095
1215.3381
1226.3589
1237.1368
1248.6375
1259.4743
1271.5975
1280.6991
1290.2302
1301.1652
1311.49
1322.7725
1334.6123
1345.9284
1357.0062
1369.5806
1384.4907
1397.937
1410.9045
1421.6839
1434.7538
1445.8568
1460.0764
1472.4574
1485.842
1497.3353
1509.9447
1523.7105
1536.7347
1550.9691
1564.7494
1575.8334
1589.266
1604.992
1620.2797
1638.4286
1656.6318
1673.6222
1689.5039
1709.1451
1725.7796
1744.1589
1760.4345
1777.8788
1796.9738
1813.4129
1831.848
1848.0691
1867.2667
1888.068
1905.1096
1925.5521
1943.6494
1961.5707
1981.8855
2000.8102
2020.5666
2038.5433
2058.6352
2080.2802
2099.822
2119.2145
2139.1133
2160.4666
2181.5528
2200.7756
2219.6096
2242.4289
2266.1998
2291.34
2313.485
2334.373
2361.447
2384.4795
2409.8308
2432.9767
2455.8151
2480.3905
2503.5257
2527.7816
2554.6785
2580.8796
2608.0383
2636.4101
2661.5942
2685.6521
2709.5861
2735.8776
2760.4303
2785.6949
2809.9246
2835.0585
2861.3356
2892.2474
2920.4439
2950.4649
2978.9223
3009.9822
3035.975
3062.1623
3093.1234
3120.2802
3150.0974
3184.4105
3210.8114
