0.0
0.0
0.0051
0.0094
0.0138
0.0171
0.018
0.0191
0.0227
0.0249
0.0262
0.0296
0.0294
0.0305
0.0296
0.0309
0.0312
0.0327
0.0355
0.0361
0.0352
0.0374
0.0374
0.0401
0.0413
0.0408
0.0437
0.0423
0.0457
0.046
0.0444
0.0427
0.0445
0.0439
0.0449
0.0468
0.0481
0.0477
0.0475
0.0486
0.049
0.0497
0.0469
0.0476
0.0528
0.0546
0.057
0.0548
0.058
0.0584
0.0554
0.0546
0.0582
0.0594
0.0624
0.0661
0.0681
0.0728
0.075
0.0798
0.0834
0.0884
0.0937
0.0975
0.0985
0.1021
0.1083
0.1113
0.116
0.1189
0.1203
0.1196
0.1239
0.1272
0.1242
0.1234
0.1275
0.1292
0.1314
0.1384
0.1356
0.1389
0.1396
0.1442
0.147
0.1475
0.1497
0.1509
0.1495
0.1479
0.1465
0.1465
0.1478
0.1508
0.1525
0.155
0.1566
0.1569
0.1602
0.1627
0.162
0.1641
0.165
0.1659
0.1677
0.1675
0.1651
0.1718
0.1722
0.1697
0.1702
0.1741
0.1766
0.1837
0.187
0.1897
0.1905
0.1905
0.1893
0.19
0.1867
0.1842
0.1847
0.1827
0.1832
0.183
0.1837
0.1882
0.1882
0.1889
0.1938
0.1985
0.1997
0.206
0.2087
0.2133
0.2174
0.2224
0.2253
0.2278
0.2318
0.2404
0.2457
0.2496
0.2485
0.2564
0.2579
0.2611
0.2622
0.2653
0.2713
0.275
0.2758
0.2798
0.282
0.2803
0.2786
0.2782
0.2785
0.2832
0.2835
0.2876
0.2895
0.294
0.3023
0.3056
0.3137
0.3125
0.317
0.3226
0.3217
0.3224
0.3243
0.3252
0.327
0.3321
0.334
0.3368
0.339
0.3382
0.3368
0.3391
0.3476
0.3509
0.3443
0.3438
0.3474
0.3469
0.3515
0.3525
0.3507
0.3518
0.3551
0.3616
0.3635
0.3629
0.3623
0.358
0.3592
0.3557
