216.0
216.0
213.4219
211.6124
209.4914
207.3738
205.4382
204.0594
202.0659
200.0848
198.0365
196.4604
194.9311
193.6612
192.497
191.4294
189.9403
188.6852
187.3671
186.0214
184.4489
182.9845
181.9223
180.9041
179.2675
178.2041
177.6876
176.7218
175.9622
174.6911
173.7
172.7927
171.5874
170.8786
169.7928
169.0559
167.9062
166.9916
166.4183
165.0154
164.3196
163.5391
162.6561
161.5066
160.6797
159.9056
159.0044
158.2202
157.4528
156.8111
156.254
155.2763
154.5831
154.2474
155.0667
155.6843
156.5282
157.3409
158.1949
158.8407
159.695
160.4312
161.6472
162.4911
163.4233
164.4511
165.7545
166.7153
167.511
168.2769
169.8581
171.1876
172.1783
173.4869
174.865
175.9928
177.4885
179.0482
180.5569
181.7712
183.0941
184.4232
185.582
187.0407
188.409
190.039
192.0972
193.3311
194.8959
196.3218
197.9441
199.7721
201.6378
203.3978
205.0537
206.9471
208.5518
210.3839
212.0122
213.6488
215.3441
217.3658
218.8108
220.6793
222.187
224.1673
225.8569
227.5862
229.3408
231.0847
233.1905
234.6736
236.5149
238.9194
240.174
241.9557
244.3598
246.8071
248.8061
250.7047
252.7399
255.0715
257.1291
259.0012
261.1495
263.6598
265.0401
267.1717
269.3586
271.8516
274.3851
276.1242
278.1039
280.3535
282.8718
285.5693
288.2141
291.8692
294.9081
298.1632
300.8977
304.548
307.9738
310.6484
314.3281
317.8711
321.2808
325.0674
328.9961
332.6067
336.4325
340.0592
344.258
348.1904
351.4043
355.4508
359.5822
363.2673
368.1416
372.6279
377.8902
382.0955
386.2841
390.5245
395.813
400.9346
404.8803
409.5295
414.5438
420.2814
425.0842
429.8574
433.9787
439.7872
444.883
449.3757
455.31
460.7197
466.9932
473.3553
479.5687
485.1067
490.5296
497.0021
503.5066
509.3457
516.1226
521.9514
528.0023
533.796
539.0676
544.8217
551.1432
557.5093
562.8458
570.3229
577.243
584.0104
589.8123
595.263
