4.0
4.0
4.076999999999994
4.160700000000005
4.2373999999999885
4.3121999999999865
4.393999999999993
4.462400000000006
4.53660000000002
4.604099999999974
4.6720999999999835
4.749899999999984
4.821300000000006
4.887900000000007
4.956699999999999
5.025899999999995
5.09520000000002
5.1633999999999975
5.229899999999991
5.29069999999998
5.356200000000003
5.418899999999993
5.4787
5.542499999999996
5.607499999999996
5.6713
5.729000000000013
5.794099999999993
5.851900000000002
5.917899999999996
5.977899999999984
6.035799999999997
6.088600000000022
6.151000000000002
6.2130999999999945
6.270999999999994
6.328799999999991
6.391300000000015
6.449900000000013
6.503900000000003
6.564400000000012
6.622700000000013
6.676699999999991
6.731500000000019
6.789400000000003
6.849099999999998
6.908200000000015
6.958900000000007
7.019699999999994
7.081800000000006
7.135600000000001
7.190499999999991
7.246799999999999
7.3052
7.3625000000000025
7.411500000000003
7.4636
7.5111
7.562999999999995
7.610399999999997
7.663000000000001
7.7184
7.7733
7.8336
7.8896
7.946500000000001
8.00170000000003
8.057999999999996
8.114700000000024
8.175199999999977
8.232800000000042
8.28550000000005
8.34319999999996
8.407200000000014
8.463200000000025
8.525900000000002
8.59040000000004
8.648200000000022
8.712199999999974
8.769099999999975
8.825299999999954
8.888699999999993
8.955799999999968
9.015499999999943
9.072999999999997
9.128999999999966
9.191999999999988
9.255000000000006
9.319300000000007
9.389299999999976
9.456500000000004
9.523899999999957
9.582699999999999
9.650800000000013
9.717899999999982
9.781100000000038
9.843899999999998
9.911199999999972
9.975800000000023
10.042800000000067
10.111699999999992
10.178800000000031
10.239699999999985
10.305499999999991
10.3761
10.444899999999977
10.5053
10.571999999999989
10.639599999999957
10.708500000000027
10.775199999999975
10.845699999999953
10.918400000000046
10.983199999999997
11.050600000000005
11.114199999999986
11.186000000000002
11.254900000000045
11.320799999999977
11.390800000000036
11.457800000000017
11.52630000000003
11.596800000000018
11.661600000000025
11.726800000000027
11.788100000000016
11.857500000000002
11.917300000000001
11.969099999999976
12.016199999999989
12.058099999999966
12.09719999999999
12.138499999999977
12.180999999999974
12.217799999999965
12.257500000000004
12.30010000000001
12.337799999999987
12.378200000000037
12.41029999999999
12.448999999999998
12.478599999999991
12.515599999999989
12.553300000000014
12.584399999999947
12.612700000000002
12.650099999999988
12.68110000000001
12.714600000000022
12.746599999999992
12.773100000000031
12.79269999999999
12.829400000000033
12.865400000000035
12.89660000000003
12.92419999999998
12.953300000000002
12.974999999999994
12.995599999999987
13.020000000000021
13.041400000000012
13.063400000000009
13.082399999999973
13.102099999999988
13.123899999999994
13.144799999999995
13.168099999999988
13.1909
13.211499999999976
13.233399999999998
13.258899999999992
13.27549999999997
13.2966
13.313099999999997
13.325999999999993
13.344099999999994
13.359899999999977
13.382099999999994
13.394900000000005
13.408999999999965
13.423600000000034
13.436
13.452399999999988
13.470399999999989
13.489000000000035
13.5064
13.510299999999997
13.51700000000002
13.538700000000023
13.552000000000012
13.566399999999994
13.577799999999948
13.592400000000012
13.615299999999994
13.625200000000008
13.640299999999973
13.647999999999971
13.664199999999997
13.672700000000006
13.684499999999971
