23.0
23.0
22.95449999999999
22.914799999999946
22.873199999999947
22.83089999999997
22.792800000000057
22.750100000000057
22.715100000000014
22.6740000000001
22.637000000000047
22.598799999999983
22.56320000000001
22.52760000000001
22.491499999999988
22.455200000000048
22.422299999999904
22.385100000000033
22.354300000000002
22.32189999999999
22.292
22.256299999999964
22.220199999999952
22.19279999999999
22.158200000000114
22.132200000000097
22.09640000000002
22.070199999999915
22.03629999999999
22.005800000000004
21.972299999999983
21.94460000000004
21.91400000000006
21.886199999999985
21.855700000000013
21.823300000000042
21.78929999999999
21.76390000000005
21.732599999999973
21.703199999999946
21.675299999999993
21.641800000000067
21.614300000000124
21.58299999999996
21.55600000000006
21.521500000000092
21.492600000000085
21.463099999999955
21.43280000000003
21.40530000000001
21.377299999999902
21.349899999999984
21.32289999999994
21.292499999999976
21.26790000000005
21.238399999999967
21.216100000000036
21.19710000000008
21.176099999999973
21.14940000000007
21.12860000000002
21.1027
21.078299999999977
21.051799999999936
21.03219999999994
21.010099999999888
20.99180000000005
20.97320000000005
20.951699999999963
20.934199999999958
20.910600000000024
20.88969999999996
20.865499999999983
20.842899999999936
20.821000000000083
20.80169999999993
20.782799999999984
20.76380000000005
20.740600000000022
20.71760000000001
20.699100000000076
20.680600000000062
20.662499999999998
20.643399999999996
20.61929999999999
20.60360000000006
20.581300000000077
20.561899999999987
20.53960000000006
20.51460000000006
20.4919
20.473899999999965
20.45500000000008
20.43639999999995
20.415099999999914
20.389199999999974
20.364200000000007
20.34329999999997
20.328000000000042
20.310299999999973
20.287500000000136
20.266599999999993
20.24419999999989
20.225900000000074
20.205100000000062
20.189000000000007
20.169099999999997
20.146699999999996
20.124600000000065
20.101800000000004
20.082399999999943
20.06379999999998
20.041699999999967
20.023200000000003
20.005499999999984
19.986599999999978
19.966899999999956
19.947600000000044
19.93100000000007
19.90939999999997
19.888999999999964
19.86969999999993
19.850100000000083
19.827399999999994
19.806299999999975
19.784199999999977
19.762199999999932
19.73770000000007
19.702600000000086
19.6636
19.62049999999993
19.580599999999958
19.54269999999997
19.50430000000004
19.464
19.417999999999978
19.376599999999975
19.33370000000003
19.297099999999965
19.258800000000054
19.212900000000054
19.172999999999988
19.13670000000003
19.09049999999998
19.04580000000004
19.000199999999946
18.958700000000007
18.91219999999997
18.869200000000042
18.826100000000054
18.780299999999947
18.737200000000012
18.694199999999924
18.649900000000013
18.604000000000024
18.559699999999967
18.51199999999995
18.464200000000076
18.419000000000032
18.375300000000024
18.3334000000001
18.289400000000054
18.244199999999996
18.20289999999998
18.1595
18.114100000000118
18.06999999999997
18.026300000000013
17.981299999999987
17.940700000000017
17.900800000000054
17.855899999999977
17.8134
17.77
17.729999999999976
17.689200000000042
17.649600000000003
17.612099999999973
17.562300000000054
17.518100000000057
17.47200000000011
17.425699999999924
17.38019999999999
17.336699999999983
17.295200000000012
17.251900000000084
17.205299999999987
17.159099999999903
17.120499999999975
17.078299999999995
17.038400000000014
16.994200000000028
16.94809999999995
16.9056
16.865000000000123
16.822800000000004
16.773499999999963
16.725500000000018
16.679099999999952
16.63549999999996
