12167.0
12167.0
12147.0547
12138.2802
12122.594
12107.3929
12097.0896
12085.4746
12076.1043
12064.7136
12057.843
12049.5018
12042.4204
12039.4991
12030.6567
12029.2461
12027.7177
12024.6601
12023.5017
12019.355
12016.1877
12014.1631
12011.7228
12004.7621
12000.7848
11998.7461
12006.7881
12011.0301
12012.1777
12012.5244
12019.7053
12029.04
12033.4262
12036.0377
12042.3018
12049.03
12058.6022
12068.8516
12076.9756
12085.4214
12090.7778
12103.3953
12106.7766
12108.6161
12114.8896
12120.8508
12133.4714
12140.4718
12150.4206
12154.1603
12164.4733
12170.5285
12178.5873
12199.8677
12211.3578
12222.9373
12229.1489
12237.4436
12248.9636
12260.2226
12275.2387
12285.5434
12298.1813
12314.9023
12327.4187
12336.0305
12354.449
12361.0328
12364.5781
12376.5125
12384.9242
12390.7877
12398.8453
12412.2497
12414.6113
12420.5264
12430.8675
12447.4919
12461.1988
12471.0819
12478.2969
12492.0783
12504.8793
12516.9949
12523.8003
12530.1426
12535.552
12536.7871
12547.7406
12555.5821
12565.541
12574.333
12584.3654
12593.3261
12599.7054
12613.663
12622.5927
12637.4091
12645.4742
12654.2497
12669.2322
12676.9934
12684.7719
12698.7884
12712.4216
12716.6956
12727.6594
12731.2872
12741.3585
12753.4289
12759.7968
12768.3299
12783.9774
12793.2647
12800.6877
12809.2731
12821.3163
12833.3545
12844.029
12856.1779
12867.704
12881.5857
12888.7166
12900.6597
12906.9079
12914.3422
12914.5815
12929.2097
12934.2826
12941.4916
12950.629
12956.8333
12972.7237
12975.3636
12984.3236
12987.245
12995.3558
13007.7323
13012.5409
13019.0246
13023.5173
13027.0316
13037.8077
13038.1317
13045.8101
13047.7863
13051.3588
13055.4223
13063.1065
13075.1152
13082.739
13089.2809
13097.5818
13102.4095
13107.8597
13112.8
13113.2506
13119.5433
13124.4377
13130.2231
13129.971
13131.0826
13136.6977
13136.9547
13136.5996
13141.2517
13149.6683
13148.9484
13150.1679
13153.1354
13155.2799
13162.3579
13173.0501
13173.5707
13175.6437
13179.3937
13177.4286
13176.8429
13182.5727
13186.7372
13187.4229
13187.8969
13186.6468
13186.6575
13189.3424
13192.2315
13193.2594
13187.7356
13191.7787
13189.7882
13189.8361
13194.4161
13190.8215
13191.9097
13195.871
13203.7099
13206.3571
13206.7467
13214.4568
13213.7809
