81.0
81.0
81.1462
81.3562
81.5286
81.8825
82.1789
82.5443
82.9136
83.3505
83.7014
84.1153
84.5104
84.8569
85.2659
85.5786
86.0594
86.5355
87.0531
87.4539
87.943
88.4758
89.0198
89.5403
90.2199
90.7514
91.2738
91.8686
92.4241
92.9312
93.5681
94.1896
94.8665
95.4375
96.0984
96.7087
97.3474
97.9338
98.7237
99.408
99.9622
100.7986
101.5933
102.1665
102.8448
103.531
104.1916
105.0194
105.647
106.4224
107.0411
107.8528
108.6722
109.5124
110.2823
111.2511
112.0914
112.8793
113.8141
114.813
115.8292
116.6979
117.6462
118.5955
119.543
120.398
121.3406
122.2495
123.1369
124.1865
125.0717
126.1322
127.01
127.9341
128.8663
129.9095
130.9388
131.9032
132.7714
133.7287
134.7144
135.7098
136.7074
137.7315
138.809
139.7393
140.8063
141.6807
142.7556
143.6767
144.6194
145.4387
146.4405
147.2403
148.3769
149.4023
150.3386
151.3145
152.3413
153.3588
154.4883
155.4366
156.4532
157.5322
158.5514
159.5435
160.6343
161.7648
162.8537
163.832
164.8403
165.8908
166.9284
167.9977
169.036
170.0492
171.1934
172.2816
173.2897
174.4568
175.4437
176.6464
177.6706
178.8006
179.8193
180.8788
181.6746
182.8571
184.0249
185.3607
186.6453
188.0121
189.3123
190.5161
191.6861
193.068
194.2516
195.4667
196.6105
197.8117
198.9739
200.297
201.4986
202.7313
203.9843
205.2439
206.5742
207.7107
209.27
210.5887
211.8309
213.0062
214.2201
215.5059
216.735
217.9216
219.3214
220.5815
221.9033
223.2107
224.4616
225.927
227.3273
228.5253
229.9175
231.2838
232.5725
233.9067
235.2367
236.6741
237.9046
239.222
240.643
241.945
243.2263
244.621
246.0688
247.4939
248.7466
250.0554
251.2173
252.6269
253.811
255.1157
256.3386
257.6127
258.9927
260.2004
261.5935
262.9203
264.2344
265.4053
266.8713
268.2532
269.6623
271.047
272.3871
273.7324
275.2395
276.69
