343.0
343.0
350.4974
358.2592
366.5254
374.9629
383.1586
391.317
398.8686
406.5839
414.5344
422.2587
430.2293
438.1869
446.3985
454.0813
461.5327
469.7933
477.2483
485.2412
493.0422
500.7704
508.2872
515.6784
522.9986
530.6237
539.0691
546.8697
554.9671
562.8326
571.0365
579.2632
587.4161
595.1966
602.7913
610.7318
618.5688
626.6197
635.0028
642.7306
650.5468
658.2397
666.5084
674.5215
682.5138
691.0927
699.4407
708.0272
716.1602
723.6962
731.9563
740.2157
748.6823
756.8844
764.7619
771.3868
779.5573
788.0753
795.4203
803.0837
812.0693
820.111
827.7791
835.0257
842.9143
851.4028
859.0936
866.281
874.5749
882.1679
890.0487
897.4426
905.4573
912.6881
921.0317
929.3739
936.3803
944.3503
952.168
960.4801
968.2597
976.0203
983.9036
991.6826
999.8772
1008.1128
1015.4296
1022.9859
1030.0147
1037.3708
1045.3966
1053.193
1061.2248
1069.2723
1077.2836
1085.8409
1093.9169
1101.9283
1110.0724
1117.79
1126.1334
1135.2642
1144.1916
1153.652
1161.9531
1170.4408
1178.7916
1187.6184
1195.1927
1203.0412
1212.6165
1222.4487
1230.9932
1239.6492
1247.7569
1255.9455
1264.4363
1274.1428
1282.5778
1291.6887
1300.2394
1308.435
1317.1358
1326.0111
1335.66
1345.6214
1354.3349
1362.8562
1371.5289
1381.8924
1392.2532
1401.3638
1412.685
1421.2679
1432.5054
1442.146
1452.5994
1463.7523
1474.0046
1484.6571
1495.4318
1506.038
1518.3535
1529.9268
1541.7784
1552.5098
1564.7383
1576.9894
1587.9626
1600.1812
1611.7595
1623.1825
1635.5192
1645.7836
1657.0703
1669.3432
1682.9217
1695.3578
1707.0889
1718.4946
1731.9789
1743.73
1757.0058
1769.3894
1780.9196
1794.4441
1807.2029
1820.9793
1835.5586
1847.1835
1861.1882
1875.1024
1888.6287
1902.292
1916.9784
1930.5763
1945.1485
1959.3841
1973.0435
1988.1691
2000.3474
2014.4253
2029.5345
2043.5938
2057.8686
2072.7951
2088.0117
2102.9133
2117.6117
2133.534
2147.955
2161.7369
2176.7008
2192.099
2206.2042
2220.614
2235.0546
2249.6401
2264.1005
2279.4398
