12.0
12.0
11.956699999999989
11.909299999999956
11.863
11.816200000000002
11.772900000000048
11.72570000000001
11.679700000000002
11.635100000000003
11.589200000000003
11.54560000000003
11.502599999999921
11.454699999999987
11.406700000000043
11.358399999999962
11.316200000000034
11.27230000000001
11.226999999999979
11.183000000000078
11.131600000000022
11.083200000000021
11.036399999999977
10.992100000000004
10.944800000000033
10.89780000000004
10.849900000000032
10.803500000000033
10.759499999999987
10.709499999999965
10.66339999999998
10.615500000000008
10.571599999999986
10.526599999999972
10.477100000000002
10.431699999999978
10.387300000000044
10.340599999999997
10.296799999999962
10.252699999999976
10.21130000000002
10.168100000000008
10.12090000000001
10.073500000000053
10.02390000000005
9.977700000000024
9.935699999999994
9.891500000000025
9.84050000000003
9.79329999999997
9.744800000000037
9.698200000000003
9.652800000000019
9.610100000000031
9.572999999999977
9.540300000000027
9.508599999999996
9.478099999999984
9.450600000000012
9.422099999999986
9.39370000000003
9.367399999999977
9.340399999999988
9.311700000000032
9.287300000000025
9.25870000000001
9.231999999999998
9.204300000000012
9.176700000000002
9.148099999999943
9.122300000000036
9.093299999999989
9.06649999999998
9.03979999999999
9.011800000000008
8.990099999999956
8.968100000000003
8.942400000000008
8.915299999999977
8.890099999999961
8.861900000000006
8.837499999999991
8.809899999999976
8.780899999999995
8.754999999999985
8.729500000000025
8.70350000000003
8.679100000000037
8.649199999999974
8.624200000000036
8.595700000000036
8.566899999999936
8.538599999999992
8.514999999999985
8.48610000000001
8.458799999999973
8.429799999999993
8.405600000000046
8.381300000000026
8.355899999999954
8.326000000000016
8.297599999999992
8.270799999999992
8.24640000000001
8.218699999999988
8.198300000000014
8.170800000000002
8.144299999999921
8.120100000000017
8.094699999999898
8.069000000000017
8.041400000000023
8.01689999999996
7.988499999999996
7.9607
7.935499999999998
7.9133
7.8883
7.8625
7.8344
7.8059
7.781
7.754299999999999
7.723399999999999
7.691800000000003
7.6641
7.6378
7.6106
7.5825
7.5517
7.516899999999999
7.4832
7.4518999999999975
7.4196
7.386700000000005
7.353800000000006
7.3206000000000016
7.286600000000002
7.251699999999999
7.218499999999997
7.18599999999999
7.149399999999997
7.1141
7.0808
7.045999999999994
7.0108000000000015
6.978099999999994
6.94110000000002
6.905600000000009
6.870299999999994
6.833699999999997
6.798900000000003
6.765000000000003
6.728300000000002
6.693599999999981
6.661699999999997
6.627599999999994
6.595099999999999
6.563400000000017
6.52980000000002
6.49559999999998
6.461400000000005
6.425799999999999
6.390399999999984
6.358700000000015
6.326599999999997
6.29189999999999
6.258899999999992
6.222500000000002
6.190400000000008
6.156999999999995
6.124900000000008
6.09180000000001
6.058099999999992
6.025799999999991
5.993299999999984
5.96440000000001
5.931000000000002
5.898100000000016
5.865900000000009
5.832300000000002
5.796599999999991
5.764999999999993
5.7318000000000024
5.696999999999994
5.6636999999999995
5.631099999999979
5.596800000000011
5.561100000000011
5.52659999999999
5.494500000000012
5.46310000000001
5.43140000000001
5.400199999999995
5.369199999999983
5.337100000000011
5.306999999999994
5.273599999999992
5.2390000000000105
5.205500000000005
