9.0
9.0
8.706
8.4174
8.1536
7.9142
7.6468
7.3852
7.1636
6.9266
6.6962
6.472
6.2881
6.0935
5.8832
5.6884
5.4971
5.3173
5.1339
4.9575
4.7894
4.6142
4.4658
4.3193
4.176
4.0398
3.9035
3.7613
3.618
3.4916
3.3812
3.2629
3.1506
3.0523
2.9548
2.859
2.7609
2.67
2.5747
2.4779
2.3877
2.3071
2.2259
2.1474
2.0755
1.9869
1.9196
1.8485
1.7765
1.7097
1.6582
1.6037
1.5526
1.4985
1.4675
1.4452
1.4321
1.4183
1.4099
1.3953
1.3839
1.3692
1.3564
1.3442
1.3315
1.3261
1.3154
1.3054
1.2966
1.2821
1.2728
1.2588
1.2522
1.2426
1.2339
1.2258
1.2146
1.2069
1.1994
1.195
1.1834
1.1744
1.1656
1.153
1.1397
1.1333
1.1247
1.1189
1.1087
1.1035
1.0974
1.0895
1.0828
1.071
1.0662
1.0574
1.0484
1.0419
1.0381
1.034
1.0242
1.0204
1.0155
1.0091
1.0032
0.9958
0.9909
0.9842
0.9767
0.9701
0.9648
0.9584
0.9512
0.9491
0.9413
0.9361
0.9334
0.9314
0.9275
0.9194
0.9177
0.9113
0.9049
0.8989
0.8912
0.8808
0.8777
0.8732
0.8675
0.8632
0.8571
0.8488
0.8438
0.8425
0.8408
0.8347
0.8278
0.8264
0.8264
0.8205
0.8174
0.8188
0.8144
0.8128
0.8096
0.8139
0.8206
0.8215
0.8201
0.8262
0.8274
0.8335
0.8342
0.8401
0.8481
0.8544
0.8561
0.864
0.8683
0.8686
0.8744
0.8791
0.8789
0.8861
0.8939
0.8999
0.9129
0.9189
0.9225
0.9296
0.9324
0.9389
0.9432
0.9524
0.9652
0.9688
0.9739
0.9836
0.9904
0.9966
1.0008
1.0126
1.0227
1.0312
1.045
1.055
1.0617
1.0706
1.0803
1.0872
1.091
1.0943
1.1022
1.1152
1.1181
1.1264
1.1396
1.1459
1.156
1.1651
