9.0
9.0
9.036699999999993
9.073699999999981
9.103599999999991
9.126999999999994
9.160199999999989
9.187699999999944
9.21510000000006
9.242799999999999
9.2671
9.291999999999963
9.318100000000014
9.346100000000005
9.369599999999998
9.392500000000013
9.419200000000036
9.444100000000006
9.464000000000018
9.489600000000015
9.512900000000004
9.534300000000012
9.554100000000025
9.575599999999985
9.598200000000011
9.6261
9.644499999999972
9.671200000000036
9.692099999999975
9.71289999999999
9.730800000000004
9.746200000000005
9.768499999999992
9.789199999999997
9.805100000000012
9.820199999999964
9.835099999999954
9.857199999999963
9.874600000000015
9.889799999999976
9.903299999999993
9.917099999999985
9.933999999999974
9.948499999999989
9.962299999999999
9.979300000000036
9.996400000000019
10.018200000000034
10.038699999999984
10.053900000000022
10.071900000000014
10.084499999999988
10.101000000000008
10.12000000000005
10.128400000000012
10.14170000000001
10.153099999999995
10.160700000000025
10.176099999999991
10.181800000000056
10.193200000000022
10.204100000000034
10.213799999999983
10.223899999999992
10.237300000000001
10.240499999999997
10.253199999999966
10.26369999999998
10.274499999999989
10.283299999999992
10.298100000000009
10.310999999999911
10.321800000000021
10.333999999999975
10.350200000000008
10.366500000000006
10.377400000000028
10.389099999999969
10.39969999999999
10.409599999999994
10.42309999999998
10.4349
10.449100000000012
10.458800000000013
10.473700000000013
10.491300000000034
10.511600000000008
10.5241
10.54460000000004
10.555299999999956
10.565200000000038
10.586700000000016
10.601400000000025
10.621299999999996
10.63619999999996
10.650700000000018
10.668399999999995
10.686900000000021
10.703200000000015
10.719299999999986
10.73509999999999
10.754900000000015
10.770200000000017
10.791599999999995
10.804099999999988
10.821999999999976
10.836500000000001
10.854499999999915
10.873800000000031
10.886900000000006
10.9127
10.930599999999972
10.950000000000049
10.964599999999972
10.986299999999979
11.004400000000004
11.026499999999993
11.045099999999994
11.061499999999999
11.079899999999963
11.093300000000026
11.11380000000004
11.130100000000018
11.149500000000021
11.177199999999988
11.195499999999997
11.219299999999992
11.243600000000033
11.273900000000026
11.306400000000009
11.341299999999986
11.376599999999993
11.415000000000008
11.454099999999956
11.487299999999983
11.523900000000014
11.557800000000002
11.594000000000003
11.627200000000025
11.66329999999998
11.695900000000067
11.735199999999983
11.77049999999995
11.80419999999997
11.839399999999996
11.870400000000004
11.907099999999987
11.940400000000011
11.975900000000038
12.010200000000006
12.044099999999977
12.07579999999999
12.106599999999998
12.134300000000032
12.162100000000027
12.19539999999996
12.228799999999989
12.258100000000024
12.291700000000015
12.320500000000006
12.350600000000002
12.379099999999987
12.404300000000042
12.44430000000002
12.473700000000015
12.49970000000001
12.5333
12.568300000000004
12.602499999999978
12.632200000000012
12.65950000000003
12.686800000000005
12.7193
12.74569999999997
12.777900000000013
12.802399999999993
12.832899999999999
12.856999999999994
12.890799999999986
12.917300000000033
12.945900000000023
12.970300000000012
12.999400000000009
13.025399999999966
13.05390000000001
13.084200000000024
13.111599999999976
13.141000000000005
13.164199999999994
13.192700000000041
13.216600000000012
13.245800000000047
13.273399999999993
13.302300000000015
13.321599999999977
13.344000000000012
13.369500000000034
13.396699999999976
13.4195
13.437900000000006
