1728.0
1728.0
1694.5406
1661.6671
1630.0212
1596.8973
1566.1093
1534.8111
1504.7371
1475.6565
1445.0723
1416.2112
1388.0659
1360.1814
1333.9182
1307.2663
1279.5691
1253.72
1228.5232
1202.8095
1176.784
1152.1367
1128.8748
1104.2275
1080.0508
1056.4145
1033.6825
1011.4948
989.7861
969.4942
949.8146
928.1942
910.2153
891.3654
871.7563
853.5775
833.6954
814.9784
796.8958
780.2803
763.5867
748.1692
730.6479
714.2434
698.1134
680.6961
666.3897
651.4106
636.6543
623.6293
609.6277
595.3537
582.0824
569.6668
558.2336
547.2139
537.1519
526.7328
518.3106
509.2823
499.6273
491.7343
484.2197
475.3545
466.4115
458.1185
450.0101
442.4804
434.6192
426.6888
418.872
410.5541
402.8558
395.3558
387.5542
380.0585
372.739
365.2012
358.4562
351.1298
344.1188
337.8032
331.7115
324.2481
317.6308
311.3038
305.2202
299.0581
293.5177
287.5132
281.8745
276.0094
270.5077
264.3826
258.3756
253.0585
248.147
243.0013
237.9032
232.5652
227.4625
222.235
217.3787
212.1969
207.6116
202.5977
197.8704
193.1705
188.7296
184.831
181.1604
176.9281
173.1318
169.4698
165.6771
161.7442
157.9812
154.5698
151.0491
147.7457
144.5136
141.195
138.1133
134.9066
131.8686
128.6258
125.345
122.5354
119.8147
117.0585
114.6943
112.5137
110.6684
108.4748
105.9972
104.0789
101.8407
99.9179
98.0539
96.1755
94.2136
92.5019
90.8811
88.8879
87.1373
85.5564
84.0561
82.4463
80.883
79.5653
78.0194
76.4405
75.1475
73.3544
72.1012
70.5932
69.2565
67.9325
66.5616
65.1599
63.9704
62.6655
61.602
60.3863
59.1884
58.0822
57.083
55.8961
54.5591
53.0682
51.7553
50.7715
49.9332
48.8452
47.9183
46.9065
45.8796
45.0648
44.2642
43.208
42.3704
41.5188
40.5839
39.7081
38.8465
38.1253
37.3913
36.6574
35.9136
35.1623
34.4178
33.7986
33.1764
32.5612
31.9222
31.3221
30.668
29.7035
29.1005
28.6669
