3.0
3.0
1.437299999999997
0.5525999999999991
0.21369999999999972
0.10749999999999996
0.07049999999999998
0.057999999999999954
0.04899999999999993
0.049499999999999884
0.050500000000000024
0.05010000000000008
0.04950000000000007
0.043899999999999995
0.050700000000000106
0.049500000000000065
0.052000000000000046
0.04949999999999987
0.04969999999999998
0.04650000000000004
0.04299999999999996
0.04689999999999994
0.043600000000000014
0.03930000000000006
0.04210000000000015
0.0390000000000002
0.041500000000000065
0.042299999999999935
0.045199999999999955
0.041599999999999894
0.04300000000000006
0.041499999999999905
0.03830000000000017
0.03820000000000006
0.0416000000000001
0.04220000000000009
0.042399999999999924
0.041500000000000065
0.04069999999999992
0.04089999999999984
0.041799999999999955
0.04010000000000014
0.04010000000000003
0.04060000000000006
0.04190000000000014
0.03940000000000001
0.039500000000000104
0.03820000000000015
0.04070000000000008
0.040600000000000094
0.04070000000000008
0.038499999999999986
0.038099999999999926
0.04119999999999991
0.051799999999999964
0.05859999999999996
0.056599999999999866
0.0575
0.05319999999999992
0.05160000000000009
0.04979999999999997
0.04679999999999998
0.05109999999999992
0.04949999999999996
0.045700000000000116
0.04529999999999996
0.04520000000000002
0.04530000000000004
0.04470000000000005
0.04500000000000009
0.04389999999999996
0.0440999999999999
0.044500000000000116
0.04030000000000001
0.04050000000000006
0.039200000000000124
0.043000000000000003
0.04110000000000004
0.042200000000000154
0.04170000000000006
0.04259999999999992
0.0417
0.03660000000000007
0.03750000000000001
0.03830000000000011
0.039299999999999946
0.0392
0.03580000000000004
0.0330999999999999
0.03800000000000016
0.041800000000000025
0.03969999999999993
0.03829999999999994
0.03529999999999985
0.03579999999999998
0.03699999999999999
0.03690000000000004
0.038599999999999926
0.03849999999999992
0.03539999999999995
0.034999999999999906
0.037100000000000216
0.03710000000000001
0.03770000000000003
0.04059999999999995
0.03590000000000014
0.03670000000000004
0.0353000000000002
0.03599999999999977
0.03710000000000013
0.03599999999999994
0.035400000000000036
0.038599999999999884
0.03440000000000014
0.037900000000000204
0.03820000000000001
0.036000000000000025
0.03480000000000013
0.0368000000000001
0.03370000000000002
0.03140000000000005
0.032800000000000024
0.03430000000000024
0.03469999999999989
0.038099999999999974
0.03619999999999995
0.03409999999999994
0.03760000000000006
0.04220000000000001
0.045100000000000175
0.0462000000000001
0.04990000000000002
0.046299999999999925
0.04659999999999994
0.04650000000000004
0.04430000000000012
0.045200000000000094
0.048900000000000145
0.04600000000000012
0.04750000000000005
0.048000000000000015
0.048099999999999914
0.04719999999999996
0.04760000000000007
0.04840000000000016
0.05039999999999984
0.052699999999999955
0.05179999999999989
0.051199999999999926
0.04980000000000009
0.052399999999999974
0.049700000000000105
0.04569999999999999
0.047499999999999876
0.04760000000000007
0.047900000000000005
0.04509999999999999
0.0435
0.04609999999999998
0.041800000000000045
0.04509999999999997
0.04849999999999984
0.049300000000000156
0.04819999999999992
0.04689999999999999
0.04679999999999998
0.04790000000000002
0.0440000000000002
0.046900000000000046
0.04720000000000002
0.0456
0.0434000000000002
0.04619999999999984
0.04730000000000003
0.0476
0.0491000000000001
0.04770000000000008
0.048199999999999944
0.04440000000000015
0.043799999999999985
0.04550000000000016
0.04960000000000008
0.04819999999999996
0.043599999999999986
0.04279999999999993
0.04779999999999993
0.047199999999999895
0.04770000000000003
0.044700000000000094
0.04540000000000005
0.04680000000000007
0.04899999999999991
0.04710000000000003
0.04690000000000001
0.04720000000000002
0.046600000000000065
0.04639999999999997
0.0456
0.04549999999999977
0.046299999999999925
