6.0
6.0
5.965699999999986
5.930900000000005
5.891799999999985
5.856100000000003
5.824099999999998
5.791000000000017
5.757200000000008
5.724899999999983
5.690999999999995
5.655500000000006
5.622499999999988
5.5898
5.559299999999992
5.524400000000006
5.486700000000022
5.448200000000011
5.4147000000000025
5.382199999999997
5.35280000000001
5.3169999999999975
5.285500000000017
5.251899999999994
5.222199999999993
5.193800000000048
5.1634000000000295
5.135499999999986
5.101699999999987
5.0690999999999935
5.037699999999983
5.006899999999979
4.974899999999985
4.943600000000011
4.917000000000022
4.8848999999999885
4.856799999999991
4.828599999999991
4.800099999999995
4.77320000000001
4.746900000000003
4.7156000000000065
4.685899999999981
4.657599999999979
4.628500000000012
4.596300000000001
4.565300000000005
4.532300000000032
4.501499999999988
4.478099999999983
4.4505000000000186
4.419000000000004
4.389200000000039
4.364799999999991
4.352699999999991
4.345400000000003
4.339900000000017
4.338900000000015
4.33649999999996
4.333199999999991
4.332499999999978
4.330600000000037
4.3295999999999895
4.328899999999982
4.327099999999996
4.3254
4.325299999999972
4.325800000000036
4.323199999999974
4.323899999999978
4.326300000000011
4.325599999999992
4.324200000000012
4.325100000000021
4.3263
4.32889999999999
4.329200000000008
4.331299999999985
4.331499999999989
4.331600000000003
4.334600000000017
4.336499999999997
4.334800000000013
4.337499999999987
4.339900000000014
4.341099999999991
4.344299999999999
4.3427000000000096
4.34169999999999
4.341099999999991
4.3412999999999995
4.340400000000016
4.342199999999997
4.346799999999957
4.351699999999999
4.355399999999978
4.3576999999999755
4.359900000000027
4.363699999999992
4.36490000000001
4.366599999999996
4.367899999999993
4.371100000000018
4.3713999999999995
4.373200000000014
4.3761999999999945
4.379599999999987
4.382500000000038
4.385199999999954
4.38940000000002
4.391900000000016
4.394600000000003
4.395800000000015
4.399900000000011
4.402100000000006
4.405000000000017
4.407399999999997
4.409799999999975
4.412799999999997
4.41600000000001
4.418799999999994
4.425500000000031
4.429800000000008
4.434600000000034
4.438900000000017
4.439000000000002
4.442599999999988
4.445000000000005
4.440200000000005
4.435200000000006
4.426200000000007
4.418099999999992
4.40930000000001
4.399000000000021
4.387899999999988
4.374500000000041
4.362500000000015
4.354799999999978
4.340400000000038
4.329300000000011
4.318400000000012
4.305500000000018
4.2947999999999835
4.280799999999984
4.268100000000007
4.252400000000002
4.237499999999988
4.223899999999985
4.210400000000002
4.191199999999997
4.1756999999999875
4.162800000000003
4.151599999999992
4.137400000000013
4.124899999999989
4.110999999999993
4.096100000000017
4.0846000000000116
4.070599999999986
4.055399999999995
4.039999999999991
4.026499999999996
4.012399999999995
3.9952000000000045
3.9773
3.9624
3.9487
3.9365
3.9208
3.9056
3.8896
3.8751
3.8606
3.8448
3.8300000000000005
3.8176999999999994
3.8016
3.7887
3.775000000000003
3.7575999999999987
3.7451
3.7291000000000016
3.713899999999998
3.7018000000000013
3.6864000000000035
3.6718000000000015
3.655200000000002
3.6409
3.6269000000000013
3.6136999999999984
3.6003
3.5853999999999986
3.5692
3.5535
3.5401000000000016
3.524600000000003
3.508200000000002
3.4919999999999987
3.4756000000000014
3.4620999999999955
