2197.0
2197.0
2198.392
2202.0182
2202.9419
2208.1109
2211.9047
2217.8272
2222.5816
2228.5316
2231.4436
2238.6635
2244.5927
2251.7367
2260.3275
2268.7146
2279.1183
2290.1848
2298.9979
2307.0547
2316.1444
2325.4223
2338.3261
2348.5887
2360.5109
2376.1617
2389.5311
2405.5708
2418.6387
2430.9104
2445.741
2459.7998
2477.6298
2493.3746
2508.4063
2522.9129
2538.9892
2553.8635
2571.5393
2588.4504
2606.0229
2623.4712
2639.3595
2658.3525
2675.0611
2691.7401
2710.6049
2729.6364
2751.3621
2768.4227
2792.1961
2812.0141
2831.1172
2849.4078
2872.9669
2894.9014
2915.9548
2937.5209
2960.1124
2981.7023
3006.1853
3029.3233
3049.0571
3074.9138
3097.2357
3118.6939
3144.8498
3167.6383
3189.1912
3216.0052
3242.8833
3266.4514
3289.212
3315.6145
3342.6907
3368.1536
3398.1845
3424.4384
3445.444
3472.7871
3500.5193
3529.6335
3555.256
3581.1394
3605.8951
3634.1742
3661.0362
3690.2577
3719.729
3752.1578
3784.4054
3811.5326
3844.9033
3881.1848
3907.9073
3937.5824
3973.3232
4000.6034
4030.0554
4059.8046
4095.2706
4125.9014
4163.0799
4193.6076
4223.7849
4255.8396
4287.6234
4319.989
4351.568
4381.057
4407.1719
4446.3068
4477.2532
4505.2962
4533.1462
4568.4051
4604.3049
4640.6098
4670.0931
4706.4649
4737.2249
4778.3582
4818.3767
4860.6444
4897.002
4932.9403
4969.2884
5006.7684
5048.0062
5085.5224
5128.0282
5167.8151
5209.3934
5247.7116
5286.2235
5332.6218
5375.4219
5417.7876
5457.1575
5499.9017
5540.3542
5582.3907
5624.9925
5661.3829
5709.1622
5755.5452
5804.7983
5848.8179
5898.0288
5943.7923
5995.3092
6046.2841
6086.6126
6139.4523
6190.8451
6243.2548
6296.1759
6348.6818
6403.6635
6453.2629
6510.057
6561.0564
6610.2144
6660.5921
6709.1654
6761.87
6809.9213
6861.4888
6911.6822
6969.978
7020.1278
7076.8547
7132.903
7187.7216
7245.9118
7292.9217
7347.346
7398.3737
7450.1421
7511.1616
7575.0295
7633.8326
7688.2199
7747.9211
7809.109
7878.6312
7932.9535
7993.6768
8061.8376
8115.8023
8176.7459
8231.6918
8290.2591
8350.3634
8409.4954
8471.3801
8539.4414
8600.8514
8658.2928
8718.617
