11.0
11.0
10.95770000000002
10.913700000000006
10.8721
10.829199999999975
10.782699999999995
10.738200000000012
10.69560000000001
10.650199999999998
10.608099999999993
10.56600000000002
10.52050000000002
10.47469999999997
10.437199999999967
10.395899999999958
10.355700000000036
10.316300000000002
10.274
10.231099999999973
10.196300000000008
10.1543
10.115700000000011
10.07420000000005
10.036399999999968
9.998799999999926
9.96200000000001
9.921900000000015
9.884299999999982
9.84660000000001
9.812800000000042
9.772699999999995
9.735899999999969
9.695900000000037
9.657300000000017
9.622999999999989
9.587300000000004
9.547200000000013
9.51320000000001
9.477199999999996
9.441800000000024
9.405399999999997
9.368299999999987
9.330599999999956
9.292099999999982
9.258299999999972
9.222600000000002
9.18349999999997
9.146100000000013
9.110100000000049
9.074099999999966
9.038199999999996
9.002200000000025
8.964500000000026
8.930700000000028
8.899399999999996
8.865700000000013
8.830799999999993
8.799699999999993
8.765299999999973
8.738099999999998
8.70950000000002
8.678999999999995
8.650100000000036
8.618800000000018
8.587700000000012
8.556200000000011
8.527400000000004
8.496000000000056
8.467899999999963
8.438599999999981
8.406200000000023
8.375200000000007
8.348999999999995
8.32170000000004
8.29
8.257300000000036
8.229299999999999
8.199999999999994
8.168200000000008
8.139200000000008
8.108800000000024
8.078899999999965
8.048899999999993
8.017800000000038
7.988700000000003
7.961799999999998
7.9318
7.9042
7.8804
7.8538
7.8264
7.796900000000002
7.770399999999997
7.744899999999997
7.7151
7.688100000000001
7.661899999999998
7.633400000000004
7.6045000000000025
7.573199999999997
7.546300000000006
7.515800000000001
7.487799999999998
7.460200000000006
7.427699999999994
7.395699999999997
7.370500000000009
7.340399999999997
7.313200000000003
7.2838
7.252300000000003
7.2248999999999945
7.196700000000004
7.1739
7.1463
7.120799999999994
7.086999999999994
7.058199999999989
7.026500000000003
6.998300000000006
6.9741000000000115
6.948100000000003
6.923099999999991
6.896599999999997
6.868999999999995
6.840700000000003
6.811599999999994
6.778199999999994
6.748199999999997
6.712099999999976
6.674300000000004
6.633900000000009
6.596200000000006
6.559400000000009
6.524800000000009
6.485900000000001
6.44709999999999
6.413700000000014
6.372700000000012
6.330500000000015
6.28980000000001
6.250500000000002
6.213599999999996
6.173200000000012
6.132499999999997
6.093100000000015
6.0525999999999955
6.013899999999993
5.972899999999982
5.929800000000001
5.894200000000008
5.851500000000029
5.809100000000013
5.768299999999999
5.730300000000013
5.690299999999988
5.651000000000011
5.610900000000011
5.574400000000014
5.5359999999999925
5.498599999999994
5.463700000000003
5.422599999999992
5.38349999999997
5.344400000000005
5.308399999999995
5.2684000000000095
5.231700000000019
5.194499999999998
5.151000000000012
5.114399999999987
5.079499999999995
5.0410000000000235
5.002400000000009
4.9615000000000045
4.926599999999984
4.892699999999979
4.856099999999979
4.818799999999993
4.7808000000000055
4.739299999999986
4.69889999999998
4.662100000000013
4.620499999999997
4.586199999999976
4.549500000000035
4.510200000000007
4.477300000000018
4.438100000000002
4.400999999999992
4.365600000000008
4.3336
4.297599999999989
4.258199999999995
4.220299999999994
4.185799999999989
4.146200000000009
4.110100000000018
4.074399999999996
