0.0
0.0
5.0E-4
7.0E-4
9.0E-4
0.0014
0.0016
0.0021
0.0033
0.0035
0.004
0.0045
0.0047
0.0048
0.0054
0.0061
0.0068
0.0071
0.0079
0.0086
0.0094
0.0099
0.0107
0.012
0.0127
0.0136
0.0146
0.0159
0.0172
0.018
0.019
0.0199
0.0204
0.0211
0.0225
0.0239
0.0246
0.0258
0.0272
0.0277
0.0294
0.0308
0.0315
0.0326
0.0335
0.0343
0.0352
0.035
0.0364
0.0374
0.039
0.0407
0.0427
0.0432
0.0443
0.0448
0.0458
0.0465
0.047
0.0487
0.0509
0.0542
0.0554
0.0582
0.0604
0.0622
0.0648
0.0696
0.0727
0.0743
0.0774
0.0829
0.0857
0.0912
0.095
0.1013
0.1038
0.1079
0.1112
0.1155
0.1191
0.1234
0.1284
0.1327
0.1401
0.1507
0.1565
0.1626
0.1688
0.1758
0.179
0.1852
0.192
0.1975
0.2044
0.214
0.2231
0.2324
0.2427
0.2491
0.2632
0.2753
0.2823
0.2904
0.2967
0.3049
0.3119
0.3202
0.3264
0.3351
0.3418
0.3504
0.3625
0.3693
0.3791
0.3875
0.3953
0.4133
0.4265
0.4353
0.45
0.4652
0.4718
0.4804
0.49
0.5016
0.5147
0.5298
0.5426
0.5552
0.5749
0.5817
0.5904
0.6117
0.6314
0.6471
0.6684
0.6788
0.6926
0.7086
0.7274
0.7577
0.7745
0.7909
0.8118
0.8282
0.8486
0.8602
0.8734
0.8911
0.9025
0.9152
0.9289
0.946
0.954
0.9724
0.9827
0.9955
1.0102
1.0151
1.0294
1.0431
1.0588
1.0717
1.0842
1.0985
1.1193
1.1294
1.1481
1.1806
1.2018
1.2196
1.2297
1.2491
1.2644
1.278
1.3059
1.3156
1.3356
1.3571
1.3785
1.3961
1.4151
1.4326
1.4447
1.4649
1.483
1.5027
1.516
1.5354
1.5508
1.5701
1.5867
1.5978
1.6093
1.6259
1.6406
1.6579
1.6809
1.7084
