1024.0
1024.0
1023.0248
1022.1638
1021.3148
1020.6029
1019.8059
1018.803
1017.9832
1017.2188
1016.3478
1015.4363
1014.7459
1013.9159
1013.4393
1012.6048
1011.8105
1011.2158
1010.5045
1009.8689
1009.103
1008.5689
1008.0087
1007.2196
1006.5779
1006.0906
1005.4743
1004.8
1004.3572
1003.8041
1003.2788
1002.457
1001.7943
1001.1865
1000.5587
1000.1224
999.5312
998.7216
998.1012
997.667
997.0187
996.3939
995.8444
995.3186
994.9824
994.3889
994.0334
993.4678
992.8839
992.2862
991.6742
991.1695
990.7376
990.1711
989.5262
988.5767
987.8751
986.9664
985.9497
985.0383
984.1177
983.1854
981.8798
981.024
980.0035
978.9715
977.8954
976.6749
975.6234
974.5599
973.4902
972.4455
971.5135
970.4014
969.2712
968.4495
967.3413
966.3166
965.224
964.2287
963.3892
962.488
961.555
960.5188
959.5859
958.5604
957.6712
956.5782
955.6095
954.5175
953.6473
952.5338
951.5485
950.5525
949.7449
949.0218
947.9793
947.1433
946.0879
945.111
944.1296
942.9975
942.0735
941.0189
940.0312
939.0593
937.9285
937.0035
935.9723
935.0013
934.008
932.9501
932.1267
931.1
930.1567
929.2806
928.3357
927.186
926.1194
925.1499
924.0949
922.9529
922.0082
920.88
919.9255
918.978
918.0568
917.2861
916.8208
916.5747
916.4173
916.4257
916.3715
916.5158
916.5224
916.4859
916.5472
916.6023
916.4294
916.4642
916.4935
916.5926
916.7069
916.8187
916.9233
916.9638
916.9169
916.9533
917.1082
917.2031
917.3647
917.6552
917.7096
917.8547
917.8269
917.8536
917.8851
917.9419
917.9665
918.0727
918.1522
918.1474
918.1193
918.1099
918.2742
918.3181
918.4999
918.6478
918.6876
918.696
918.6901
918.6351
918.6853
918.7569
918.7781
918.8912
918.9161
918.9557
918.9906
919.0314
919.0109
919.0041
919.0587
919.082
919.0463
919.1514
919.2823
919.2986
919.4138
919.5111
919.5717
919.679
919.6399
919.9134
919.9205
919.8909
919.9482
920.0196
920.0923
920.0947
