0.0
0.0
0.0051
0.0094
0.0146
0.0171
0.0184
0.0195
0.0239
0.0265
0.0278
0.032
0.0322
0.0337
0.0316
0.0337
0.034
0.0359
0.0399
0.0405
0.0392
0.043
0.0424
0.0467
0.0487
0.0494
0.0515
0.0505
0.0539
0.0536
0.052
0.0475
0.0493
0.0491
0.0497
0.0524
0.0537
0.0533
0.0527
0.055
0.0554
0.0557
0.0521
0.0536
0.0608
0.0638
0.0662
0.0646
0.0708
0.0696
0.067
0.0648
0.0704
0.0732
0.0776
0.0809
0.0841
0.0888
0.09
0.0964
0.1024
0.1128
0.1205
0.1297
0.1285
0.1329
0.1441
0.1493
0.1586
0.1655
0.1647
0.164
0.1715
0.1804
0.1724
0.1658
0.1725
0.1728
0.1754
0.188
0.185
0.1875
0.1894
0.1984
0.2034
0.2053
0.2057
0.2059
0.2023
0.2007
0.1981
0.2001
0.2074
0.2152
0.2175
0.226
0.2298
0.2311
0.2304
0.2353
0.2348
0.2371
0.2394
0.2429
0.2457
0.2445
0.2379
0.2538
0.2544
0.2505
0.2542
0.2619
0.2684
0.2839
0.2984
0.3021
0.3031
0.3071
0.3057
0.3044
0.2953
0.2842
0.2819
0.2769
0.2774
0.2714
0.2739
0.2826
0.2834
0.2871
0.2952
0.3005
0.3033
0.3102
0.3163
0.3191
0.3286
0.3348
0.3407
0.3454
0.349
0.3682
0.3817
0.3922
0.3935
0.4086
0.4067
0.4111
0.4168
0.4239
0.4439
0.4508
0.4544
0.4656
0.4668
0.4555
0.45
0.4514
0.4527
0.4672
0.4609
0.4744
0.4783
0.4874
0.5121
0.5218
0.5485
0.5477
0.5578
0.57
0.5691
0.5658
0.5739
0.575
0.5736
0.5835
0.5916
0.605
0.6058
0.6002
0.601
0.6115
0.6338
0.6477
0.6331
0.6366
0.6408
0.6387
0.6527
0.6563
0.6467
0.6518
0.6639
0.6756
0.6729
0.6643
0.6577
0.648
0.6514
0.6439
