529.0
529.0
528.3777
528.0828
527.5844
527.0999
526.7554
526.3758
526.0587
525.6802
525.4292
525.143
524.8844
524.7481
524.4365
524.3475
524.2521
524.1117
524.0173
523.8452
523.7057
523.5897
523.4698
523.2153
523.05
522.9403
523.1305
523.1919
523.1629
523.1108
523.2725
523.489
523.5576
523.5749
523.7096
523.8446
524.0754
524.3254
524.512
524.6944
524.7914
525.1007
525.1436
525.1405
525.2708
525.39
525.7016
525.8496
526.095
526.1473
526.3981
526.5137
526.6905
527.2377
527.5162
527.8107
527.9383
528.1478
528.453
528.741
529.1351
529.4014
529.7377
530.1773
530.5053
530.7127
531.1932
531.3446
531.4079
531.7273
531.926
532.0599
532.2505
532.6051
532.6265
532.7742
533.0357
533.4877
533.8488
534.0999
534.2735
534.6383
534.9477
535.2563
535.4153
535.5694
535.6988
535.7105
535.9906
536.1759
536.4324
536.6604
536.925
537.1565
537.3056
537.669
537.9059
538.2987
538.482
538.7039
539.1104
539.31
539.5081
539.8738
540.2494
540.344
540.6268
540.7118
540.9615
541.2767
541.4258
541.6299
542.0512
542.2931
542.4789
542.7007
543.0135
543.3221
543.6118
543.9277
544.2206
544.5879
544.7722
545.0849
545.2257
545.4094
545.3975
545.7925
545.9052
546.0922
546.3222
546.4747
546.8977
546.9482
547.1916
547.2618
547.4488
547.7591
547.8627
548.0144
548.1185
548.1874
548.4703
548.4481
548.6325
548.6585
548.7254
548.8191
549.0127
549.3172
549.5158
549.6809
549.896
549.9965
550.1131
550.2374
550.2314
550.3765
550.4939
550.6381
550.607
550.6184
550.7617
550.7559
550.7146
550.8163
551.0425
550.9966
551.0201
551.0758
551.1097
551.2907
551.5879
551.5911
551.6211
551.7031
551.62
551.5699
551.7177
551.8036
551.7849
551.7913
551.7268
551.7109
551.788
551.8475
551.866
551.7014
551.7815
551.6912
551.6645
551.7769
551.6711
551.6977
551.7862
551.9933
552.0463
552.0443
552.2536
552.2237
