100.0
100.0
99.643
99.3438
99.1003
98.6924
98.3838
98.1299
97.8381
97.4278
97.1124
96.8076
96.507
96.2669
95.9482
95.6178
95.2406
95.0394
94.7885
94.5292
94.2379
93.9073
93.7308
93.5511
93.2895
93.0051
92.8305
92.6756
92.398
92.2459
92.089
91.9606
91.6925
91.4322
91.2527
91.1109
90.9269
90.8219
90.6042
90.5218
90.3918
90.189
90.1031
90.0394
89.9198
89.6936
89.6183
89.523
89.4004
89.3054
89.1557
88.9667
88.8693
88.7025
88.9004
89.1776
89.4513
89.7814
90.1762
90.5258
90.8791
91.2074
91.5546
91.8472
92.1841
92.5582
92.9012
93.3775
93.8166
94.1597
94.6027
94.9877
95.4552
95.8239
96.2213
96.6787
97.0814
97.5583
98.0699
98.4818
98.9854
99.4522
99.9847
100.4244
100.9342
101.3749
101.9089
102.4408
102.972
103.4227
103.9124
104.4661
105.0066
105.6612
106.186
106.8239
107.4319
108.0577
108.6636
109.3315
109.9353
110.6193
111.1357
111.664
112.2596
112.8418
113.4507
114.0971
114.7362
115.3464
116.0362
116.8513
117.577
118.2843
118.8661
119.5838
120.192
120.9454
121.5906
122.2886
122.8959
123.5631
124.3185
124.9991
125.7551
126.4878
127.0968
127.789
128.6212
129.4237
130.3272
131.2528
132.1254
132.9409
133.9313
134.796
135.7261
136.5771
137.4394
138.4256
139.2897
140.2254
141.0363
141.9923
143.048
143.914
144.9033
145.8238
146.7329
147.7397
148.6542
149.6398
150.5553
151.5542
152.6262
153.6076
154.5305
155.4793
156.4992
157.493
158.4124
159.2974
160.3987
161.5172
162.6882
163.7434
164.745
166.0174
167.0983
168.2706
169.3535
170.4135
171.5389
172.6021
173.7202
174.9565
176.1548
177.3641
178.6513
179.7848
180.8683
181.9799
183.1422
184.2203
185.3443
186.4132
187.5173
188.7222
190.0338
191.2873
192.5771
193.8395
195.1872
196.345
197.4977
198.8134
199.9918
201.2688
202.6921
203.8462
