343.0
343.0
321.0947
301.8971
283.8899
266.1481
249.3021
232.2843
217.4138
203.0074
189.2096
176.9103
164.6527
153.9263
143.3969
133.3476
124.2153
115.7621
108.2092
100.5397
93.904
87.0027
81.0875
75.2429
69.8589
64.4179
59.7941
55.2099
51.228
47.5753
44.377
41.1337
38.2
35.2029
32.5322
30.3966
27.9242
25.5045
23.6363
21.938
20.3534
18.8011
17.6429
16.3195
15.0827
14.0817
12.933
11.8016
10.7276
10.0112
9.2537
8.4801
7.834
7.3271
7.1268
7.0324
6.9304
6.8653
6.7573
6.6257
6.5159
6.4307
6.4117
6.33
6.2452
6.2221
6.2209
6.1367
6.0715
6.0829
6.0074
6.0171
5.9374
5.8483
5.7629
5.6842
5.6623
5.6844
5.6028
5.5822
5.5445
5.5135
5.517
5.4707
5.4208
5.4044
5.3243
5.3124
5.2578
5.2123
5.1386
5.0226
4.9502
4.8832
4.8097
4.7684
4.6879
4.6794
4.56
4.4919
4.505
4.5278
4.4876
4.4445
4.4123
4.3371
4.325
4.3341
4.2703
4.2272
4.1746
4.1599
4.13
4.1218
4.0341
4.0323
3.9062
3.8978
3.9123
3.8742
3.824
3.7868
3.7245
3.6702
3.614
3.5411
3.4958
3.4172
3.2892
3.1607
2.987
2.8716
2.7495
2.6099
2.5
2.3505
2.2601
2.1788
2.1235
2.0399
1.9401
1.861
1.7986
1.7517
1.6629
1.6142
1.5894
1.531
1.4778
1.441
1.3772
1.3587
1.3695
1.3328
1.2795
1.2398
1.2065
1.1607
1.1226
1.0936
1.0815
1.0929
1.1413
1.1032
1.0862
1.0705
1.0707
1.0598
1.0482
1.0465
1.0238
0.9925
0.9725
0.956
0.9394
0.8997
0.8885
0.8668
0.8615
0.8287
0.8167
0.8504
0.8273
0.8475
0.8336
0.8232
0.8202
0.828
0.834
0.8333
0.799
0.7683
0.7863
0.7864
0.7592
0.7531
0.7304
0.7149
0.7017
0.6678
