17.0
17.0
16.8634
16.723400000000083
16.587299999999964
16.452399999999987
16.314899999999998
16.168699999999976
16.033000000000026
15.8821
15.74
15.601299999999997
15.460100000000002
15.3068
15.1627
15.014799999999994
14.874000000000006
14.735499999999996
14.595100000000006
14.452599999999995
14.304000000000002
14.150200000000009
14.001499999999995
13.849500000000017
13.702999999999975
13.55129999999998
13.404900000000007
13.253700000000018
13.113800000000031
12.961499999999996
12.804799999999988
12.65259999999999
12.496199999999961
12.341500000000003
12.181800000000033
12.034199999999968
11.873699999999953
11.716799999999989
11.557800000000006
11.402600000000009
11.24809999999999
11.093999999999967
10.93449999999997
10.777100000000004
10.62599999999999
10.476199999999976
10.326900000000032
10.181099999999983
10.02190000000005
9.871199999999972
9.713500000000009
9.551600000000018
9.40049999999998
9.248200000000027
9.149700000000006
9.063899999999995
8.982700000000024
8.904099999999985
8.824700000000027
8.740799999999952
8.653500000000019
8.57280000000003
8.488299999999992
8.403699999999946
8.323400000000047
8.233399999999998
8.142999999999994
8.058499999999977
7.972199999999991
7.885
7.7953
7.7093
7.6306
7.548799999999998
7.460599999999994
7.373100000000006
7.285400000000005
7.200200000000006
7.114800000000006
7.035500000000006
6.9446
6.8631
6.780900000000002
6.69329999999999
6.6092000000000075
6.524499999999996
6.437500000000016
6.3578999999999946
6.276800000000023
6.196099999999992
6.113399999999997
6.035700000000007
5.949399999999989
5.87139999999999
5.788399999999988
5.710099999999995
5.633599999999993
5.551399999999997
5.473299999999984
5.3943
5.314899999999991
5.237600000000007
5.155199999999983
5.077300000000001
4.999099999999982
4.925699999999992
4.850099999999991
4.775900000000001
4.705699999999997
4.628
4.552700000000003
4.485099999999986
4.408499999999999
4.336299999999997
4.266199999999958
4.19439999999999
4.119899999999986
4.051099999999972
3.9845000000000015
3.917
3.8506000000000022
3.7852000000000015
3.7210000000000014
3.6541999999999986
3.5911
3.5229999999999944
3.4571999999999985
3.401799999999997
3.3488999999999898
3.294399999999997
3.2434999999999996
3.189700000000006
3.1337000000000006
3.0855000000000006
3.032600000000006
2.9834999999999963
2.9364999999999983
2.890399999999999
2.8435999999999946
2.797099999999992
2.7506000000000004
2.7026999999999983
2.6541000000000046
2.6093000000000015
2.5675999999999983
2.5268999999999915
2.4846000000000052
2.4433000000000002
2.3987000000000123
2.3623999999999974
2.3202000000000016
2.2785000000000104
2.2409999999999877
2.2011999999999987
2.16740000000001
2.1311999999999878
2.098699999999989
2.065099999999993
2.030099999999996
1.9983999999999909
1.9634
1.9276
1.894699999999999
1.862
1.8328000000000004
1.8018000000000012
1.7713999999999979
1.7422000000000006
1.713300000000003
1.6869000000000036
1.6539999999999992
1.6282999999999992
1.6008999999999964
1.5676000000000019
1.5416999999999992
1.5176
1.4925999999999997
1.4714999999999996
1.4468999999999987
1.4256999999999993
1.4066000000000034
1.3845
1.3597000000000006
1.3391000000000017
1.3115000000000052
1.291699999999998
1.271400000000002
1.2499999999999982
1.2295000000000034
1.2105999999999926
1.1913000000000014
1.171900000000002
1.1538000000000002
1.136500000000004
1.1194000000000006
1.1040000000000052
1.0872999999999997
1.0700999999999983
1.0550999999999977
1.0404000000000004
