32768.0
32768.0
32722.2884
32682.0092
32642.2612
32609.2287
32572.0183
32525.1704
32486.9978
32451.6742
32411.0396
32368.6553
32336.7511
32298.2063
32276.3933
32237.7182
32201.0489
32173.7284
32141.3191
32112.2033
32077.0254
32052.4503
32026.8865
31990.7008
31961.3011
31939.3468
31911.1523
31880.4368
31860.6078
31835.4059
31811.6468
31773.8454
31743.6275
31715.9485
31687.5461
31668.043
31641.3308
31604.0726
31575.782
31556.7468
31527.2671
31499.1491
31474.2898
31450.7478
31436.2184
31409.5619
31394.1088
31368.5964
31342.2545
31315.2074
31287.6884
31265.2393
31246.107
31220.8033
31191.6476
31147.9977
31116.1681
31074.563
31028.0895
30986.5257
30944.6617
30902.002
30842.1768
30803.4728
30756.6645
30709.6381
30660.5242
30604.8709
30556.8392
30508.3291
30459.76
30412.3637
30369.9961
30319.2334
30268.163
30230.5769
30181.0037
30134.3026
30085.0328
30039.9317
30001.8472
29961.7382
29919.259
29872.3494
29830.1353
29783.9122
29743.7826
29694.4426
29650.6265
29601.3531
29562.3571
29511.9578
29467.7405
29422.8091
29386.7535
29354.288
29307.6097
29270.1173
29223.0913
29179.6174
29135.4734
29084.9865
29043.8613
28996.3213
28951.849
28908.8149
28858.2033
28816.9737
28771.0041
28727.2197
28682.7802
28635.7673
28598.7989
28553.4658
28511.4001
28472.6612
28430.3723
28378.8682
28331.278
28287.8553
28240.8569
28190.2911
28148.0862
28098.2136
28055.5939
28014.1152
27973.684
27940.0581
27920.5564
27910.5091
27904.4563
27905.7581
27904.1237
27911.4644
27912.5814
27911.6967
27915.3184
27918.8937
27911.6558
27914.2144
27916.6055
27922.0122
27928.2537
27934.5743
27940.2403
27943.0888
27941.8703
27944.0577
27951.8276
27956.8929
27964.9995
27979.0212
27982.2984
27989.7381
27989.3653
27991.4594
27993.4583
27996.9893
27998.6617
28004.4579
28009.1664
28009.8188
28009.1467
28009.9543
28018.5534
28021.1651
28030.5445
28038.2386
28040.7242
28041.5498
28041.8081
28040.1509
28043.0789
28047.3901
28048.7397
28054.8438
28056.8197
28059.3449
28061.7368
28064.3634
28063.8547
28064.3493
28068.1561
28070.0138
28069.1981
28075.1256
28081.8289
28083.0476
28089.1008
28094.3263
28097.6229
28102.7258
28101.6599
28114.2326
28115.1217
28114.6313
28118.452
28122.7866
28126.4135
28127.2119
