6.0
6.0
5.966500000000007
5.9401999999999875
5.910799999999992
5.880599999999992
5.851799999999983
5.8295999999999895
5.800499999999982
5.771199999999986
5.740100000000001
5.713799999999994
5.686900000000007
5.6620000000000035
5.639000000000005
5.6172
5.59090000000002
5.568199999999983
5.542499999999992
5.519200000000009
5.492299999999981
5.46550000000001
5.441900000000002
5.420299999999995
5.391699999999977
5.369299999999973
5.350200000000005
5.329400000000019
5.310199999999997
5.285299999999998
5.262600000000016
5.238499999999985
5.215199999999988
5.194599999999989
5.1690000000000005
5.1485
5.124399999999992
5.102600000000003
5.0855
5.056600000000005
5.037000000000008
5.014900000000007
4.992900000000013
4.9672000000000205
4.944900000000002
4.924999999999991
4.902199999999992
4.88060000000002
4.8602000000000105
4.838299999999999
4.819999999999984
4.797499999999997
4.773899999999993
4.758000000000006
4.760099999999996
4.760299999999992
4.766000000000017
4.771100000000012
4.774900000000003
4.777500000000017
4.781599999999984
4.786400000000008
4.794000000000009
4.799699999999983
4.804899999999986
4.8108999999999975
4.8194999999999935
4.823899999999994
4.828799999999983
4.832700000000014
4.844299999999982
4.853800000000002
4.861699999999972
4.870699999999997
4.8795999999999875
4.886
4.894900000000006
4.903000000000023
4.914100000000014
4.923600000000004
4.933700000000019
4.942799999999994
4.948399999999972
4.957499999999976
4.965000000000025
4.976200000000025
4.988999999999989
4.9976999999999965
5.009700000000006
5.020800000000032
5.032100000000011
5.041499999999993
5.0519999999999925
5.0629999999999855
5.073699999999992
5.086700000000008
5.095399999999987
5.108299999999983
5.116600000000003
5.1278
5.140099999999995
5.152399999999983
5.161599999999986
5.1725
5.182000000000008
5.19429999999999
5.203900000000003
5.214799999999976
5.22579999999998
5.238699999999993
5.252899999999998
5.2630000000000035
5.274899999999986
5.291399999999988
5.2991999999999795
5.309700000000012
5.322200000000018
5.337100000000003
5.3471
5.358100000000008
5.3725
5.385699999999992
5.398500000000004
5.40820000000001
5.424099999999985
5.438999999999992
5.4459
5.4601
5.472599999999978
5.4852000000000025
5.5011000000000125
5.510999999999991
5.524500000000006
5.539100000000005
5.553600000000018
5.567900000000001
5.5835
5.607399999999998
5.625900000000008
5.6451999999999884
5.664699999999997
5.68559999999999
5.706399999999987
5.723600000000002
5.7444999999999915
5.766099999999994
5.787599999999993
5.808600000000012
5.830700000000019
5.852699999999989
5.87690000000001
5.900599999999997
5.924000000000011
5.946199999999986
5.966899999999982
5.992200000000008
6.013599999999993
6.033899999999989
6.060200000000004
6.08430000000001
6.109800000000014
6.131900000000006
6.1564999999999905
6.1806999999999945
6.209600000000006
6.2377999999999965
6.261300000000012
6.288100000000012
6.312800000000014
6.341399999999998
6.3663999999999845
6.3894000000000135
6.4120999999999935
6.443200000000009
6.4678
6.4929
6.520199999999995
6.547299999999999
6.5760000000000085
6.606899999999997
6.639100000000006
6.667299999999994
6.695600000000011
6.725900000000009
6.757000000000006
6.783299999999992
6.8132
6.839999999999995
6.868699999999999
6.897599999999999
6.921000000000012
6.9474999999999945
6.973200000000019
7.003899999999997
7.030400000000009
7.0650999999999975
7.094799999999998
7.124199999999997
7.151700000000006
7.175999999999985
