216.0
216.0
213.0203
210.0209
206.7214
203.8405
201.3101
198.655
196.0328
193.5093
190.9086
188.1863
185.6861
183.272
181.0665
178.5188
175.7859
173.1002
170.7951
168.5534
166.67
164.239
162.2323
160.0435
158.1682
156.4418
154.5388
152.8429
150.9281
149.0829
147.2863
145.5377
143.6025
141.7592
140.364
138.5211
136.987
135.5542
134.2645
132.8768
131.5503
130.0196
128.4533
127.1452
125.7643
124.1709
122.6405
121.0037
119.6247
118.6377
117.2751
115.8312
114.4904
113.4352
113.1615
113.0096
112.9189
113.0889
113.2941
113.3676
113.5493
113.7388
114.03
114.3287
114.5351
114.6408
114.9239
115.228
115.4372
115.6623
115.9905
116.2934
116.4588
116.8119
117.0477
117.5309
117.8348
118.3319
118.6129
118.9538
119.5232
119.8869
120.1396
120.6745
121.1689
121.5205
122.0811
122.2559
122.5273
122.8591
123.1179
123.447
123.8226
124.321
124.9085
125.5314
126.1835
126.6411
127.3073
127.6649
128.089
128.5631
128.9983
129.2656
129.7996
130.2052
130.7312
131.1547
131.7496
132.4324
132.8663
133.4072
133.9094
134.5495
135.2561
135.619
135.9802
136.4494
136.8886
137.5686
138.0262
138.7937
139.467
140.1708
140.8393
141.3044
141.896
142.3148
142.4
142.4112
142.0632
141.9741
141.7997
141.4264
140.9251
140.4773
139.9313
139.7238
139.0938
138.7197
138.2684
137.7191
137.37
137.005
136.6869
135.9428
135.2637
134.7443
134.027
133.1312
132.6123
132.0696
131.7248
131.1748
130.5275
129.958
129.3269
129.0256
128.2832
127.7202
127.0532
126.2543
125.6384
124.8226
123.8621
123.2208
122.6257
122.0117
121.2946
120.668
119.8486
119.1411
118.4846
117.888
117.2858
116.8523
115.9512
115.4049
114.9748
114.2476
113.7467
112.8499
112.0733
111.5146
110.7558
110.233
109.464
108.7189
108.3545
107.9189
107.3451
106.4164
105.6874
104.9655
104.5171
103.598
103.0134
102.3168
101.548
101.1967
