19.0
19.0
18.843600000000038
18.68240000000005
18.531700000000022
18.372700000000005
18.218400000000027
18.066400000000048
17.917899999999992
17.769099999999938
17.611900000000077
17.46960000000004
17.319899999999976
17.17729999999995
17.03670000000001
16.886200000000045
16.742499999999925
16.60139999999991
16.465999999999973
16.324799999999964
16.180699999999938
16.042299999999912
15.904899999999994
15.7575
15.6242
15.4874
15.349199999999998
15.205100000000005
15.0723
14.94599999999999
14.814200000000017
14.678400000000012
14.556199999999988
14.4195
14.284900000000006
14.156700000000003
14.023700000000021
13.882400000000006
13.742199999999979
13.597400000000006
13.463500000000005
13.338300000000029
13.202400000000011
13.066400000000021
12.940000000000007
12.820899999999995
12.693400000000036
12.574200000000001
12.4552
12.323099999999979
12.190399999999991
12.069799999999999
11.94859999999998
11.823699999999976
11.736999999999956
11.647999999999993
11.567699999999983
11.497400000000042
11.421599999999966
11.34590000000002
11.2703
11.19969999999998
11.11959999999999
11.038700000000006
10.95379999999999
10.881499999999985
10.811600000000007
10.726199999999988
10.643399999999941
10.56940000000001
10.486700000000003
10.409900000000022
10.339300000000046
10.259000000000004
10.174300000000047
10.091299999999977
10.013599999999986
9.927599999999972
9.848400000000005
9.77470000000004
9.693699999999987
9.616500000000023
9.543000000000031
9.471499999999978
9.38899999999992
9.312199999999986
9.236199999999993
9.146799999999995
9.067799999999998
8.991299999999997
8.918700000000001
8.84770000000005
8.776399999999994
8.701299999999943
8.635600000000014
8.56360000000001
8.48189999999998
8.409400000000007
8.339900000000016
8.276599999999998
8.198599999999985
8.127399999999977
8.057000000000047
7.986700000000016
7.91089999999999
7.8319
7.7625
7.692500000000002
7.621399999999997
7.548099999999999
7.486200000000001
7.4118999999999975
7.342699999999995
7.278600000000009
7.208499999999995
7.1375
7.075
7.0128
6.9447
6.879699999999994
6.8162
6.758799999999988
6.692099999999995
6.628899999999988
6.5781000000000045
6.515899999999994
6.455399999999993
6.401599999999991
6.372699999999992
6.354500000000011
6.338700000000008
6.333199999999992
6.3207999999999975
6.317899999999992
6.3006000000000055
6.288499999999994
6.2750999999999895
6.26859999999997
6.263399999999998
6.260900000000002
6.253400000000008
6.242499999999985
6.236500000000008
6.221399999999995
6.219400000000003
6.221699999999997
6.217199999999997
6.209699999999993
6.201199999999996
6.198099999999991
6.189000000000013
6.186300000000009
6.180800000000004
6.179200000000021
6.1686999999999985
6.163499999999995
6.163200000000007
6.1657000000000055
6.164699999999994
6.153300000000019
6.145000000000004
6.1415000000000015
6.135899999999994
6.130200000000008
6.129599999999998
6.124100000000007
6.121699999999995
6.111599999999995
6.103999999999999
6.10309999999999
6.0985000000000165
6.0872000000000055
6.089300000000002
6.086599999999992
6.090900000000003
6.0912000000000095
6.085099999999982
6.083300000000008
6.07409999999999
6.0721000000000185
6.072699999999986
6.066699999999998
6.060699999999995
6.059800000000013
6.056999999999988
6.054199999999985
6.048900000000002
6.043099999999994
6.0338999999999965
6.030800000000014
6.03150000000001
6.034800000000003
6.0292999999999894
6.032700000000007
6.028499999999978
6.024
6.02399999999998
6.020799999999995
6.011900000000002
6.002999999999996
