36.0
36.0
35.6579
35.402
35.1114
34.8164
34.5406
34.3346
34.0547
33.7746
33.4807
33.2426
33.0041
32.7932
32.5994
32.4184
32.1881
31.9924
31.7769
31.5714
31.3353
31.1063
30.9201
30.7497
30.5039
30.3271
30.2016
30.034
29.8924
29.6893
29.5146
29.3391
29.1518
29.0084
28.8164
28.6753
28.4876
28.3258
28.2085
27.9852
27.8478
27.6945
27.5343
27.3454
27.1949
27.0546
26.8938
26.7462
26.6058
26.4651
26.3528
26.1921
26.0451
25.9526
26.0189
26.0605
26.1414
26.2203
26.2969
26.3531
26.4246
26.493
26.6064
26.6885
26.7763
26.8723
26.9931
27.0785
27.151
27.2209
27.3765
27.505
27.6035
27.7297
27.8578
27.9576
28.0945
28.2286
28.3745
28.4972
28.6217
28.7472
28.8468
28.9829
29.105
29.2552
29.443
29.5611
29.7137
29.849
30.0013
30.1569
30.3226
30.48
30.6337
30.8081
30.946
31.1149
31.2512
31.4026
31.5559
31.7348
31.8666
32.0339
32.169
32.3455
32.4927
32.6478
32.8054
32.9657
33.1543
33.2892
33.4541
33.6698
33.7802
33.9353
34.1344
34.3471
34.5095
34.6677
34.8523
35.0505
35.2269
35.38
35.5797
35.793
35.9043
36.0961
36.2792
36.478
36.6957
36.8454
37.0237
37.2215
37.4314
37.6501
37.8763
38.194
38.4543
38.7304
38.9707
39.273
39.5594
39.7974
40.1031
40.3987
40.691
41.0026
41.3211
41.6253
41.9541
42.2682
42.6062
42.9252
43.2031
43.5428
43.8574
44.1543
44.5396
44.8917
45.2918
45.6237
45.9681
46.3109
46.7332
47.142
47.4697
47.8481
48.229
48.6654
49.0426
49.4058
49.7369
50.1912
50.5756
50.9325
51.367
51.7811
52.2376
52.7217
53.2021
53.6233
54.0402
54.5177
54.9984
55.4287
55.9122
56.335
56.7863
57.2328
57.6114
58.0365
58.4772
58.9471
59.35
59.9017
60.3994
60.8836
61.3109
61.6992
