8.0
8.0
9.0481
10.1365
11.2071
12.3444
13.4798
14.7344
16.116
17.4981
18.8084
20.0815
21.4739
23.0371
24.6584
26.3516
28.0403
29.5289
31.3613
33.2453
34.9969
36.8227
38.809
41.1153
42.9601
45.0551
47.0432
49.2522
51.724
54.0446
56.442
58.5869
60.9951
63.345
66.1047
68.7426
71.1435
73.6522
75.8838
78.3787
81.3373
84.3117
87.2305
89.8618
92.5641
95.4617
98.6266
101.2741
104.6067
107.717
110.9978
114.3862
118.136
121.4821
125.4822
129.1832
133.1809
137.1088
141.1421
144.8429
149.7418
154.0572
158.7293
162.4858
166.4124
171.143
175.0808
178.8698
183.1509
187.5968
192.139
196.2808
200.574
205.602
210.2649
214.5242
219.1174
223.9208
228.6975
233.4261
238.2447
243.6079
248.1575
252.9275
258.4963
262.9921
268.5739
273.9907
279.2733
285.3084
290.4129
296.6783
301.6885
306.2709
311.7553
316.7023
322.1591
327.4469
332.9813
339.0609
344.3729
349.9041
355.4588
361.4847
367.7305
373.6922
379.9315
385.913
392.4171
398.3315
404.9963
411.0577
417.3352
424.453
430.9978
438.0919
444.5774
450.8865
457.4038
464.0832
471.0702
477.7309
484.4472
491.3961
498.4088
504.9214
512.3266
518.0747
523.4475
527.7587
532.2297
535.7681
539.158
542.5879
547.4342
551.9645
556.2367
559.0984
563.5466
568.2217
571.5799
574.8854
579.1722
584.0632
587.6692
590.9897
595.2367
600.006
603.9557
606.9848
611.1631
614.3544
618.6906
622.7113
626.7726
632.3276
635.2048
638.7026
642.8906
647.4953
653.3724
658.4272
663.1646
666.771
670.1615
672.3152
675.7011
680.2961
684.9734
688.4878
693.2064
697.3175
700.6983
704.7099
708.9685
711.706
716.4814
721.2117
725.4251
731.3346
736.0213
742.8578
748.0621
755.6548
761.997
767.3647
772.8603
778.9355
784.5985
788.8954
793.346
797.1074
801.5004
805.5086
810.6854
813.8448
818.256
823.0096
830.0687
835.3021
