1.0
1.0
0.9778
0.9541999999999998
0.9289
0.9053000000000003
0.8834000000000016
0.861
0.8410999999999987
0.8183000000000005
0.8008999999999984
0.7815999999999989
0.7632000000000025
0.7466000000000004
0.7301000000000027
0.7162000000000026
0.7004000000000011
0.6860999999999973
0.6689000000000027
0.6541999999999982
0.6397000000000004
0.6268000000000012
0.613899999999998
0.6003999999999982
0.5869999999999999
0.5742
0.5621000000000005
0.5488000000000012
0.5373999999999963
0.5265999999999987
0.5178000000000008
0.507600000000001
0.4947
0.4861000000000001
0.4745
0.4649999999999999
0.45680000000000026
0.4492999999999997
0.4394999999999999
0.4322000000000009
0.4221000000000001
0.4152999999999996
0.40749999999999914
0.398900000000001
0.39139999999999947
0.38350000000000073
0.3774000000000006
0.37069999999999936
0.3638000000000007
0.35670000000000035
0.350400000000001
0.3431000000000003
0.33559999999999957
0.33210000000000084
0.32790000000000036
0.3255999999999999
0.32269999999999993
0.3191000000000002
0.31729999999999925
0.3145999999999992
0.3124000000000009
0.3097999999999992
0.3081999999999994
0.30589999999999984
0.3047999999999995
0.30229999999999996
0.30020000000000047
0.296600000000002
0.29479999999999995
0.2915999999999987
0.289499999999999
0.28790000000000115
0.2862999999999998
0.2850000000000016
0.28220000000000156
0.2810000000000004
0.2791000000000001
0.2774999999999992
0.27550000000000097
0.2734000000000002
0.2726000000000013
0.27169999999999955
0.2709999999999981
0.27069999999999855
0.2692999999999998
0.26709999999999934
0.2660999999999996
0.26380000000000053
0.26360000000000017
0.26220000000000016
0.26149999999999907
0.2607999999999998
0.258300000000001
0.25760000000000033
0.2561000000000006
0.25480000000000025
0.2524999999999999
0.2513
0.24949999999999956
0.2486999999999996
0.24779999999999971
0.2459000000000001
0.244
0.2436
0.2442
0.2429000000000001
0.2421
0.2397999999999999
0.2380000000000001
0.2359999999999999
0.23439999999999994
0.2336999999999999
0.2322999999999999
0.2319999999999999
0.2309999999999999
0.23080000000000028
0.2299000000000001
0.2289999999999999
0.2288000000000001
0.22749999999999995
0.22590000000000005
0.22560000000000008
0.2246000000000002
0.22350000000000028
0.2219
0.221
0.21929999999999986
0.2189999999999995
0.21909999999999985
0.21999999999999992
0.2219000000000001
0.22150000000000009
0.22279999999999986
0.22369999999999982
0.2238000000000002
0.22289999999999982
0.22279999999999964
0.2219999999999998
0.22199999999999973
0.2229999999999998
0.22319999999999995
0.22249999999999986
0.22339999999999977
0.22250000000000036
0.222
0.2224999999999998
0.2229000000000001
0.22400000000000017
0.22349999999999973
0.2220999999999999
0.22149999999999986
0.22239999999999988
0.22250000000000028
0.2225999999999997
0.22220000000000015
0.2224
0.22329999999999964
0.2234000000000001
0.22319999999999995
0.2226000000000002
0.2226000000000001
0.22289999999999982
0.22170000000000045
0.22249999999999973
0.22220000000000018
0.22250000000000017
0.22200000000000022
0.22120000000000029
0.22029999999999972
0.21949999999999986
0.21979999999999972
0.22009999999999974
0.2193000000000002
0.21890000000000026
0.21709999999999982
0.21629999999999977
0.21590000000000037
0.2153999999999999
0.21449999999999964
0.21390000000000017
0.21440000000000015
0.2133
0.21380000000000013
0.21299999999999958
0.21219999999999958
0.21260000000000026
0.21249999999999972
0.2132
0.21330000000000027
0.2145000000000002
0.2141999999999998
0.21350000000000008
0.21370000000000014
0.2127999999999999
0.21170000000000036
0.2115000000000004
0.2114
0.21140000000000045
0.21210000000000054
0.2122999999999999
