1000.0
1000.0
1009.251
1018.7623
1028.5521
1037.0165
1047.524
1057.6313
1067.4419
1076.6844
1087.6665
1097.9051
1109.157
1119.6606
1130.0923
1139.8639
1152.2365
1163.593
1175.4438
1186.5987
1198.569
1210.7926
1222.6562
1234.5452
1246.0937
1258.4528
1270.3432
1283.1182
1294.7175
1307.447
1319.0175
1330.4564
1342.7372
1355.7576
1367.922
1381.3165
1394.9148
1406.6863
1420.1414
1434.5034
1447.252
1463.4199
1477.2643
1491.7149
1503.7982
1518.8014
1533.6359
1548.105
1563.2973
1579.1401
1594.2556
1607.2787
1622.747
1637.6765
1651.9221
1665.5675
1676.64
1689.0958
1699.4453
1712.4136
1722.8836
1733.8107
1747.4572
1758.9643
1770.7369
1785.9892
1797.9181
1811.3983
1822.8493
1834.316
1845.7661
1858.6485
1872.3103
1885.0044
1896.9445
1910.1844
1920.7994
1935.2698
1949.0997
1963.8213
1977.931
1993.3332
2008.449
2020.7455
2034.2507
2047.1922
2059.8292
2075.3591
2086.4073
2099.9195
2116.0297
2130.3532
2144.5682
2160.8435
2173.3979
2187.5966
2199.5291
2211.411
2224.0709
2238.6027
2254.0666
2268.7213
2282.4323
2300.621
2313.9193
2330.612
2345.6473
2363.7171
2380.5617
2394.3986
2406.196
2418.3802
2432.0088
2444.082
2460.1463
2475.4714
2491.1639
2506.935
2522.1721
2538.7826
2559.3658
2576.6248
2590.6991
2607.3293
2622.2255
2640.1244
2654.8834
2670.6282
2690.0591
2711.0696
2731.5321
2750.7136
2771.8853
2796.5905
2818.0276
2843.2397
2867.1796
2889.687
2912.8131
2937.8441
2959.639
2988.5298
3015.1444
3039.8489
3066.533
3092.3497
3117.8942
3145.8786
3176.0956
3199.8449
3221.3191
3247.8888
3276.3414
3303.3994
3333.0999
3359.9188
3391.808
3421.3472
3451.8508
3481.0612
3511.7474
3541.4942
3570.9511
3602.6905
3631.4458
3661.7124
3689.5926
3715.1049
3742.7983
3775.4942
3807.3648
3841.1671
3874.3764
3905.1288
3934.5216
3969.1629
4004.2281
4036.7324
4064.864
4095.4854
4131.1053
4164.4656
4199.6263
4234.4661
4266.2726
4295.9984
4335.2853
4364.8658
4397.5024
4435.4541
4471.5611
4506.5928
4544.243
4576.8973
4613.8735
4646.1913
4689.4614
4726.1772
4759.7389
4800.2557
