196.0
196.0
196.349
196.3033
196.1645
196.3033
196.164
195.9704
195.7274
195.4674
195.2354
194.796
194.4279
193.9844
193.5663
193.0485
192.443
191.9654
191.3392
190.7254
189.9986
189.3105
188.5859
187.8046
186.9963
186.2984
185.3512
184.4748
183.5534
182.7851
181.7474
180.7215
179.7328
178.7033
177.6734
176.6895
175.5534
174.4019
173.4368
172.2781
171.2479
170.1887
169.1092
168.0269
166.7852
165.6532
164.7546
163.7548
162.6029
161.3313
160.0895
159.0168
157.901
156.7476
155.5636
154.3878
153.4212
152.3786
151.4217
150.4493
149.3451
148.4054
147.3649
146.35
145.388
144.3226
143.465
142.3284
141.2678
140.298
139.2227
138.1229
137.1262
136.091
135.0474
134.0335
132.89
131.7376
130.6191
129.7065
128.7039
127.7356
126.7095
125.7597
124.7197
123.6658
122.6395
121.6369
120.5702
119.476
118.3502
117.2853
116.1737
115.2591
114.3344
113.3877
112.4398
111.5088
110.5441
109.5135
108.3831
107.333
106.2728
105.2962
104.4434
103.4064
102.3422
101.4532
100.5127
99.4709
98.4984
97.4575
96.5489
95.6596
94.7112
93.7383
92.8107
91.8339
90.8908
89.9159
88.9205
88.1415
87.2687
86.4702
85.6287
84.7995
83.8899
82.8963
81.9636
81.0097
80.0662
79.2539
78.4035
77.4092
76.5007
75.572
74.7797
73.9082
73.049
72.0539
71.134
70.3436
69.4346
68.5181
67.5732
66.7707
65.932
65.0426
64.217
63.3646
62.5689
61.7655
60.9703
60.0046
59.2015
58.503
57.7075
56.822
56.0824
55.4306
54.7519
53.9434
53.1698
52.4078
51.642
50.8698
50.2232
49.4919
48.8347
48.0395
47.4681
46.7609
46.046
45.3626
44.7096
44.0719
43.4151
42.8203
42.141
41.5047
40.8681
40.2757
39.6616
39.0581
38.4487
37.8206
37.2447
36.7042
36.0942
35.5208
34.9589
34.3528
33.8036
33.3164
32.8319
32.3256
31.8783
31.4115
30.9321
30.4635
