289.0
289.0
286.4085
284.0446
281.4712
279.0033
276.6671
274.1875
271.7409
269.3507
266.8875
264.5394
261.9554
259.6097
257.2254
254.9896
252.5332
250.2331
247.8806
245.5153
243.164
240.8243
238.4241
235.9616
233.9033
231.4899
229.0914
226.7486
224.4425
222.1872
219.8498
217.4403
215.147
212.9044
210.6086
208.1413
205.9294
203.6758
201.4952
199.3946
197.072
194.8713
192.5355
190.4698
188.483
186.2604
184.2052
182.1725
179.995
177.9152
175.9951
173.8933
171.8815
169.8254
168.2609
166.9751
165.9966
164.8883
163.8135
162.8417
161.8373
160.9784
160.0498
159.0343
158.2197
157.2792
156.3627
155.4312
154.4528
153.5025
152.5778
151.7795
150.9884
150.0999
149.2471
148.39
147.5804
146.8812
145.9488
144.9988
144.156
143.4193
142.5746
141.8176
141.0048
140.1388
139.3752
138.5012
137.7198
136.9399
136.0952
135.3384
134.4588
133.6412
132.8139
131.9334
131.0813
130.3351
129.5979
128.975
128.1349
127.3636
126.5819
125.853
125.0773
124.3847
123.643
122.9778
122.1027
121.377
120.5633
119.8227
119.1233
118.4562
117.651
116.9377
116.2128
115.5686
114.9533
114.2275
113.4984
112.7856
112.1083
111.4641
110.783
110.2648
109.3999
108.654
107.7269
106.7768
105.7092
104.647
103.4103
102.2669
101.1774
100.173
98.9825
97.8163
96.7669
95.6495
94.4839
93.2106
92.247
91.2205
90.0958
89.0743
88.0789
87.1781
86.2185
85.2874
84.2153
83.1692
82.1576
81.2498
80.2263
79.2459
78.2797
77.3063
76.33
75.3867
74.4245
73.5194
72.5204
71.6229
70.7768
69.7513
68.9238
68.06
67.2007
66.3015
65.3659
64.5845
63.7286
62.9018
62.1558
61.2927
60.5572
59.7873
59.1212
58.3018
57.4053
56.6086
55.7492
55.0858
54.3553
53.6899
52.9463
52.1801
51.3369
50.7759
50.0797
49.4297
48.7544
48.0672
47.4207
46.7498
46.1327
45.4501
44.8437
44.1901
