4913.0
4913.0
4828.873
4750.2819
4668.6658
4588.5067
4512.7628
4438.4862
4360.685
4286.21
4213.8835
4145.414
4074.4804
4003.9693
3933.1526
3862.4331
3794.8321
3729.6427
3662.3194
3599.9232
3537.6183
3472.8739
3411.4272
3347.7082
3285.8928
3225.173
3164.3969
3102.9815
3047.3787
2991.1725
2934.168
2883.1757
2827.6286
2772.0949
2720.1468
2668.2903
2616.9868
2567.3679
2515.2887
2465.4319
2417.1435
2370.5594
2324.6778
2279.0263
2230.4113
2183.7746
2139.0356
2096.2887
2056.9889
2013.5865
1970.6103
1929.8858
1890.7551
1853.5319
1814.5801
1775.8489
1737.9501
1701.0583
1660.3266
1625.9328
1592.3463
1559.5737
1525.2579
1491.5057
1462.1912
1429.9671
1399.8459
1368.9345
1339.7056
1310.4452
1283.1534
1256.391
1229.6891
1203.3481
1178.0823
1150.8709
1123.4868
1095.9902
1071.712
1046.6502
1022.1111
997.9445
973.5613
950.4797
928.0195
905.5323
884.5629
862.5013
841.5895
821.0213
801.5183
782.0569
762.4687
743.5907
724.9446
706.0475
687.1801
668.8306
650.7604
634.308
618.5743
601.58
585.4678
570.3885
555.1063
539.9973
525.8275
511.8368
497.422
483.7142
470.0644
457.5648
444.6404
433.024
421.1814
410.665
399.0737
387.482
376.9346
366.1921
355.8321
346.4341
337.3517
328.3759
318.9223
309.9435
301.1809
292.859
286.8971
281.1092
276.0219
271.3739
267.062
262.6874
258.8328
254.7283
251.0244
246.9987
242.9634
239.0347
235.2267
231.502
228.1405
224.2237
220.7086
217.2359
213.6294
210.1857
207.0149
203.6529
200.6914
197.4537
194.153
190.8397
187.0672
183.8229
180.8307
177.7882
175.1306
171.983
169.2457
166.1194
162.9238
160.1593
157.3356
154.547
152.3408
149.6492
147.0822
144.6005
142.2009
139.9074
137.8101
135.7361
133.267
130.648
128.4081
126.1631
123.9422
121.6293
119.6786
117.5978
115.3649
113.1737
110.938
108.8105
106.8875
105.0055
103.421
101.8288
100.1272
98.2201
96.6431
94.9082
93.4736
91.6206
89.7876
88.2899
86.8792
84.9547
