64.0
64.0
69.636
75.8247
81.8966
87.861
94.7012
100.523
107.0184
113.1939
119.3753
126.4983
133.1805
139.6935
146.4301
153.5721
160.8702
168.1804
175.4793
182.7083
190.1484
197.5713
205.0429
213.1611
221.1299
229.7683
237.4562
245.9903
254.4589
263.5627
272.9359
281.4184
289.4968
298.6384
308.1109
316.5664
326.0064
335.9173
345.0557
354.5819
364.8598
374.9195
384.6221
394.4707
405.5056
416.1883
426.8554
437.4769
449.3319
461.6178
472.5112
483.9889
495.3228
507.0164
519.0743
530.2737
542.1158
552.7671
564.1662
574.9956
587.8588
601.2462
614.6001
628.8102
642.5798
656.3239
670.2895
684.7104
699.6339
715.2716
731.3882
745.6969
762.1742
780.6048
797.2388
815.0507
833.1152
849.829
869.4638
887.4055
904.4729
923.8971
944.1338
962.3765
981.8596
1000.4748
1022.1702
1043.6244
1065.6463
1088.9303
1111.1465
1135.6579
1156.8823
1179.8656
1204.7157
1229.2787
1253.4861
1278.0898
1303.1114
1328.1396
1357.9865
1383.3262
1407.9865
1435.1435
1464.5523
1492.3687
1518.8699
1549.5678
1578.8068
1608.1431
1638.3184
1670.6173
1704.1208
1734.7358
1767.5698
1795.5526
1831.2488
1865.2933
1897.0218
1932.1762
1965.452
2000.9433
2036.442
2071.29
2103.5152
2136.4025
2172.9615
2205.3949
2235.6045
2263.314
2288.8553
2315.3154
2343.5591
2371.0852
2396.2566
2420.7031
2449.9663
2476.929
2504.0144
2525.9903
2553.218
2573.3206
2600.5514
2627.0983
2649.1818
2672.8177
2702.3169
2725.2055
2751.5484
2778.7958
2798.8539
2814.5971
2840.2862
2866.9352
2891.207
2912.3798
2932.3853
2950.5606
2969.7212
2988.282
3010.009
3026.3204
3042.9834
3061.9133
3082.2709
3101.2152
3119.2835
3139.4195
3155.9413
3177.6292
3196.3477
3214.4375
3233.8308
3250.5051
3264.7578
3280.7293
3298.2615
3318.9645
3331.1141
3345.2246
3360.3598
3373.5662
3387.79
3406.1152
3425.095
3440.533
3448.1539
3461.0954
3483.3003
3494.86
3509.773
3523.4008
3538.2954
3561.7111
3573.9898
3585.6863
3596.3806
3610.3246
3622.7729
3634.9395
