27.0
27.0
26.7356
26.4961
26.2938
26.0959
25.8216
25.6263
25.4546
25.3214
25.2081
25.0624
24.9579
24.82
24.6824
24.636
24.5671
24.5676
24.4516
24.3765
24.364
24.2021
24.183
24.0874
24.0956
24.1296
24.0111
23.996
24.0266
23.9552
23.9728
23.9907
23.9447
23.9728
23.8569
23.8979
23.9403
23.8457
23.9886
24.0143
24.0775
24.1338
24.0732
24.0204
24.0946
24.1587
24.2018
24.2205
24.2912
24.4323
24.4542
24.5716
24.614
24.6432
24.6788
24.8822
25.0103
25.0592
25.1121
25.1926
25.3734
25.4648
25.6186
25.8909
26.0484
26.1751
26.162
26.3514
26.4908
26.5531
26.7637
26.8153
27.066
27.1943
27.3456
27.4428
27.5569
27.6589
27.8491
27.9128
28.0904
28.1754
28.321
28.5409
28.8094
28.974
29.139
29.2496
29.4387
29.6006
29.6933
29.8978
30.0569
30.2104
30.5063
30.5884
30.6376
30.8102
30.9883
31.0348
31.1143
31.2847
31.4971
31.7514
32.0466
32.3609
32.5394
32.7485
32.9121
32.8855
33.0479
33.1983
33.5346
33.7566
34.043
34.1844
34.3772
34.4385
34.6228
34.6757
35.046
35.1694
35.4255
35.7206
35.9754
36.2464
36.4953
36.7196
36.8825
36.8424
37.3063
37.5308
37.4949
37.7264
38.0598
38.1881
38.3223
38.5253
38.6801
38.8475
39.1068
39.2413
39.2363
39.3588
39.5251
39.6969
39.8544
39.9114
39.9145
40.196
40.392
40.6189
40.6786
40.8474
40.9122
41.0083
41.0772
41.377
41.5086
41.7934
41.9998
42.4009
42.5549
42.7677
42.8326
42.8901
43.002
43.0169
43.1847
43.3313
43.3495
43.5387
43.6333
43.6795
43.6118
43.764
43.7896
43.7518
43.9083
44.009
44.2406
44.3167
44.4547
44.4982
44.5159
44.5869
44.7182
44.9405
45.2137
45.2838
45.4043
45.6492
45.8254
45.748
46.0753
46.1856
46.1112
45.9312
45.8751
45.8637
