144.0
144.0
143.0133
141.9393
140.8908
139.839
138.8659
137.8131
136.7941
135.8065
134.7946
133.8382
132.8924
131.8445
130.7991
129.7494
128.8422
127.8935
126.9192
125.9866
124.8982
123.886
122.9006
121.9723
120.9928
120.017
119.0415
118.0845
117.1921
116.1723
115.242
114.2739
113.3956
112.4938
111.5035
110.6075
109.7397
108.829
107.9812
107.1293
106.3341
105.4901
104.6047
103.7073
102.7583
101.8971
101.1053
100.2677
99.3097
98.4321
97.5404
96.6974
95.8742
95.1173
94.4424
93.8529
93.2918
92.7501
92.2608
91.7521
91.2575
90.7848
90.3184
89.8145
89.3833
88.9011
88.4504
87.9679
87.4939
86.9963
86.5639
86.0687
85.6171
85.165
84.691
84.3379
83.9799
83.5484
83.0831
82.6713
82.1923
81.7845
81.3275
80.8589
80.4346
80.0161
79.5861
79.1971
78.7104
78.3128
77.8435
77.3873
76.951
76.5778
76.1209
75.6846
75.2184
74.8462
74.4691
74.0889
73.6104
73.1794
72.7634
72.3868
71.9593
71.6527
71.2358
70.8293
70.4757
70.0863
69.7152
69.284
68.9081
68.4957
68.0857
67.7273
67.4055
67.0371
66.6569
66.2478
65.8317
65.4892
65.1015
64.6572
64.2118
63.8013
63.4268
63.0416
62.6431
62.1909
61.7091
61.2444
60.8123
60.3794
59.9257
59.4794
59.0376
58.5684
58.1075
57.6667
57.226
56.749
56.2777
55.8366
55.3694
54.8918
54.4695
53.9955
53.5484
53.0973
52.6257
52.2001
51.7602
51.2923
50.8568
50.4493
50.0202
49.6053
49.223
48.83
48.4088
47.9942
47.5632
47.1372
46.7547
46.3684
45.9629
45.5521
45.1421
44.7828
44.4018
44.0261
43.6378
43.2615
42.9062
42.5369
42.2288
41.8548
41.4901
41.1283
40.7595
40.3644
40.02
39.6666
39.283
38.9203
38.5843
38.2252
37.8505
37.4902
37.1483
36.8221
36.4846
36.171
35.856
35.5277
35.2342
34.9056
34.5622
34.2297
