9.0
9.0
9.0559
9.108799999999956
9.165599999999966
9.216599999999996
9.270500000000009
9.325099999999955
9.38760000000002
9.445099999999988
9.501099999999992
9.560400000000044
9.618100000000013
9.673199999999971
9.728300000000015
9.78609999999998
9.840699999999993
9.895299999999963
9.952600000000018
10.009699999999983
10.066999999999988
10.124200000000002
10.184900000000003
10.238799999999959
10.295199999999998
10.351900000000024
10.409000000000026
10.460600000000014
10.515199999999968
10.572299999999975
10.628700000000022
10.685300000000018
10.738699999999982
10.790499999999973
10.842700000000006
10.900800000000014
10.945700000000024
11.001899999999983
11.06399999999997
11.11800000000003
11.174300000000038
11.224799999999988
11.275099999999954
11.329299999999984
11.386200000000004
11.444600000000047
11.495499999999966
11.550800000000015
11.605200000000012
11.66109999999996
11.712100000000007
11.764699999999971
11.822499999999971
11.871999999999995
11.925900000000034
11.978900000000003
12.033299999999967
12.081000000000008
12.124699999999988
12.175600000000042
12.22500000000001
12.271900000000004
12.318799999999994
12.363700000000001
12.40839999999999
12.452899999999957
12.49970000000001
12.543900000000033
12.58570000000003
12.626599999999979
12.669799999999986
12.711400000000019
12.75390000000003
12.7936
12.835600000000008
12.879000000000023
12.920499999999986
12.963599999999996
13.005499999999987
13.040499999999996
13.079100000000011
13.119500000000041
13.160499999999976
13.199600000000006
13.235499999999956
13.272600000000033
13.3076
13.341100000000015
13.377199999999995
13.408499999999997
13.443799999999994
13.4774
13.51180000000003
13.54670000000002
13.579900000000023
13.609199999999982
13.642299999999969
13.676699999999983
13.710100000000015
13.740799999999982
13.778600000000006
13.810400000000007
13.838499999999994
13.87359999999998
13.903200000000014
13.934600000000017
13.967600000000006
13.997099999999982
14.027800000000006
14.0554
14.087999999999989
14.116199999999994
14.142999999999988
14.171000000000006
14.197799999999992
14.225100000000017
14.253300000000007
14.283300000000002
14.3108
14.338399999999982
14.361700000000006
14.38670000000002
14.409499999999985
14.4376
14.464499999999985
14.487300000000017
14.513199999999994
14.539300000000006
14.570799999999991
14.594699999999998
14.618100000000005
14.640599999999989
14.665800000000006
14.688000000000006
14.711599999999988
14.732499999999995
14.760800000000005
14.7826
14.8097
14.8291
14.848999999999995
14.870799999999994
14.890899999999991
14.91239999999999
14.935099999999995
14.9527
14.9694
14.986499999999989
15.005500000000005
15.022599999999994
15.0422
15.060900000000006
15.079899999999995
15.0958
15.114600000000003
15.131999999999994
15.150399999999994
15.1632
15.1822
15.2013
15.2195
15.2374
15.253800000000005
15.272500000000006
15.2909
15.308099999999989
15.3215
15.339299999999998
15.359100000000005
15.3727
15.386300000000002
15.4014
15.415899999999997
15.432000000000002
15.444499999999994
15.459600000000005
15.4741
15.486899999999997
15.503599999999997
15.517199999999997
15.5329
15.55
15.565
15.578900000000003
15.5961
15.611100000000002
15.625099999999994
15.6416
15.6572
15.6699
15.682000000000002
15.6953
15.7104
15.7219
15.735
15.7471
15.758
15.7701
15.7851
15.7938
