81.0
81.0
81.7543
82.5215
83.1522
83.6606
84.3436
84.9205
85.5009
86.079
86.5969
87.1214
87.6707
88.2521
88.7626
89.2623
89.8198
90.3425
90.7716
91.322
91.8241
92.2867
92.7293
93.216
93.6968
94.2981
94.7089
95.2734
95.7509
96.2143
96.6228
96.9856
97.4785
97.9524
98.3511
98.7124
99.0749
99.5918
99.9918
100.345
100.6783
101.0123
101.4136
101.7731
102.1065
102.4951
102.9034
103.4206
103.8893
104.2687
104.6901
105.0133
105.4336
105.9012
106.1474
106.4953
106.7909
107.0137
107.3849
107.566
107.866
108.1507
108.39
108.6571
108.9733
109.1141
109.4436
109.7225
110.0209
110.2633
110.6277
110.9528
111.2418
111.5832
111.982
112.3741
112.6952
113.0183
113.3179
113.6168
113.9787
114.2663
114.6249
114.9042
115.2909
115.7427
116.2238
116.5597
117.0704
117.3919
117.7044
118.2343
118.6188
119.1327
119.5556
119.9815
120.4242
120.8921
121.2836
121.6969
122.0991
122.6167
123.0152
123.5326
123.8653
124.338
124.7109
125.1841
125.6794
126.0393
126.6787
127.153
127.6734
128.0678
128.6331
129.1172
129.7011
130.1941
130.6479
131.1215
131.4999
132.0146
132.4399
132.9583
133.6638
134.1585
134.7415
135.3632
136.1261
136.9272
137.8367
138.7458
139.6864
140.6891
141.5407
142.4495
143.3306
144.2316
145.0606
145.9937
146.8399
147.8446
148.7345
149.6178
150.5038
151.2932
152.2457
153.1306
154.0641
154.9114
155.8021
156.6244
157.45
158.1955
158.9391
159.8438
160.7484
161.5343
162.4191
163.2077
164.0382
164.8161
165.5345
166.5855
167.4105
168.0947
169.0001
169.9387
170.8509
171.6902
172.4517
173.2014
174.0881
174.8527
175.7533
176.4478
177.3111
178.0298
178.9602
179.7093
180.5465
181.2243
182.0644
182.8072
183.6063
184.4362
185.1922
186.0192
186.7154
187.5481
188.2572
189.1078
189.902
190.7541
191.3358
191.9536
192.7087
193.4717
194.1265
194.6975
