2.0
2.0
2.0311000000000012
2.0617000000000076
2.0925000000000002
2.124599999999991
2.155399999999992
2.1919999999999926
2.2326000000000024
2.269499999999997
2.3078
2.3413
2.378900000000009
2.419899999999988
2.4613999999999994
2.5009999999999977
2.540899999999989
2.5762999999999985
2.6183000000000045
2.663899999999989
2.703699999999998
2.746299999999996
2.7909999999999973
2.836500000000007
2.872900000000001
2.910499999999993
2.9449999999999945
2.9843999999999973
3.0322000000000062
3.0715999999999997
3.1127999999999973
3.1498999999999984
3.191099999999997
3.2298000000000004
3.2732999999999843
3.311999999999997
3.3567000000000045
3.3963999999999954
3.432000000000001
3.4699000000000013
3.5148999999999977
3.5583000000000014
3.595300000000003
3.6292000000000013
3.6651000000000016
3.705499999999996
3.7443999999999957
3.7885000000000013
3.8277
3.867199999999999
3.908000000000001
3.9466
3.9932000000000016
4.033899999999987
4.078199999999991
4.1252
4.17190000000002
4.218400000000002
4.264699999999996
4.306699999999982
4.357599999999992
4.404600000000005
4.449500000000004
4.487799999999995
4.5282
4.574
4.613599999999983
4.6544
4.697699999999993
4.741399999999998
4.785399999999987
4.8243999999999705
4.8648000000000176
4.908599999999996
4.951500000000012
4.99220000000002
5.033200000000015
5.073799999999977
5.118299999999982
5.154299999999992
5.19509999999999
5.23569999999998
5.2751000000000055
5.313499999999999
5.356900000000006
5.389899999999997
5.429500000000001
5.470900000000004
5.510099999999997
5.553000000000002
5.590500000000006
5.633899999999998
5.673700000000006
5.7092999999999785
5.745700000000007
5.779300000000018
5.816299999999999
5.854100000000015
5.889500000000012
5.927100000000008
5.9585
5.996099999999991
6.031399999999996
6.065099999999993
6.100899999999985
6.135200000000012
6.171700000000006
6.206599999999976
6.243299999999999
6.279499999999985
6.318500000000009
6.3529
6.388000000000014
6.4282000000000075
6.464800000000005
6.502899999999997
6.535400000000009
6.571499999999994
6.6052
6.640200000000003
6.674400000000012
6.7092999999999945
6.745799999999996
6.780300000000008
6.8132
6.845200000000003
6.880000000000006
6.9052999999999916
6.924900000000005
6.939499999999997
6.951300000000006
6.959300000000011
6.965199999999994
6.970900000000001
6.984800000000003
6.995299999999994
7.003899999999997
7.0132
7.027400000000012
7.039300000000006
7.046500000000003
7.053199999999992
7.064999999999997
7.081599999999988
7.0918
7.103900000000006
7.113700000000009
7.1304000000000025
7.141700000000009
7.147999999999994
7.155700000000006
7.165200000000003
7.176600000000003
7.187500000000006
7.196400000000004
7.212199999999994
7.215999999999998
7.226600000000003
7.241599999999997
7.255100000000001
7.274400000000006
7.288000000000009
7.303399999999988
7.310400000000003
7.315100000000005
7.317799999999998
7.326299999999997
7.338499999999997
7.350800000000008
7.361200000000005
7.371
7.382900000000005
7.383899999999994
7.398300000000004
7.4113
7.415799999999998
7.431399999999997
7.4427
7.4554999999999945
7.469400000000007
7.480300000000013
7.499599999999997
7.508500000000003
7.5286
7.544400000000004
7.5595000000000026
7.5693
7.585100000000004
7.602099999999997
7.614399999999999
7.6298
7.6406
7.6494
7.6604
7.674200000000002
7.683600000000001
7.695
7.705599999999997
7.7237
7.740100000000003
