13.0
13.0
12.946799999999984
12.89309999999999
12.844000000000015
12.788599999999969
12.728099999999978
12.668900000000006
12.602499999999985
12.546199999999972
12.488400000000004
12.423199999999966
12.356000000000005
12.289899999999989
12.225299999999985
12.165499999999994
12.096900000000021
12.031200000000021
11.958200000000003
11.891899999999978
11.817799999999984
11.749900000000036
11.686000000000032
11.612999999999962
11.53970000000002
11.472899999999953
11.39420000000002
11.325099999999994
11.254100000000008
11.17690000000001
11.104899999999999
11.029499999999947
10.956199999999985
10.888199999999975
10.807999999999973
10.736499999999987
10.661200000000006
10.584499999999984
10.514999999999977
10.433600000000004
10.355500000000008
10.276600000000014
10.193799999999984
10.121699999999977
10.038499999999988
9.954500000000012
9.883499999999975
9.805599999999956
9.725200000000008
9.65019999999997
9.57359999999997
9.48750000000001
9.410800000000012
9.33610000000002
9.279300000000028
9.239299999999991
9.197900000000022
9.160400000000024
9.118899999999993
9.073800000000002
9.030899999999985
8.990100000000043
8.946100000000039
8.902299999999958
8.858800000000025
8.810600000000022
8.764199999999992
8.716100000000033
8.671099999999994
8.624900000000071
8.584900000000003
8.535399999999957
8.490599999999999
8.442099999999964
8.396400000000042
8.350799999999973
8.305600000000052
8.252200000000023
8.202999999999975
8.15749999999998
8.108500000000042
8.05529999999999
8.001800000000006
7.953300000000001
7.9029
7.8509
7.799700000000001
7.7482
7.694899999999999
7.649600000000004
7.599299999999994
7.547299999999995
7.493199999999997
7.445
7.394799999999998
7.3419000000000025
7.2889
7.239599999999994
7.191399999999997
7.142000000000003
7.087500000000003
7.028800000000017
6.974900000000011
6.927299999999986
6.878899999999997
6.822600000000004
6.768700000000004
6.717900000000017
6.665500000000016
6.613600000000014
6.5607
6.50990000000001
6.4588000000000045
6.406199999999982
6.349600000000015
6.297100000000003
6.251000000000008
6.205199999999988
6.15349999999999
6.10029999999999
6.048100000000001
5.9961000000000295
5.94270000000001
5.893299999999996
5.841600000000008
5.791800000000001
5.741599999999995
5.690600000000014
5.653099999999999
5.615900000000011
5.589900000000019
5.559299999999994
5.528899999999998
5.502800000000013
5.474599999999997
5.447600000000022
5.421800000000007
5.394899999999996
5.368700000000004
5.343999999999997
5.318399999999985
5.292700000000007
5.267799999999999
5.245499999999989
5.218700000000006
5.193800000000016
5.166900000000018
5.143000000000009
5.115899999999982
5.090199999999993
5.066399999999997
5.043199999999999
5.0231
5.000400000000009
4.976300000000021
4.953299999999987
4.930699999999999
4.910199999999992
4.8866
4.860400000000023
4.839199999999981
4.8179000000000025
4.795200000000026
4.774300000000001
4.751400000000007
4.727499999999998
4.704399999999967
4.6802000000000055
4.66270000000001
4.640700000000015
4.620299999999997
4.594599999999985
4.575799999999985
4.551400000000003
4.527499999999999
4.5052
4.486800000000032
4.467399999999976
4.4463000000000195
4.42679999999997
4.404100000000017
4.38329999999999
4.363899999999961
4.339300000000008
4.319700000000005
4.300899999999998
4.2801999999999945
4.258900000000003
4.24000000000002
4.2196999999999925
4.201000000000014
4.179299999999988
4.15910000000001
4.1344
4.115400000000009
4.095500000000005
4.073800000000001
4.052200000000016
4.029299999999969
4.0138000000000105
