1728.0
1728.0
1710.6438
1691.2028
1671.5147
1651.4021
1631.7512
1615.1156
1598.4946
1581.6633
1561.875
1546.3848
1529.5507
1513.9203
1497.6605
1481.8024
1465.9866
1449.8004
1434.5809
1418.4044
1403.4675
1388.7621
1373.5348
1358.933
1343.1781
1328.686
1315.0804
1300.8677
1285.657
1271.8071
1257.7149
1244.1764
1231.9537
1218.107
1204.4181
1192.5834
1179.9559
1165.7575
1153.2285
1141.4699
1130.0021
1117.4659
1105.2436
1094.2948
1081.7571
1069.8602
1058.5439
1046.3057
1032.9282
1020.9245
1008.9358
996.5615
985.2231
975.033
964.917
956.9378
949.5491
943.3609
937.243
929.5107
923.2353
916.6545
909.4766
902.8354
896.3525
890.6459
884.0768
877.8384
871.8958
866.5373
860.9984
855.2945
849.2277
842.7681
836.5373
830.3994
825.8563
820.0239
814.1277
808.5501
802.3183
797.5546
792.492
787.079
781.7023
776.0805
770.7936
764.8374
760.4959
754.7902
749.4192
745.224
740.5631
735.8394
730.5667
724.8919
720.0694
715.3815
711.0365
706.1223
701.6757
696.6251
691.7793
687.6757
683.1158
678.373
674.091
669.8207
665.6802
660.1935
655.8954
651.5827
647.0032
642.6861
638.8031
634.1089
630.407
625.1402
620.716
616.2729
612.0086
606.5099
601.562
598.2904
594.4822
589.8598
585.3235
581.6032
578.9779
576.3897
574.156
571.096
568.6482
565.9148
563.6827
562.6101
560.8979
558.761
556.3313
554.2612
551.8503
549.836
546.8704
545.4918
543.2411
540.925
538.3232
535.9309
535.1117
533.0299
530.7815
529.2272
527.9374
525.211
523.1168
520.2706
517.4327
516.1273
514.0082
511.8106
509.9027
508.6277
506.9509
505.4548
503.3488
500.6445
498.4275
495.6277
494.1934
492.4722
490.3522
488.2478
486.7017
484.9691
483.2198
480.998
479.0777
477.0518
475.3212
473.2392
471.2979
469.4217
468.0106
465.2203
463.575
461.3868
459.445
457.2102
455.2463
453.7637
451.7247
450.3347
448.14
446.5878
444.933
443.048
440.7261
438.867
437.0883
435.0344
