5832.0
5832.0
5792.5222
5755.4661
5714.974
5674.1821
5636.0883
5597.1958
5561.7625
5524.2171
5487.84
5450.9358
5414.5522
5378.457
5343.8188
5310.2606
5277.9027
5248.3536
5212.9136
5179.3619
5146.0036
5110.5008
5075.1814
5039.909
5012.8291
4978.9293
4949.1301
4916.1048
4883.4177
4852.1341
4821.5366
4790.3791
4759.8824
4730.8004
4701.3293
4672.8997
4645.442
4617.3923
4590.1859
4562.1589
4532.0687
4502.6297
4472.1053
4440.8477
4411.3721
4383.2238
4355.9887
4329.1517
4299.9224
4272.8677
4247.2679
4217.5978
4191.6637
4160.3994
4122.0799
4087.3609
4045.5925
4004.8318
3963.3581
3927.2638
3883.6705
3842.7692
3805.2323
3767.0447
3727.2771
3690.1093
3652.1294
3614.8745
3578.4439
3542.8965
3505.562
3468.3129
3435.4917
3399.0762
3361.8974
3324.868
3292.9555
3257.1561
3222.8217
3191.0564
3155.038
3121.8305
3083.5683
3051.4223
3018.2832
2984.7938
2954.2128
2925.0975
2893.5763
2861.294
2832.4069
2803.2417
2772.4975
2746.3082
2717.0926
2689.7145
2660.4518
2629.8773
2600.116
2572.4173
2544.4339
2516.5855
2491.3995
2465.1119
2439.975
2412.7547
2384.9074
2360.6725
2337.4056
2310.6231
2282.0115
2257.165
2235.2872
2209.9342
2187.2232
2161.4561
2136.8001
2115.0783
2088.8367
2066.4153
2043.3751
2018.6674
1998.6828
1973.8035
1952.2286
1930.3904
1907.7739
1887.9326
1868.9617
1851.1022
1834.934
1819.3393
1802.8455
1786.152
1769.3931
1755.7855
1742.3139
1726.467
1713.2542
1698.3474
1682.8202
1669.2629
1656.1256
1640.0691
1626.2045
1612.048
1596.3187
1581.3298
1567.6701
1553.964
1539.5653
1526.7066
1514.3971
1502.188
1488.7387
1477.005
1463.0959
1451.4557
1439.4109
1428.2132
1415.8169
1404.4862
1391.72
1380.3379
1368.4591
1358.3279
1346.4682
1334.4083
1322.2432
1311.4168
1302.9297
1291.605
1281.7115
1270.7432
1258.9711
1249.3856
1237.4562
1225.5781
1217.2017
1206.6525
1196.2306
1184.9522
1175.7014
1165.8548
1154.8295
1144.0444
1133.3914
1124.2798
1115.5998
1105.2963
1095.0448
1084.6009
1074.437
1066.4243
1057.4656
1046.3406
1036.7011
1027.883
1018.8235
1010.3158
