169.0
169.0
167.7696
166.5285
165.3982
164.1168
162.7051
161.3217
159.7823
158.4906
157.165
155.6528
154.1238
152.6133
151.1463
149.8053
148.2705
146.813
145.191
143.7223
142.0588
140.5787
139.1778
137.5974
136.0317
134.6063
132.9134
131.4693
129.9665
128.3317
126.8397
125.2797
123.78
122.3998
120.7724
119.3349
117.8244
116.3219
114.9724
113.3832
111.8703
110.3466
108.7688
107.4047
105.8255
104.2755
102.9737
101.5322
100.1144
98.7382
97.3752
95.8545
94.501
93.1985
92.2205
91.5561
90.8639
90.2254
89.5251
88.785
88.1117
87.4465
86.7111
86.0257
85.3368
84.5502
83.8042
83.0419
82.3307
81.5943
80.9655
80.1956
79.4922
78.7309
78.0334
77.316
76.6252
75.7968
75.0842
74.3815
73.6439
72.8573
72.0562
71.3481
70.6191
69.8655
69.1187
68.3936
67.6295
66.9968
66.2879
65.5439
64.7878
64.11
63.4354
62.6985
61.9737
61.3166
60.6564
60.0112
59.2939
58.5144
57.8179
57.2283
56.6023
55.8718
55.1911
54.5287
53.8609
53.2412
52.5691
51.9441
51.3076
50.6738
49.9796
49.3563
48.834
48.3034
47.7109
47.0999
46.5139
45.9239
45.2983
44.7327
44.1644
43.6002
43.0416
42.4998
42.0997
41.6853
41.3875
41.0567
40.7057
40.4286
40.1498
39.8496
39.5942
39.3005
39.0103
38.7482
38.4832
38.2229
37.972
37.7539
37.4739
37.2214
36.9531
36.7
36.4363
36.188
35.9448
35.7104
35.5055
35.3042
35.0667
34.8499
34.6267
34.4384
34.215
33.9632
33.7606
33.5643
33.3598
33.1535
32.9718
32.7377
32.4778
32.2596
32.0873
31.8519
31.6205
31.377
31.1872
30.9718
30.7559
30.562
30.3952
30.2094
30.0115
29.8526
29.6345
29.4495
29.2801
29.0623
28.8909
28.7319
28.5406
28.3559
28.1912
27.9819
27.8286
27.6121
27.4435
27.2172
27.0346
26.8573
26.6594
26.4862
26.2829
26.147
