343.0
343.0
342.8942
342.9829
343.4726
344.0938
344.6024
345.1376
346.0003
346.2963
346.8306
347.7386
348.2203
348.4981
349.2806
349.7071
350.9099
351.8353
352.7837
353.4147
354.0357
355.2248
356.0461
357.4138
359.0109
360.6073
361.7201
363.1099
364.6414
366.1884
368.438
369.9289
371.8162
373.5295
374.8669
375.9505
377.2839
379.3491
381.513
382.4096
383.8863
385.4624
387.5491
390.0813
391.5106
393.3828
394.4345
396.5803
398.6454
400.5634
402.2149
404.9901
406.5042
407.8522
410.3789
413.795
416.6031
419.9193
422.4346
425.7901
429.404
432.8147
436.6592
440.3495
443.9315
447.6372
451.6606
454.4507
458.4133
462.3854
466.3577
469.9745
473.9352
477.6175
481.4433
485.3864
489.58
493.8248
498.097
502.4265
506.5006
510.4171
514.3468
518.2395
522.2059
526.2962
530.4254
534.7516
539.5003
544.0522
548.205
552.9545
557.9597
563.2277
567.5682
572.8297
577.8359
582.6994
587.7529
592.7051
597.8754
602.5722
608.0451
612.9377
618.2418
623.3469
629.7344
635.8492
641.7883
646.5198
651.5608
656.5295
661.6687
667.1124
673.0013
678.7341
684.1194
689.1081
694.6735
699.8371
705.3388
710.8173
716.5979
722.054
726.9882
733.1014
739.0616
744.3212
749.4629
754.2205
759.6385
764.662
769.6684
775.1825
781.2595
785.7131
791.8637
797.5201
804.0864
810.9162
817.4397
822.5754
828.2451
833.9596
839.8961
846.7724
853.4554
858.6537
864.8296
871.6555
877.0525
882.7663
889.136
894.4644
900.2155
907.3615
914.696
921.2563
927.248
934.672
942.9821
950.7708
958.1678
964.6184
971.3308
977.728
984.9941
992.0186
999.1865
1006.869
1013.9481
1022.1425
1029.7957
1036.911
1043.1799
1051.0217
1059.5645
1066.2834
1073.5772
1080.9591
1088.7043
1097.0934
1105.4195
1114.3754
1121.6446
1128.5488
1136.5851
1146.4337
1154.2527
1161.4017
1167.0558
1175.0463
1182.9821
1190.9133
1199.901
1208.0089
1216.7061
1224.1592
1232.0438
1240.7795
