125.0
125.0
126.5256
127.9175
129.7769
131.2201
132.9611
134.3045
135.6534
137.0527
138.5901
139.8515
141.3519
142.7211
144.4868
145.849
147.43
149.1321
150.6769
152.0876
153.4839
155.1335
156.2991
158.3254
159.9742
161.3685
162.8848
164.6785
166.1055
167.5956
169.1862
170.4864
172.0238
173.8782
175.5187
176.8739
178.3636
179.6758
181.3662
182.7788
184.7611
186.2945
187.9223
189.6628
191.1866
193.0032
194.5786
196.5276
198.5055
200.1817
201.6603
203.7975
205.3437
206.584
206.9317
207.648
208.5089
209.0173
209.5599
209.9772
210.6895
211.382
211.8106
212.5327
212.959
213.6216
214.0974
214.0721
214.8667
216.091
216.8577
217.7207
218.8139
219.6388
220.4709
221.9327
223.2633
223.9519
224.9599
226.0291
226.5415
227.6706
228.6565
230.0576
230.9135
232.7545
233.4073
234.263
235.1595
236.4902
237.8143
239.0182
239.4373
240.5194
241.8838
243.3653
244.4883
245.2969
246.4383
248.2318
248.8625
249.0116
249.7108
250.4584
251.4648
252.9083
254.8151
255.9609
256.7887
257.6008
258.5797
259.3996
260.5645
261.6591
262.954
264.6537
265.7136
266.8844
268.8132
269.7713
270.4212
270.8658
271.9029
273.0371
273.6078
274.7507
275.9095
276.9191
276.8215
276.4025
276.0206
276.5222
276.4088
276.4978
276.2487
276.2565
276.3346
275.8503
275.2681
275.3569
274.4569
274.3207
274.8603
275.2475
275.0468
275.7515
275.791
276.4055
277.059
277.0179
276.5448
276.8057
276.3458
276.8018
276.6388
276.7284
276.1168
275.7673
275.9567
275.3985
275.135
275.4497
274.9066
274.5367
274.0054
274.1123
274.0227
273.759
273.2427
273.0145
271.6922
270.9863
271.0643
270.7443
269.7187
269.5373
268.5121
267.9834
268.7317
268.4404
268.2277
268.1823
267.3896
267.8439
267.6327
268.32
267.7119
266.7457
266.2928
266.2097
265.9854
265.4263
264.3582
263.582
263.2646
263.1817
262.8835
263.0137
262.9136
263.2719
