729.0
729.0
699.521
671.2007
644.7507
617.6407
592.6996
569.3535
545.4565
522.6531
502.2073
482.3486
464.6285
446.2749
429.3491
412.2433
395.6138
379.4353
365.0397
350.3362
337.3513
324.7015
312.3611
299.8932
286.6403
275.1685
263.7543
253.6393
244.7013
235.8216
227.4442
218.2832
210.2652
201.7193
193.9087
186.0015
179.1911
172.3528
165.4736
159.4074
153.3451
148.236
142.2688
137.0353
131.8443
127.3574
122.2071
118.1851
113.9309
109.8961
106.2513
102.0796
98.0043
94.5188
94.0461
94.1062
93.4808
93.3583
93.006
92.862
92.7546
92.9169
92.8759
92.5388
92.4023
91.8625
91.9886
91.6215
91.3353
91.1801
91.1342
90.4925
89.8502
89.3678
89.7948
89.7834
89.923
89.5791
89.3502
89.0953
89.1049
89.151
89.2017
89.0611
88.8855
88.6395
88.5879
88.5744
88.1657
87.5765
87.4335
87.3592
86.9716
86.4472
85.8639
85.424
85.5067
85.1958
84.9525
84.6448
84.5687
84.52
84.3478
83.9224
83.443
83.3786
82.9844
82.799
82.7749
82.444
82.0229
82.2859
81.9548
81.5463
81.1855
80.5537
80.372
80.2458
79.7283
79.5496
79.6996
79.5803
79.1821
79.4242
79.2585
79.0012
78.5876
78.5
78.3964
78.1587
77.2387
76.2815
75.7367
75.117
74.8039
74.9066
74.9531
74.598
74.2955
74.2389
73.7125
73.5945
73.4309
73.3577
73.3149
72.5343
72.1731
71.6337
71.3219
71.3829
71.0071
70.7546
70.232
69.5663
69.0897
69.0008
68.8655
68.5756
68.2465
68.0179
67.6751
67.1754
66.9921
67.007
66.8139
66.4335
66.3126
65.9144
65.2864
65.1418
64.9268
64.8698
64.8575
64.8207
64.1981
64.0371
63.93
63.7003
63.7006
64.2936
64.1967
64.1982
63.8645
63.9992
64.1161
64.1365
64.019
63.9497
63.8955
63.6453
63.1565
62.7968
62.0505
61.5749
61.2559
60.9867
60.9212
60.9455
60.255
59.9708
