5.0
5.0
4.95349999999999
4.90360000000001
4.848000000000009
4.800100000000019
4.750699999999989
4.701400000000024
4.656799999999991
4.613000000000028
4.567899999999993
4.517900000000025
4.4763000000000055
4.428100000000016
4.383300000000014
4.336500000000004
4.300199999999985
4.253799999999984
4.210800000000023
4.167200000000002
4.123500000000002
4.0830000000000055
4.041799999999984
3.9973
3.9580999999999977
3.9111999999999987
3.8707
3.8305
3.7875999999999985
3.7494999999999985
3.707900000000003
3.6693999999999987
3.6288000000000014
3.5885999999999987
3.542900000000009
3.5065999999999993
3.4721999999999973
3.440799999999997
3.4035999999999964
3.368899999999995
3.3313999999999995
3.2935999999999925
3.2575999999999983
3.2242000000000104
3.1936999999999935
3.158599999999999
3.1203999999999983
3.0813000000000015
3.048600000000004
3.018799999999997
2.990700000000005
2.9588000000000005
2.9330000000000003
2.906699999999997
2.891600000000008
2.8829000000000002
2.8775999999999873
2.8710000000000018
2.8596999999999952
2.8547000000000025
2.842400000000001
2.8342000000000125
2.8213999999999966
2.814099999999999
2.8067999999999973
2.796500000000001
2.78849999999999
2.7783000000000055
2.76989999999999
2.7594999999999987
2.7511999999999883
2.7439000000000084
2.732899999999999
2.7235999999999985
2.7189999999999954
2.7123999999999926
2.7012999999999945
2.6929000000000016
2.6887999999999943
2.680100000000005
2.6729000000000105
2.6672000000000007
2.6618000000000004
2.653400000000005
2.6448000000000005
2.6408999999999985
2.6304999999999996
2.6224
2.6162999999999994
2.6074000000000086
2.602400000000008
2.5945000000000067
2.5908999999999995
2.5827999999999993
2.5747000000000093
2.5697999999999914
2.5677000000000043
2.5592000000000006
2.5522999999999967
2.5438000000000027
2.538900000000003
2.5313999999999988
2.529599999999997
2.524600000000003
2.5157999999999916
2.5084000000000093
2.499799999999992
2.4969000000000086
2.492000000000003
2.486699999999997
2.479799999999998
2.4763999999999995
2.468700000000012
2.4606999999999966
2.4563000000000077
2.4531999999999883
2.4468999999999976
2.4458
2.4415000000000036
2.435799999999987
2.430300000000003
2.420900000000005
2.417600000000005
2.4149000000000007
2.4090999999999916
2.4056999999999897
2.4026000000000103
2.39829999999999
2.386400000000008
2.3709
2.352700000000006
2.342599999999994
2.327200000000006
2.3148000000000013
2.302300000000005
2.2912000000000075
2.281500000000005
2.2673000000000076
2.252300000000011
2.241200000000011
2.2266000000000106
2.213800000000007
2.199900000000007
2.186800000000004
2.1731000000000176
2.1626000000000043
2.1542
2.140999999999993
2.1303999999999994
2.1160000000000023
2.1018999999999903
2.0877000000000105
2.080999999999995
2.0742999999999925
2.0637000000000043
2.0545999999999993
2.0415000000000054
2.0308000000000024
2.016800000000005
2.0043999999999964
1.9908999999999986
1.9783000000000008
1.9686999999999992
1.9591
1.9503999999999986
1.9349000000000007
1.9241999999999997
1.9122999999999992
1.902
1.8851999999999989
1.8738999999999992
1.8601
1.8533000000000017
1.847999999999999
1.8359000000000014
1.8259
1.8167
1.8057999999999996
1.7979999999999996
1.7868999999999986
1.777300000000003
1.7695999999999985
1.7628999999999997
1.7567
1.7480000000000016
1.7418999999999993
1.7314000000000007
1.7233999999999994
1.7112999999999994
1.7045999999999992
1.6990000000000023
1.6867999999999972
1.6776000000000029
1.6679999999999986
1.6598999999999988
1.6533999999999989
1.6453000000000007
1.6362999999999988
1.6227999999999982
1.6129999999999984
