225.0
225.0
227.2695
229.3811
231.3468
233.2761
235.0519
236.6027
238.0921
239.4803
240.8961
242.2512
243.5454
244.7147
245.8712
246.8692
247.8206
248.879
249.7996
250.8101
251.5751
252.3642
253.0364
253.691
254.3183
254.9608
255.4172
255.9984
256.5994
257.1949
257.5448
258.001
258.4693
258.9052
259.3854
259.7561
260.1196
260.5525
260.8887
261.1636
261.4109
261.759
262.0435
262.2942
262.6414
262.939
263.1624
263.2769
263.4309
263.6326
263.8447
264.0493
264.2035
264.3041
264.3765
264.4514
264.3831
264.5039
264.5266
264.4745
264.5608
264.6619
264.6332
264.7014
264.76
264.8426
264.8409
264.8612
264.8609
264.9251
264.9209
264.9699
265.0408
265.1324
265.1385
265.2495
265.1866
265.2237
265.1922
265.2156
265.2822
265.3266
265.3424
265.346
265.36
265.4003
265.3856
265.4451
265.4249
265.3772
265.3702
265.3377
265.4049
265.4134
265.4244
265.4074
265.3871
265.3517
265.2726
265.2715
265.2601
265.2306
265.2474
265.2749
265.2724
265.2679
265.2662
265.1297
265.163
265.1378
265.1988
265.1687
265.3025
265.3464
265.3976
265.417
265.3872
265.4723
265.3623
265.3454
265.456
265.4894
265.4815
265.4198
265.4524
265.3624
265.3408
265.2699
265.0442
264.7099
264.3109
263.7065
263.219
262.4525
261.8284
261.1921
260.5497
259.8121
259.128
258.5157
257.7807
257.0595
256.3565
255.6077
254.9396
254.1845
253.5634
252.913
252.2352
251.5965
250.8151
250.1067
249.2717
248.5519
247.8676
247.0951
246.3286
245.5427
244.9444
244.2272
243.5152
242.7878
242.0343
241.2296
240.4677
239.5361
238.6714
237.8367
236.998
236.3469
235.6433
234.8663
234.1913
233.413
232.6002
231.7962
231.1552
230.3547
229.5467
228.8196
227.9415
227.1788
226.404
225.6719
225.0396
224.2804
223.5455
222.8354
222.1237
221.4799
220.5883
219.7718
219.0808
218.3455
217.5886
216.799
216.04
215.2276
214.4108
213.7122
