15.0
15.0
15.009799999999991
15.020099999999994
15.0297
15.041300000000005
15.052299999999994
15.058999999999994
15.070800000000004
15.081300000000011
15.091400000000009
15.1029
15.114400000000003
15.125800000000003
15.13579999999999
15.148
15.1605
15.1706
15.1833
15.1949
15.2092
15.221099999999995
15.2338
15.245
15.257199999999997
15.267500000000004
15.276600000000006
15.287400000000003
15.295500000000002
15.305000000000005
15.3172
15.327800000000005
15.338799999999994
15.3479
15.354899999999994
15.3644
15.373300000000002
15.382000000000003
15.3939
15.405000000000006
15.413299999999994
15.4232
15.429800000000006
15.437000000000003
15.443399999999993
15.4536
15.4611
15.470200000000006
15.4782
15.486100000000006
15.4923
15.5005
15.508200000000002
15.5128
15.52
15.5263
15.531100000000006
15.537100000000002
15.542000000000003
15.5473
15.551799999999997
15.5559
15.562099999999994
15.5658
15.569499999999998
15.5751
15.5791
15.5847
15.59
15.5952
15.601600000000007
15.6083
15.611800000000006
15.616800000000003
15.6209
15.625800000000003
15.629
15.633400000000005
15.6372
15.6429
15.6481
15.6529
15.6556
15.660100000000003
15.664399999999997
15.665199999999997
15.6681
15.6712
15.674800000000003
15.6773
15.680400000000002
15.6834
15.6861
15.6908
15.693599999999996
15.6972
15.7016
15.7054
15.7075
15.711
15.7142
15.7174
15.721
15.723099999999997
15.7273
15.7302
15.7344
15.7367
15.7396
15.7424
15.7472
15.7483
15.7502
15.7529
15.756100000000004
15.7604
15.7624
15.7651
15.7673
15.7697
15.7722
15.7741
15.777
15.7802
15.7835
15.7858
15.7873
15.7907
15.7938
15.7946
15.797
15.7988
15.8005
15.8027
15.806
15.8077
15.809500000000003
15.8118
15.8133
15.8151
15.8176
15.819
15.8202
15.8224
15.8243
15.826099999999997
15.8264
15.8261
15.826199999999996
15.8268
15.8281
15.829299999999996
15.8309
15.8313
15.8321
15.8328
15.8337
15.833299999999998
15.8343
15.8349
15.8362
15.8389
15.8411
15.8419
15.8425
15.843
15.8442
15.8455
15.8458
15.8475
15.8482
15.8497
15.8501
15.8495
15.8498
15.8502
15.8508
15.8522
15.8545
15.8555
15.8549
15.8558
15.8571
15.8576
15.859
15.8586
15.8607
15.8619
15.8637
15.8634
15.8653
15.8669
15.8669
15.868
15.8671
15.8689
15.8693
15.8708
15.8705
15.8703
