289.0
289.0
291.4027
293.994
296.4829
298.8678
301.2686
303.879
306.4088
308.9192
311.4532
314.0437
316.5517
319.0514
321.6775
324.3124
326.9692
329.5202
332.1284
334.9099
337.9229
340.768
343.8256
346.6909
349.4519
352.1542
354.8914
357.504
360.3114
363.2984
366.1495
368.827
371.6915
374.6087
377.4112
380.4847
383.6169
386.4078
389.1641
392.2565
395.1554
398.1109
400.9632
403.8234
406.767
409.5901
412.6039
415.6142
418.5115
421.5694
424.5623
427.8968
430.7942
433.7684
436.2305
438.3041
440.4289
442.5422
444.4253
446.4293
448.4996
450.4907
452.6915
454.4558
456.3429
458.1701
460.1671
462.2059
464.2617
466.5849
468.5691
470.5375
472.6675
474.6167
476.6362
478.5428
480.4822
482.3993
484.3289
486.0125
488.0214
489.9452
491.6815
493.6497
495.347
497.3363
499.3643
501.639
503.5475
505.6188
507.5971
509.6834
511.4456
513.5169
515.3395
517.1842
519.2637
521.1192
522.8771
524.8609
527.0945
528.653
530.4
532.2593
534.0993
536.0246
537.841
539.7503
541.7526
543.4602
545.2193
547.1772
548.9714
550.7755
552.4618
554.3343
556.1477
557.9799
559.7195
561.7552
563.3548
565.174
566.7252
568.5904
570.2999
571.9958
573.866
575.942
578.2052
580.308
582.454
584.4118
586.8663
589.1925
591.2762
593.1969
595.306
597.5685
599.8518
602.1533
604.6353
606.8362
609.1301
611.3812
613.5743
615.8748
617.7266
619.9498
622.206
624.4661
626.9273
628.7558
631.1872
633.6479
635.4204
637.2766
639.4205
641.5264
643.6712
645.7599
647.8668
650.2835
652.4591
654.5795
656.7406
658.8959
661.1413
663.2359
665.3704
667.4384
669.7522
671.7406
674.2049
676.2305
678.5239
680.6809
682.5448
684.4487
686.6375
689.0599
691.0524
693.209
695.1303
697.231
699.3466
701.4926
703.7741
705.4152
707.5067
709.2602
711.3221
713.3117
715.3871
717.407
719.2024
721.3556
723.3491
725.3447
727.1148
729.0233
