9.0
9.0
8.9074
8.8259
8.7486
8.6731
8.5784
8.5005
8.4328
8.3708
8.3143
8.252
8.1975
8.136
8.076
8.0366
7.9911
7.959
7.9038
7.8571
7.8232
7.7589
7.7292
7.6774
7.6522
7.6284
7.5761
7.5432
7.5172
7.4738
7.4444
7.4261
7.3853
7.3624
7.3165
7.2957
7.2801
7.2375
7.2392
7.2217
7.2105
7.2
7.1602
7.1278
7.1212
7.1033
7.0904
7.0745
7.069
7.0735
7.0532
7.056
7.0382
7.0222
7.0158
7.0354
7.0461
7.0446
7.0451
7.0412
7.0602
7.0632
7.08
7.1115
7.13
7.1435
7.1304
7.1536
7.1642
7.1663
7.1943
7.1897
7.2172
7.2287
7.2416
7.252
7.2559
7.2621
7.2897
7.2872
7.3114
7.3188
7.3324
7.3553
7.394
7.4126
7.4282
7.4402
7.4635
7.4818
7.4935
7.5208
7.5389
7.5594
7.5965
7.6094
7.6152
7.6282
7.6487
7.649
7.6553
7.6703
7.6941
7.734
7.7692
7.8117
7.835
7.8659
7.8817
7.8789
7.8981
7.9161
7.952
7.9788
8.0128
8.0296
8.0502
8.0605
8.0916
8.0939
8.1332
8.1428
8.1753
8.2128
8.2444
8.281
8.3125
8.3402
8.3511
8.3404
8.3935
8.4168
8.3975
8.416
8.455
8.4637
8.4697
8.4891
8.4965
8.5091
8.5432
8.5481
8.5389
8.5516
8.5641
8.5751
8.5838
8.591
8.5843
8.6128
8.6344
8.6513
8.6448
8.6666
8.6642
8.6697
8.6706
8.6958
8.7162
8.7478
8.7686
8.8119
8.8263
8.8455
8.8476
8.8361
8.84
8.8263
8.8491
8.8533
8.8537
8.8747
8.8837
8.8839
8.8668
8.876
8.8732
8.8634
8.8687
8.8788
8.9066
8.9095
8.9205
8.9178
8.9175
8.9265
8.9398
8.9613
8.9873
8.9932
9.0003
9.0278
9.0438
9.0308
9.0683
9.0778
9.0652
9.0426
9.0217
9.0199
