15.0
15.0
15.013299999999994
15.024300000000006
15.038799999999988
15.056099999999994
15.0708
15.084100000000007
15.0982
15.1095
15.128300000000007
15.1446
15.158999999999994
15.177599999999996
15.1884
15.2028
15.21219999999999
15.229199999999993
15.246899999999995
15.2583
15.273300000000011
15.278200000000004
15.292299999999994
15.302999999999997
15.315499999999995
15.3351
15.348099999999993
15.3592
15.3648
15.380099999999992
15.3931
15.401499999999992
15.4114
15.424499999999997
15.4362
15.4548
15.468399999999994
15.481100000000005
15.490899999999995
15.502
15.508399999999996
15.512199999999995
15.5197
15.5247
15.5327
15.5414
15.5491
15.5556
15.5658
15.5686
15.5795
15.589599999999997
15.5968
15.605299999999998
15.6158
15.626299999999997
15.6351
15.646300000000004
15.6559
15.6695
15.6822
15.6917
15.7005
15.713500000000005
15.724000000000006
15.7356
15.7455
15.7553
15.7677
15.7784
15.7859
15.7961
15.802
15.8131
15.82
15.8283
15.8361
15.8455
15.8538
15.8617
15.8683
15.8751
15.879
15.8837
15.8908
15.8995
15.904
15.9093
15.9133
15.9192
15.9265
15.93
15.938
15.9419
15.947
15.9525
15.957
15.9615
15.9682
15.9728
15.9764
15.980899999999995
15.985900000000003
15.992899999999992
15.999800000000064
16.003299999999903
16.007400000000036
16.01110000000011
16.015800000000006
16.019999999999975
16.02469999999997
16.030200000000008
16.03279999999994
16.037300000000062
16.04010000000016
16.04470000000004
16.04979999999994
16.04969999999997
16.050700000000063
16.056600000000042
16.064200000000042
16.070399999999967
16.073400000000113
16.07830000000009
16.08140000000004
16.082900000000137
16.082899999999967
16.084700000000023
16.069699999999862
16.055699999999977
16.04130000000001
16.024299999999943
16.011599999999955
16.0015
15.9878
15.9773
15.9659
15.9528
15.9372
15.927
15.913
15.8993
15.8873
15.8728
15.8568
15.8417
15.8276
15.8134
15.7983
15.7882
15.7768
15.7642
15.753
15.7385
15.7213
15.7109
15.6969
15.678999999999995
15.6678
15.653900000000004
15.633000000000003
15.6162
15.6019
15.584400000000002
15.580000000000004
15.5627
15.5427
15.526800000000005
15.512099999999995
15.4957
15.481500000000002
15.4678
15.4525
15.4395
15.4267
15.4106
15.3941
15.3809
15.368700000000006
15.355100000000004
15.3382
15.323099999999997
15.307000000000006
15.288599999999994
15.275899999999996
15.261400000000004
15.245
15.23569999999999
15.220499999999994
15.2055
15.187999999999997
15.1726
15.154300000000006
15.139700000000008
15.124900000000004
15.1082
15.0932
15.0795
15.057899999999988
15.039199999999994
