529.0
529.0
526.9657
525.2
523.3526
521.4763
519.7922
517.9055
516.3731
514.57
512.9522
511.2886
509.7434
508.1998
506.6377
505.0658
503.6503
502.0583
500.7377
499.3575
498.0936
496.5777
495.036
493.8814
492.4128
491.316
489.8106
488.7238
487.2959
486.0226
484.6123
483.4562
482.1746
481.024
479.7619
478.4123
477.0149
475.9767
474.6872
473.4836
472.3311
470.9536
469.8323
468.5502
467.4514
466.0309
464.845
463.6601
462.4254
461.3091
460.1885
459.0687
457.9825
456.7533
455.7711
454.5884
453.6991
452.9571
452.1513
451.0904
450.2596
449.2247
448.2719
447.191
446.412
445.5559
444.8502
444.131
443.2961
442.6326
441.7208
440.9083
439.9493
439.0689
438.2102
437.4695
436.7438
436.0166
435.1348
434.257
433.5551
432.8696
432.1861
431.4466
430.5169
429.9424
429.0711
428.3375
427.4738
426.5122
425.6641
425.0103
424.2852
423.5884
422.7873
421.765
420.8388
420.0469
419.5016
418.8557
417.9733
417.1934
416.3628
415.7051
414.9245
414.327
413.5603
412.7281
411.8848
411.0448
410.3372
409.6492
408.8399
408.1724
407.5413
406.877
406.1465
405.4346
404.8424
404.0446
403.2992
402.5823
401.8761
401.0094
400.2475
399.4312
398.6198
397.7227
396.4424
395.0104
393.3999
391.9082
390.4835
389.0779
387.6168
385.9124
384.413
382.8333
381.5261
380.1402
378.4389
376.9954
375.7075
374.0775
372.4606
370.7824
369.3331
367.6712
366.1196
364.6219
363.0145
361.4884
359.982
358.4157
356.8156
355.2031
353.5202
351.8432
350.229
348.7329
347.3314
345.8174
344.3052
342.8871
341.4051
339.8407
338.2878
336.8415
335.3177
333.9827
332.6534
331.1193
329.7176
328.2592
326.9252
325.563
324.2572
323.0131
321.3521
319.8979
318.3936
316.8959
315.4248
314.0393
312.7198
311.3225
309.8263
308.3257
307.1225
305.7427
304.4486
303.0138
301.5537
300.2334
298.977
297.6298
296.1041
294.5725
293.0837
291.7139
