12.0
12.0
11.954400000000005
11.903000000000024
11.850500000000036
11.797099999999986
11.74400000000005
11.698400000000012
11.65180000000002
11.604300000000014
11.54879999999999
11.5044
11.456500000000018
11.411700000000014
11.364500000000005
11.317600000000018
11.270999999999969
11.223599999999978
11.17690000000002
11.127199999999997
11.081699999999989
11.036699999999982
10.989399999999973
10.9442
10.89370000000002
10.847799999999998
10.803999999999993
10.757899999999994
10.7086
10.6617
10.614299999999997
10.566200000000007
10.523499999999983
10.47559999999998
10.427699999999996
10.385399999999972
10.340500000000022
10.290699999999937
10.245300000000016
10.20109999999998
10.15790000000005
10.110700000000014
10.066000000000034
10.024599999999971
9.977099999999956
9.930799999999989
9.885499999999984
9.838099999999995
9.785399999999976
9.737300000000012
9.689200000000007
9.638900000000062
9.593100000000044
9.549600000000014
9.508799999999992
9.477199999999991
9.44690000000004
9.420699999999993
9.394
9.36210000000002
9.335700000000017
9.30689999999996
9.274999999999936
9.24519999999994
9.217100000000015
9.191900000000029
9.164600000000005
9.135600000000018
9.107799999999976
9.08089999999996
9.054199999999996
9.028100000000007
8.999699999999974
8.971500000000024
8.942899999999998
8.9136
8.8897
8.85990000000004
8.832300000000014
8.805900000000007
8.776899999999953
8.75260000000004
8.725799999999994
8.698400000000003
8.67009999999996
8.642099999999983
8.612999999999966
8.58419999999998
8.560899999999947
8.53239999999998
8.50380000000006
8.481000000000053
8.453900000000033
8.430000000000069
8.401299999999999
8.371299999999998
8.345200000000004
8.31809999999999
8.293100000000024
8.264700000000019
8.23890000000005
8.21210000000003
8.184299999999954
8.16070000000008
8.136800000000024
8.111799999999977
8.08560000000006
8.057900000000014
8.031600000000017
8.00250000000001
7.9794
7.9531
7.924
7.8987
7.874299999999997
7.847500000000003
7.823
7.793599999999997
7.767400000000001
7.7415
7.7162
7.684100000000002
7.655599999999999
7.632400000000004
7.606600000000001
7.580800000000009
7.553500000000003
7.527399999999997
7.5067
7.4888999999999974
7.4722
7.451200000000009
7.431600000000006
7.412599999999997
7.395100000000003
7.3821
7.3661
7.349000000000003
7.3301000000000025
7.313200000000007
7.2945
7.279400000000006
7.2604
7.246799999999997
7.2293
7.212400000000004
7.194200000000008
7.177299999999991
7.165699999999998
7.149700000000009
7.130899999999988
7.117399999999984
7.103200000000003
7.082799999999991
7.065800000000008
7.045000000000006
7.025300000000006
7.009900000000003
6.9932
6.975999999999997
6.9586999999999986
6.944899999999997
6.928900000000003
6.913599999999994
6.895000000000006
6.8757000000000055
6.856500000000012
6.834099999999994
6.818199999999986
6.801000000000003
6.783400000000012
6.7658
6.751500000000002
6.733700000000002
6.716600000000003
6.698000000000015
6.6797000000000075
6.662600000000006
6.646199999999997
6.625799999999998
6.608100000000021
6.590700000000009
6.578199999999991
6.555699999999991
6.541200000000006
6.522599999999986
6.505000000000012
6.486000000000001
6.467900000000001
6.451100000000012
6.431700000000002
6.413900000000021
6.395999999999998
6.380400000000017
6.3683999999999905
6.348800000000007
6.3296999999999946
6.312000000000009
6.294900000000001
6.277400000000008
