7.0
7.0
6.995000000000009
6.991300000000004
6.990199999999999
6.989800000000003
6.989000000000006
6.9884
6.989499999999997
6.986699999999988
6.9852
6.986599999999993
6.984700000000005
6.981699999999997
6.982400000000005
6.980499999999994
6.9833000000000025
6.985300000000004
6.9863
6.9861000000000075
6.9849000000000085
6.9872
6.9877
6.991599999999986
6.996300000000007
7.0003000000000055
7.002500000000003
7.0063
7.011400000000012
7.016400000000003
7.023799999999994
7.029099999999995
7.036600000000004
7.0429
7.0459000000000085
7.046500000000007
7.050299999999998
7.058099999999988
7.0674000000000055
7.068800000000006
7.0724999999999945
7.077200000000001
7.085500000000009
7.095899999999997
7.099600000000011
7.106400000000006
7.108699999999999
7.115500000000007
7.124399999999992
7.130200000000001
7.135899999999988
7.1469
7.150800000000017
7.154799999999997
7.167500000000001
7.184000000000003
7.198500000000003
7.215899999999996
7.228600000000005
7.244499999999994
7.262000000000003
7.278500000000005
7.298
7.315699999999997
7.333099999999997
7.350599999999994
7.3696
7.3835
7.4029
7.422799999999997
7.4417
7.4603
7.4778
7.494700000000002
7.513500000000001
7.532000000000003
7.5514000000000046
7.570399999999996
7.590399999999997
7.608899999999998
7.628199999999995
7.6465
7.663600000000003
7.6827
7.6999
7.718
7.736
7.755399999999997
7.776100000000001
7.7968
7.814400000000003
7.8347
7.8563
7.8791
7.8984
7.921300000000003
7.942100000000006
7.962399999999995
7.983099999999989
8.004499999999995
8.026199999999958
8.045400000000035
8.066700000000022
8.08609999999997
8.107200000000013
8.127899999999972
8.151799999999998
8.176000000000053
8.200300000000006
8.21880000000001
8.239599999999987
8.259500000000047
8.280099999999992
8.30220000000005
8.32370000000001
8.346300000000022
8.368200000000039
8.38769999999998
8.407900000000037
8.427100000000063
8.447199999999995
8.46930000000005
8.49050000000002
8.511799999999969
8.529600000000002
8.551000000000013
8.571200000000024
8.591000000000049
8.608700000000047
8.626300000000011
8.643699999999988
8.661400000000047
8.67760000000002
8.695099999999963
8.71630000000005
8.731700000000044
8.7497
8.76850000000003
8.789400000000025
8.812799999999951
8.833500000000049
8.850000000000032
8.868899999999961
8.887000000000011
8.90689999999997
8.930599999999961
8.951799999999986
8.968500000000041
8.987200000000005
9.009099999999945
9.027100000000047
9.046299999999983
9.06499999999997
9.082200000000002
9.099700000000011
9.121899999999972
9.14479999999998
9.165700000000024
9.18440000000001
9.204399999999993
9.228500000000045
9.252599999999958
9.274999999999947
9.294800000000025
9.31420000000007
9.3334
9.35449999999998
9.37279999999999
9.395300000000018
9.416999999999973
9.436499999999977
9.45830000000003
9.480699999999985
9.501599999999987
9.521500000000005
9.54349999999994
9.566900000000034
9.586199999999963
9.606799999999915
9.629099999999926
9.650500000000042
9.673200000000033
9.697099999999988
9.721400000000065
9.741399999999937
9.75939999999997
9.782100000000012
9.807499999999989
9.828899999999967
9.84750000000004
9.865199999999989
9.885899999999967
9.906499999999967
9.927299999999951
9.95159999999996
9.9739
9.995099999999985
10.014199999999967
10.035199999999989
10.05770000000001
