1.0
1.0
0.8994
0.8157
0.7402
0.6775
0.6303
0.5744
0.5479
0.5048
0.4558
0.4373
0.4184
0.3998
0.372
0.3654
0.3673
0.3492
0.3382
0.3327
0.3298
0.3216
0.3018
0.311
0.3076
0.3077
0.3045
0.2933
0.2981
0.3067
0.2973
0.2975
0.3063
0.3166
0.3171
0.3177
0.3357
0.3296
0.3375
0.3491
0.3539
0.3582
0.3572
0.3673
0.3738
0.3748
0.3621
0.3829
0.4076
0.4245
0.4373
0.4419
0.4472
0.453
0.4569
0.4859
0.4906
0.4936
0.5171
0.522
0.5286
0.5407
0.5485
0.5672
0.5702
0.5799
0.5877
0.5678
0.5576
0.5563
0.5507
0.5516
0.5526
0.5425
0.5322
0.52
0.508
0.511
0.4975
0.5054
0.4957
0.4925
0.4911
0.4721
0.4779
0.4511
0.4474
0.438
0.4295
0.425
0.4215
0.4136
0.4106
0.4099
0.4005
0.4009
0.3917
0.391
0.3947
0.3729
0.3709
0.3658
0.372
0.3665
0.3704
0.3613
0.3531
0.3475
0.3449
0.3386
0.3389
0.3197
0.3105
0.3
0.3029
0.3067
0.3013
0.3013
0.2926
0.2874
0.286
0.2865
0.2839
0.2861
0.2868
0.2805
0.2779
0.2744
0.2876
0.2947
0.3062
0.3128
0.3208
0.3256
0.343
0.3621
0.3656
0.3912
0.4089
0.4236
0.4428
0.4626
0.4951
0.5037
0.5216
0.5381
0.548
0.5737
0.5933
0.6165
0.6365
0.6565
0.6694
0.6911
0.7117
0.7345
0.7677
0.7994
0.8194
0.8323
0.8586
0.8763
0.9003
0.9103
0.9398
0.9556
0.9664
0.9903
1.0159
1.0141
1.0286
1.0605
1.0898
1.1253
1.1554
1.1799
1.1874
1.219
1.2359
1.2401
1.2663
1.324
1.3463
1.3738
1.3783
1.3988
1.445
1.4978
1.5153
1.5513
1.5893
1.6143
1.6532
1.675
1.7035
1.7206
1.7564
1.8046
1.8021
1.8032
