1.0
1.0
0.8532
0.7311000000000022
0.631600000000001
0.5515
0.4808999999999998
0.4226000000000002
0.3774999999999999
0.33439999999999925
0.2980000000000014
0.26809999999999784
0.2438
0.2258000000000002
0.20880000000000037
0.19500000000000017
0.18490000000000006
0.17759999999999976
0.16839999999999922
0.16349999999999965
0.16119999999999982
0.15900000000000009
0.1517999999999991
0.14960000000000004
0.1468000000000001
0.14569999999999983
0.14490000000000033
0.14390000000000003
0.14329999999999982
0.14589999999999922
0.14549999999999985
0.14629999999999968
0.14550000000000043
0.14919999999999992
0.14970000000000006
0.15089999999999978
0.15449999999999972
0.1520000000000002
0.15509999999999977
0.15710000000000013
0.15950000000000017
0.16380000000000006
0.16400000000000103
0.16749999999999982
0.17040000000000033
0.17260000000000011
0.17070000000000043
0.17169999999999996
0.17720000000000022
0.17610000000000042
0.17810000000000012
0.17729999999999976
0.17900000000000024
0.18180000000000002
0.18329999999999932
0.19010000000000038
0.19719999999999957
0.20320000000000016
0.20870000000000027
0.2124000000000001
0.2129999999999997
0.21370000000000022
0.2149000000000001
0.21739999999999965
0.2168
0.22049999999999986
0.2223
0.2191999999999998
0.21860000000000013
0.21790000000000037
0.21650000000000055
0.21560000000000024
0.21540000000000023
0.21130000000000018
0.2106000000000004
0.21100000000000027
0.2092
0.21099999999999955
0.20770000000000013
0.2077999999999999
0.20470000000000035
0.20389999999999991
0.20130000000000003
0.2002999999999997
0.19830000000000042
0.19310000000000033
0.19300000000000053
0.19319999999999954
0.1894999999999995
0.18740000000000084
0.18569999999999978
0.1813999999999997
0.18079999999999985
0.17589999999999992
0.17549999999999985
0.17169999999999933
0.16909999999999983
0.1671999999999998
0.1667
0.1640999999999997
0.1608999999999999
0.1581999999999995
0.15900000000000014
0.15769999999999923
0.1580000000000001
0.15730000000000033
0.15929999999999994
0.1579000000000006
0.15890000000000007
0.1550000000000002
0.15409999999999976
0.14869999999999955
0.14369999999999983
0.14100000000000038
0.14209999999999978
0.14290000000000128
0.1428999999999999
0.14109999999999967
0.13840000000000033
0.1374000000000006
0.13719999999999974
0.13530000000000014
0.1344999999999999
0.1337000000000009
0.13500000000000012
0.13290000000000002
0.13510000000000033
0.13640000000000016
0.13999999999999993
0.14409999999999984
0.14900000000000038
0.1537999999999997
0.15760000000000074
0.16239999999999985
0.16959999999999967
0.17670000000000077
0.1808000000000003
0.18899999999999967
0.19530000000000017
0.20219999999999963
0.2100000000000001
0.21600000000000008
0.22210000000000046
0.22710000000000008
0.23000000000000004
0.2362999999999999
0.24020000000000008
0.2478999999999999
0.2525000000000008
0.26009999999999955
0.2645000000000007
0.26829999999999893
0.2721999999999991
0.27529999999999893
0.2802999999999989
0.28449999999999975
0.2901000000000014
0.2971999999999996
0.3039999999999995
0.3097
0.3150000000000002
0.3188999999999996
0.32489999999999913
0.3283000000000012
0.33559999999999984
0.3393999999999995
0.3435999999999993
0.35010000000000013
0.3540999999999992
0.35470000000000024
0.35419999999999996
0.36210000000000064
0.3656000000000007
0.37049999999999966
0.37720000000000004
0.38130000000000036
0.3839999999999999
0.39099999999999957
0.39410000000000184
0.39649999999999874
0.39870000000000017
0.4048000000000003
0.40789999999999943
0.4095999999999998
0.41289999999999955
0.4190000000000007
0.42440000000000055
0.42800000000000055
0.43049999999999966
0.43650000000000055
0.43849999999999983
0.44129999999999964
0.44420000000000026
0.4443999999999998
0.4446999999999998
0.4479999999999996
0.4525999999999999
0.4588000000000002
0.4598999999999998
0.4597999999999997
