27000.0
27000.0
27010.1161
27016.703
27021.4648
27024.2484
27017.9068
27014.7914
27007.531
26997.2205
26964.2829
26951.6003
26931.4774
26905.6491
26877.7274
26842.6952
26823.2406
26785.8954
26743.0601
26693.2675
26661.6069
26621.1752
26582.3092
26550.8172
26501.073
26461.2878
26393.459
26346.0104
26297.1608
26256.4122
26230.1355
26183.2484
26136.6689
26092.1044
26044.2303
25975.7357
25920.424
25853.7958
25810.8784
25757.7183
25702.5536
25639.1991
25578.3654
25522.655
25475.4083
25422.811
25374.4145
25332.7234
25263.2937
25201.0804
25157.4626
25086.4874
25022.2719
24963.5358
24927.8635
24907.7024
24880.1423
24858.595
24843.4302
24823.1171
24793.148
24762.598
24735.8088
24722.2206
24696.0535
24663.4049
24635.5389
24602.9115
24566.1298
24541.6461
24503.1539
24470.1002
24436.7472
24402.7793
24379.9439
24331.1483
24288.4797
24249.8607
24210.3208
24171.3133
24118.7957
24085.5357
24037.9213
23998.288
23952.0599
23905.2207
23857.484
23797.2565
23736.8036
23695.9595
23632.9639
23599.2087
23549.6823
23499.6489
23446.9727
23380.7558
23328.9525
23269.2809
23205.2423
23162.7229
23106.0814
23048.1536
22997.2761
22940.773
22878.4871
22819.919
22758.9297
22697.8641
22644.5855
22589.933
22527.5483
22470.4505
22419.1531
22365.4444
22309.9363
22256.3493
22189.2071
22121.9846
22061.7798
22009.4676
21944.9911
21885.0395
21820.2206
21770.3657
21715.3785
21654.3059
21582.6993
21511.739
21415.7607
21332.9099
21250.731
21164.8233
21054.1944
20956.6742
20864.0937
20781.1576
20674.243
20567.6489
20481.5563
20389.5054
20298.7402
20199.0596
20113.8248
20025.7861
19918.0468
19817.258
19724.4079
19634.3125
19550.3914
19458.8718
19371.465
19282.1518
19179.4113
19083.4732
18978.9088
18888.3112
18790.4507
18698.9076
18601.4473
18502.3875
18400.9751
18302.0391
18209.762
18116.2898
18023.6656
17941.2285
17866.4871
17778.0623
17683.745
17599.8098
17507.7071
17434.2581
17343.3945
17245.5696
17154.8607
17072.981
16990.4137
16918.4069
16825.4157
16745.5532
16663.7605
16575.3356
16490.3717
16405.6353
16325.4213
16249.5488
16164.5831
16094.6691
16009.5826
15926.8577
15851.1751
15762.6579
15691.844
15620.0659
15532.6782
15459.8783
15378.7094
15299.6643
15213.3367
15140.3673
