0.0
0.0
5.0E-4
7.0E-4
9.0E-4
0.0014
0.0016
0.0021
0.0033
0.0035
0.004
0.0045
0.0047
0.0048
0.0054
0.0061
0.0068
0.0071
0.0079
0.0086
0.0094
0.0099
0.0107
0.0116
0.0123
0.0132
0.0142
0.0155
0.0168
0.0176
0.0186
0.0195
0.02
0.0207
0.0221
0.0235
0.0242
0.0254
0.0268
0.0273
0.0286
0.0296
0.0303
0.0314
0.0323
0.0331
0.034
0.0342
0.0356
0.0362
0.0378
0.0395
0.0411
0.0416
0.0427
0.0432
0.0442
0.0449
0.0454
0.0467
0.0489
0.0514
0.0526
0.055
0.0572
0.059
0.0612
0.0644
0.0671
0.0687
0.0714
0.0753
0.0781
0.0818
0.0848
0.0891
0.0916
0.0945
0.0978
0.1013
0.1045
0.108
0.1114
0.1139
0.1185
0.1247
0.1289
0.1326
0.1372
0.1422
0.1446
0.1492
0.154
0.1573
0.162
0.1674
0.1729
0.1788
0.1849
0.1887
0.195
0.2023
0.2071
0.2124
0.2171
0.2221
0.2261
0.2316
0.2358
0.2413
0.2452
0.2504
0.2567
0.2613
0.2673
0.2719
0.2773
0.2841
0.2923
0.2987
0.3054
0.312
0.3158
0.3208
0.3268
0.3338
0.3405
0.3472
0.3544
0.3612
0.3697
0.3743
0.3806
0.3903
0.3996
0.4083
0.4184
0.4236
0.4308
0.4386
0.4472
0.4581
0.4661
0.4751
0.485
0.4936
0.501
0.5072
0.5134
0.5219
0.5279
0.5346
0.5421
0.5514
0.5564
0.5646
0.5697
0.5747
0.5808
0.5847
0.591
0.5969
0.6044
0.6095
0.615
0.6213
0.6287
0.6344
0.6417
0.653
0.6618
0.6682
0.6731
0.6815
0.6874
0.6924
0.7009
0.7054
0.7136
0.7223
0.7285
0.7361
0.7435
0.7496
0.7555
0.7629
0.7702
0.7775
0.783
0.791
0.798
0.8043
0.8101
0.8154
0.8197
0.8259
0.832
0.8385
0.8459
0.8574
