17.0
17.0
16.89409999999993
16.794900000000055
16.698299999999943
16.59859999999997
16.496000000000077
16.395099999999967
16.29440000000008
16.19659999999994
16.102700000000098
16.001599999999986
15.8985
15.8016
15.7023
15.5964
15.4973
15.399900000000006
15.299000000000007
15.205300000000003
15.1095
15.010000000000005
14.9119
14.812000000000008
14.712299999999997
14.619199999999994
14.521399999999995
14.421100000000003
14.319899999999986
14.224600000000006
14.129100000000006
14.025699999999993
13.926200000000012
13.822200000000024
13.724199999999989
13.629399999999977
13.530800000000006
13.427799999999985
13.326699999999985
13.228100000000017
13.128699999999991
13.031999999999956
12.933499999999981
12.831400000000013
12.737399999999987
12.641500000000025
12.540999999999986
12.43940000000001
12.337400000000022
12.234900000000025
12.136400000000009
12.036400000000024
11.932999999999995
11.83649999999999
11.736599999999992
11.637999999999996
11.540299999999995
11.44040000000003
11.344799999999974
11.248499999999988
11.15050000000003
11.04910000000004
10.94749999999998
10.849899999999964
10.74819999999999
10.649400000000012
10.552700000000023
10.460500000000009
10.367600000000037
10.275500000000012
10.173100000000005
10.072500000000026
9.978399999999988
9.879300000000041
9.785299999999978
9.692200000000001
9.601900000000015
9.50629999999993
9.406500000000056
9.309099999999951
9.207199999999984
9.114500000000039
9.024800000000024
8.925199999999986
8.827200000000019
8.731999999999978
8.63339999999998
8.5345
8.437700000000026
8.343299999999983
8.251900000000012
8.151100000000014
8.056999999999931
7.960399999999998
7.8607999999999985
7.7659
7.6755
7.580499999999997
7.492600000000003
7.398999999999994
7.3051999999999975
7.2063
7.1183999999999985
7.020400000000006
6.927300000000006
6.8335
6.740199999999991
6.654199999999984
6.562900000000006
6.470399999999995
6.376500000000009
6.28609999999998
6.194700000000005
6.109899999999986
6.022600000000004
5.930800000000006
5.841700000000008
5.754599999999987
5.667000000000006
5.582299999999998
5.493399999999997
5.405799999999992
5.315900000000018
5.234699999999998
5.151300000000037
5.064699999999987
4.986100000000006
4.902900000000001
4.82889999999998
4.756000000000002
4.692599999999968
4.626399999999996
4.558700000000004
4.493700000000007
4.430999999999965
4.373200000000019
4.313100000000003
4.260900000000004
4.208300000000005
4.158000000000029
4.104799999999992
4.057499999999984
4.006300000000004
3.9557000000000015
3.9094999999999986
3.8657000000000012
3.8222
3.7798
3.7371999999999987
3.697499999999998
3.6527000000000007
3.606800000000003
3.568099999999996
3.5274
3.485399999999994
3.4464999999999963
3.40559999999999
3.362099999999997
3.3243999999999994
3.290200000000006
3.249000000000001
3.210199999999999
3.1738999999999944
3.131699999999992
3.0925000000000034
3.055399999999993
3.0209000000000032
2.9862000000000135
2.951700000000004
2.915899999999995
2.883299999999996
2.8468000000000098
2.814400000000008
2.7803
2.745599999999997
2.7148000000000048
2.68
2.647999999999994
2.616899999999995
2.586499999999989
2.5566000000000035
2.5256000000000065
2.4961
2.462500000000001
2.4322000000000017
2.4028999999999825
2.3730000000000007
2.3490999999999937
2.3200999999999996
2.2914000000000008
2.2647999999999944
2.2400999999999884
2.212599999999988
2.1807999999999894
2.1545999999999985
2.1314999999999973
2.1036999999999955
2.078899999999984
2.0542000000000007
2.026899999999983
