4.0
4.0
3.8877999999999995
3.7804000000000015
3.6654
3.5561000000000016
3.44049999999999
3.3302000000000014
3.225499999999999
3.1113000000000044
3.002399999999996
2.902600000000006
2.7941999999999916
2.6962999999999937
2.5983999999999856
2.5001000000000015
2.398199999999986
2.302299999999996
2.2140000000000075
2.1222999999999907
2.0351999999999992
1.9489000000000007
1.8602000000000012
1.7831999999999997
1.7036
1.635000000000006
1.5624999999999996
1.4948999999999957
1.4325000000000006
1.3665999999999956
1.312300000000003
1.2540999999999976
1.1963000000000026
1.1405999999999987
1.088399999999999
1.0424000000000055
0.9998999999999947
0.9537999999999999
0.9116999999999996
0.876600000000001
0.8369
0.8013000000000005
0.7631
0.7325000000000004
0.7027000000000008
0.6689000000000012
0.6393999999999999
0.615499999999998
0.5900999999999985
0.5674999999999999
0.542
0.5262000000000018
0.5095000000000001
0.4910000000000001
0.4759
0.4705000000000002
0.46640000000000026
0.4671999999999999
0.46589999999999965
0.4674000000000002
0.4701
0.4770000000000002
0.4804
0.4866999999999999
0.4907999999999996
0.4962000000000022
0.5016000000000024
0.5071999999999993
0.5134000000000022
0.5182000000000017
0.5270999999999982
0.5344000000000031
0.543799999999996
0.5497000000000007
0.5581999999999977
0.5629000000000015
0.5677000000000002
0.5712999999999988
0.5786000000000021
0.5868999999999995
0.5952999999999998
0.6017000000000017
0.6072999999999981
0.614300000000002
0.6190000000000003
0.6251999999999994
0.6296000000000012
0.6354000000000013
0.6422000000000012
0.6510999999999992
0.6571000000000007
0.6617999999999995
0.6662999999999971
0.671000000000001
0.6768999999999995
0.6848000000000014
0.691800000000002
0.6991999999999993
0.7072000000000013
0.7117999999999971
0.7177000000000022
0.725200000000002
0.7329000000000012
0.7370999999999993
0.7419999999999989
0.7519999999999999
0.7589999999999975
0.7658999999999994
0.7733000000000014
0.7833000000000019
0.7894999999999995
0.7951999999999988
0.8010000000000033
0.8063000000000015
0.8131000000000004
0.8179999999999993
0.8200000000000011
0.8263000000000004
0.8346000000000015
0.8395000000000011
0.8462999999999984
0.8571
0.8625999999999996
0.8643999999999991
0.8679
0.8753999999999994
0.8778000000000004
0.8842000000000003
0.8826000000000004
0.8807999999999996
0.8766000000000009
0.872500000000001
0.8660000000000008
0.858700000000002
0.8543999999999985
0.8514000000000026
0.8438999999999974
0.8327000000000003
0.8242
0.8165
0.8113000000000017
0.8028000000000014
0.7918000000000005
0.7831
0.7740999999999986
0.7658000000000014
0.7597000000000012
0.7511999999999958
0.7396000000000026
0.7311000000000029
0.7245000000000018
0.714199999999999
0.7088000000000009
0.7029000000000023
0.6926999999999977
0.6835000000000007
0.6753000000000013
0.6717999999999976
0.6620000000000015
0.6563999999999974
0.6491999999999989
0.6460000000000005
0.6397000000000002
0.6342000000000001
0.6253000000000013
0.6162000000000013
0.6140999999999998
0.6075000000000018
0.6028999999999973
0.5954000000000013
0.5854000000000011
0.5808000000000032
0.5799000000000005
0.5782999999999973
0.5745000000000012
0.5680999999999986
0.5639000000000002
0.5615999999999992
0.554300000000001
0.5555999999999993
0.5508999999999976
0.5490000000000012
0.5469999999999985
0.5427000000000008
0.5349000000000012
0.5327999999999995
0.5268999999999994
0.5261000000000017
0.5189000000000009
0.5119999999999988
0.5095000000000017
0.5078999999999988
0.5005999999999984
0.49869999999999753
0.4984999999999943
0.4955000000000021
0.49060000000000126
0.48630000000000057
0.4866
0.48809999999999926
