729.0
729.0
748.1839
767.4866
786.8696
807.9884
828.3405
849.5721
868.5632
889.3441
909.6635
930.2459
948.2021
968.7646
988.5874
1009.2061
1031.7397
1051.8511
1071.707
1092.357
1114.3674
1133.9927
1155.3729
1178.2069
1200.2429
1221.7525
1241.7708
1263.9032
1280.9408
1302.1151
1325.4836
1346.1809
1366.9317
1387.9432
1407.8145
1430.5802
1451.1872
1471.8935
1492.2272
1515.4062
1537.2167
1557.8045
1581.2158
1603.2564
1625.5371
1648.3181
1670.2842
1694.1527
1717.7853
1738.9144
1761.3341
1783.2118
1804.1264
1825.3723
1845.2195
1867.3853
1890.017
1911.4358
1933.9297
1956.7781
1978.8072
2001.0461
2021.2472
2043.0933
2068.196
2090.3298
2111.8353
2132.4719
2153.0042
2173.8286
2192.4531
2212.5152
2232.97
2253.251
2275.2457
2297.2986
2318.1632
2337.7537
2359.655
2377.7069
2398.365
2419.3482
2440.4665
2462.671
2483.8693
2502.9898
2523.7949
2542.7979
2560.7075
2581.1898
2600.2366
2621.9251
2643.2692
2661.3713
2680.565
2699.4734
2719.858
2738.6613
2758.5186
2779.2115
2799.4947
2821.0527
2841.9309
2860.6273
2878.8583
2897.1305
2914.3141
2933.5737
2950.499
2970.163
2989.5189
3007.7931
3026.3535
3045.4646
3067.03
3083.4548
3099.7341
3117.6425
3134.8374
3152.3593
3168.4378
3183.8781
3200.7163
3216.4101
3233.674
3250.2765
3266.8791
3284.2774
3301.1965
3318.8855
3334.3492
3349.9811
3364.8724
3380.7673
3396.3719
3412.6455
3432.2586
3446.9685
3463.4201
3479.3768
3495.1195
3511.2376
3526.0558
3539.5182
3553.2045
3566.8343
3579.7611
3594.716
3610.6429
3625.6094
3640.3829
3656.1204
3666.8612
3678.8428
3691.2649
3708.4312
3719.6213
3732.3084
3743.9049
3755.7237
3768.2104
3781.7142
3791.8606
3802.4767
3813.9785
3828.139
3840.3179
3852.1018
3865.7803
3879.0279
3891.184
3900.3494
3911.556
3922.8904
3936.9678
3949.0922
3959.652
3971.0457
3982.4747
3994.9315
4005.181
4017.0632
4028.3988
4037.8029
4045.6274
4057.8171
4067.5847
4078.2486
4089.7756
4099.0282
4110.2337
4120.0357
4129.251
4139.3856
4147.4251
4156.3895
4168.0028
4177.4283
4186.0291
4196.8222
