13.0
13.0
12.951600000000004
12.896200000000038
12.846800000000004
12.794600000000008
12.73859999999999
12.688800000000015
12.63210000000001
12.572500000000005
12.509400000000024
12.446699999999968
12.389199999999986
12.328699999999992
12.265800000000006
12.202099999999987
12.135099999999976
12.069800000000042
11.998400000000002
11.928399999999984
11.858599999999994
11.785500000000038
11.709000000000009
11.631799999999972
11.55220000000004
11.481100000000016
11.407899999999982
11.333900000000053
11.253900000000009
11.179799999999972
11.09800000000001
11.017799999999978
10.939099999999957
10.861800000000025
10.77780000000001
10.702300000000031
10.6171
10.540599999999992
10.458500000000033
10.37100000000001
10.292800000000014
10.208200000000012
10.124399999999977
10.047500000000039
9.96519999999999
9.878499999999974
9.792799999999973
9.71179999999999
9.630499999999998
9.542800000000039
9.456100000000008
9.374399999999993
9.288600000000043
9.203200000000043
9.130599999999976
9.05799999999999
8.986
8.917800000000037
8.85060000000002
8.7866
8.726499999999998
8.66559999999998
8.600400000000006
8.539700000000048
8.481799999999923
8.43479999999998
8.38170000000001
8.320599999999992
8.274699999999996
8.217900000000036
8.16320000000002
8.1109
8.061000000000057
8.01129999999994
7.964
7.9179
7.8699
7.822099999999997
7.772799999999998
7.7237
7.681800000000002
7.6394
7.5919000000000025
7.5402
7.4929999999999986
7.446299999999997
7.399800000000006
7.351900000000003
7.304499999999997
7.256000000000006
7.21009999999999
7.163099999999993
7.117400000000009
7.0708
7.019799999999991
6.970899999999989
6.921099999999994
6.873299999999983
6.820400000000003
6.774899999999992
6.729099999999988
6.675400000000011
6.626200000000009
6.5783
6.528700000000011
6.483700000000007
6.439599999999993
6.390400000000012
6.347000000000013
6.302199999999994
6.260800000000005
6.210299999999989
6.1653999999999956
6.1166999999999945
6.0753999999999895
6.031000000000011
5.989199999999996
5.9418999999999995
5.8960000000000035
5.848399999999995
5.798399999999994
5.753300000000001
5.709199999999992
5.665099999999983
5.618400000000005
5.567300000000008
5.524399999999989
5.481599999999989
5.435699999999985
5.3938000000000095
5.353499999999986
5.314700000000013
5.276100000000005
5.2390000000000105
5.206600000000021
5.171899999999998
5.135999999999993
5.101199999999998
5.069399999999982
5.035100000000005
5.0075
4.979100000000013
4.953700000000001
4.925299999999994
4.898099999999986
4.87140000000002
4.8494000000000215
4.8234
4.8011999999999935
4.7765999999999975
4.7480000000000135
4.722599999999985
4.696299999999995
4.673200000000028
4.648600000000001
4.623899999999983
4.600099999999984
4.576100000000021
4.553599999999973
4.533799999999996
4.5148999999999875
4.492799999999998
4.468299999999989
4.443599999999987
4.4257999999999855
4.401500000000004
4.382299999999992
4.3630000000000075
4.3452000000000375
4.325099999999998
4.306199999999997
4.284400000000031
4.259199999999996
4.24289999999999
4.222599999999977
4.203199999999983
4.180300000000002
4.158199999999993
4.1348000000000065
4.11280000000001
4.09429999999999
4.0773000000000135
4.058600000000005
4.039199999999998
4.017999999999994
4.000399999999994
3.9813
3.9624
3.9448
3.9272
3.9095
3.886
3.858700000000002
3.839000000000001
3.8226
3.8024000000000013
3.7841
3.7664
3.7421
3.723800000000003
