12.0
12.0
11.913499999999965
11.828800000000022
11.740899999999991
11.655900000000013
11.568900000000047
11.479700000000001
11.387700000000011
11.301600000000043
11.217299999999991
11.130199999999965
11.046099999999996
10.959200000000013
10.871900000000045
10.788299999999987
10.708999999999996
10.622199999999987
10.537299999999982
10.452899999999993
10.37110000000001
10.287500000000009
10.19369999999996
10.108800000000063
10.028100000000025
9.944100000000065
9.855799999999999
9.765899999999995
9.68220000000001
9.596299999999959
9.518899999999984
9.441900000000027
9.359100000000014
9.273699999999977
9.187899999999955
9.098000000000031
9.011199999999972
8.928400000000002
8.845900000000011
8.766699999999972
8.68189999999997
8.600500000000006
8.513600000000025
8.425700000000024
8.338800000000004
8.261100000000027
8.176099999999964
8.088499999999964
8.00050000000001
7.9171
7.832799999999999
7.7568
7.6744
7.5901999999999985
7.507400000000006
7.427399999999994
7.3483999999999945
7.272399999999991
7.194000000000006
7.120700000000003
7.053299999999998
6.984900000000006
6.915799999999997
6.847699999999994
6.779099999999999
6.709499999999994
6.6413
6.575100000000002
6.510199999999989
6.450600000000017
6.385199999999991
6.32260000000002
6.256299999999993
6.189299999999996
6.126399999999995
6.061700000000008
5.996999999999987
5.936499999999989
5.876899999999995
5.824300000000001
5.762299999999983
5.7002000000000095
5.637799999999987
5.573800000000031
5.5159
5.4548000000000005
5.388499999999995
5.324099999999996
5.2612000000000005
5.206199999999982
5.150000000000007
5.091500000000011
5.034499999999988
4.974399999999985
4.918299999999984
4.859500000000002
4.804100000000017
4.748700000000004
4.6978000000000035
4.638199999999997
4.582899999999991
4.528999999999961
4.475099999999981
4.4189000000000185
4.361399999999983
4.3080999999999925
4.258899999999999
4.202499999999978
4.150200000000005
4.095800000000018
4.040399999999995
3.9865
3.9338000000000006
3.8810000000000007
3.827
3.7728999999999986
3.7203
3.6703000000000015
3.6247999999999987
3.5701000000000027
3.5202000000000044
3.4705
3.422199999999997
3.3741000000000074
3.3299000000000043
3.287200000000001
3.2455999999999943
3.200200000000003
3.1524999999999967
3.106099999999998
3.0631999999999975
3.0224999999999973
2.9798999999999953
2.938100000000006
2.8962999999999943
2.856300000000013
2.8162999999999947
2.7770999999999972
2.741100000000008
2.703100000000003
2.6678000000000064
2.627599999999997
2.5940000000000025
2.556299999999997
2.5221999999999984
2.4905000000000084
2.4550000000000156
2.4219999999999935
2.3897999999999984
2.354799999999985
2.324899999999997
2.291100000000012
2.264300000000003
2.2312999999999974
2.201199999999998
2.173499999999993
2.144799999999995
2.1177000000000064
2.0884000000000045
2.0611000000000126
2.0306000000000086
2.002299999999998
1.975
1.9469
1.9203999999999992
1.8941000000000014
1.873
1.8447000000000007
1.8177999999999985
1.7933000000000014
1.7689
1.7453000000000014
1.7202
1.6976000000000022
1.6730000000000012
1.6502
1.6278000000000006
1.603700000000002
1.583500000000002
1.5650999999999997
1.5458999999999998
1.5271000000000012
1.5073999999999972
1.4907999999999968
1.4702000000000068
1.4525000000000008
1.4314
1.4127000000000014
1.3920999999999986
1.3746999999999996
1.3550000000000015
1.3362000000000023
1.3152000000000006
1.2982000000000031
1.2792999999999988
1.2621999999999973
1.2453999999999983
1.2282999999999955
1.2135999999999942
1.198100000000001
