15.0
15.0
14.991300000000006
14.983099999999997
14.973899999999993
14.9655
14.957199999999988
14.948899999999995
14.939700000000004
14.931700000000008
14.923899999999994
14.9157
14.909199999999995
14.901600000000004
14.89380000000001
14.885699999999995
14.876799999999994
14.866100000000003
14.857700000000012
14.850100000000007
14.842799999999983
14.835000000000006
14.826800000000006
14.818899999999998
14.811399999999994
14.802700000000009
14.795399999999994
14.78800000000001
14.779399999999988
14.770900000000006
14.763900000000008
14.754700000000005
14.7466
14.7383
14.731099999999994
14.723999999999997
14.716599999999998
14.709000000000005
14.7021
14.693900000000012
14.684299999999988
14.677799999999994
14.669899999999988
14.6626
14.655500000000005
14.6478
14.640900000000014
14.634699999999997
14.626099999999989
14.61960000000002
14.612000000000027
14.6043
14.596100000000023
14.5885
14.581300000000011
14.575699999999976
14.5693
14.564399999999988
14.558599999999991
14.552600000000005
14.5484
14.543699999999994
14.5393
14.536599999999996
14.5313
14.527200000000011
14.521599999999994
14.518400000000005
14.515100000000006
14.510699999999987
14.507200000000006
14.5031
14.499200000000018
14.494600000000005
14.4898
14.485900000000008
14.481899999999985
14.476199999999983
14.4729
14.467800000000002
14.462500000000002
14.459500000000004
14.454700000000011
14.450099999999994
14.4439
14.439599999999988
14.43480000000003
14.4298
14.425999999999995
14.421900000000003
14.417800000000012
14.4139
14.409599999999998
14.405700000000008
14.401400000000011
14.396600000000008
14.393499999999998
14.389300000000002
14.385699999999987
14.381199999999989
14.3765
14.371699999999993
14.3679
14.3642
14.359800000000023
14.353399999999992
14.349500000000006
14.344900000000006
14.339799999999983
14.333500000000003
14.328499999999982
14.323600000000011
14.319599999999994
14.314599999999992
14.3104
14.305600000000005
14.30250000000001
14.297900000000014
14.293700000000012
14.2904
14.285399999999994
14.280700000000007
14.277699999999994
14.273099999999985
14.266699999999995
14.260900000000003
14.256699999999988
14.250899999999985
14.2441
14.237299999999983
14.226400000000027
14.2127
14.19909999999998
14.183699999999995
14.166900000000012
14.149700000000003
14.130299999999982
14.110400000000006
14.093700000000009
14.072199999999992
14.051599999999988
14.03330000000001
14.013000000000018
13.992499999999989
13.971700000000006
13.952699999999995
13.934399999999988
13.912200000000023
13.890799999999993
13.868699999999993
13.847100000000012
13.825299999999988
13.806399999999995
13.785199999999982
13.765800000000018
13.746100000000023
13.723599999999998
13.703699999999982
13.683500000000018
13.662900000000025
13.640500000000017
13.616900000000017
13.595300000000003
13.576600000000017
13.554599999999994
13.533399999999986
13.515199999999991
13.4951
13.474900000000021
13.4541
13.433299999999997
13.414600000000005
13.394900000000012
13.372800000000023
13.351600000000026
13.332400000000005
13.314500000000011
13.293700000000022
13.273299999999988
13.25249999999998
13.232700000000023
13.211200000000005
13.193399999999997
13.171700000000007
13.147200000000005
13.122899999999982
13.10389999999997
13.084899999999983
13.063800000000004
13.04169999999998
13.02239999999996
13.000799999999984
12.979599999999971
12.960200000000018
12.937899999999981
12.915200000000002
12.895599999999998
12.873900000000015
12.854799999999978
12.835000000000004
