10.0
10.0
10.041899999999996
10.084199999999969
10.121199999999988
10.1633
10.20239999999999
10.236200000000037
10.27540000000003
10.313200000000027
10.350399999999981
10.385700000000032
10.417899999999962
10.456899999999957
10.492400000000004
10.528800000000013
10.567099999999972
10.601300000000046
10.640099999999986
10.678000000000026
10.711300000000003
10.746999999999968
10.783199999999994
10.822000000000031
10.855500000000028
10.889799999999978
10.928199999999956
10.963200000000002
10.996700000000006
11.037300000000068
11.070100000000004
11.104600000000039
11.13929999999996
11.172599999999983
11.205300000000054
11.235699999999982
11.2763
11.316299999999998
11.346100000000042
11.376799999999985
11.407300000000031
11.443500000000007
11.476300000000002
11.50539999999999
11.537200000000011
11.568600000000007
11.6032
11.632100000000024
11.665000000000004
11.695700000000015
11.732999999999976
11.765800000000013
11.795299999999989
11.826599999999997
11.856199999999989
11.884199999999987
11.911499999999995
11.937700000000023
11.968299999999987
11.99840000000002
12.029500000000011
12.053599999999978
12.079700000000033
12.103400000000015
12.125700000000009
12.147800000000009
12.167599999999988
12.188699999999976
12.209900000000017
12.234200000000016
12.257900000000008
12.279299999999992
12.303
12.330499999999976
12.350299999999981
12.372099999999973
12.393299999999995
12.413599999999985
12.436899999999984
12.462599999999993
12.477699999999988
12.497099999999977
12.517700000000005
12.539200000000013
12.56030000000002
12.578599999999991
12.600399999999954
12.620600000000007
12.644600000000013
12.665799999999992
12.690199999999992
12.709299999999995
12.7315
12.750599999999986
12.768899999999968
12.792099999999989
12.814000000000004
12.830300000000035
12.850899999999982
12.871900000000002
12.887600000000022
12.90910000000002
12.931999999999997
12.95349999999999
12.975899999999992
12.998799999999978
13.019000000000007
13.0417
13.059699999999983
13.083200000000001
13.103400000000004
13.124299999999959
13.144700000000018
13.162099999999988
13.179799999999988
13.201299999999973
13.216699999999976
13.238200000000017
13.263100000000003
13.282700000000006
13.303900000000032
13.328899999999962
13.353700000000014
13.373900000000035
13.392900000000006
13.414800000000032
13.437400000000018
13.459800000000003
13.480899999999988
13.498199999999992
13.521000000000008
13.54449999999998
13.5726
13.599100000000018
13.624200000000009
13.65179999999999
13.676700000000011
13.7035
13.727199999999995
13.75420000000003
13.783999999999992
13.811300000000012
13.839300000000014
13.867899999999993
13.893600000000024
13.922700000000003
13.950999999999977
13.979399999999996
14.007399999999988
14.039099999999994
14.069199999999995
14.095000000000006
14.12470000000001
14.156899999999988
14.189599999999983
14.2181
14.245400000000005
14.273499999999988
14.304400000000022
14.337499999999995
14.364599999999989
14.39969999999999
14.429300000000007
14.462199999999994
14.488299999999988
14.51949999999997
14.553199999999991
14.578499999999996
14.607
14.636900000000002
14.6672
14.696100000000007
14.726899999999997
14.760400000000011
14.791500000000024
14.824400000000006
14.8561
14.892399999999995
14.924899999999989
14.957700000000015
14.991300000000006
15.0237
15.054900000000005
15.083600000000006
15.1124
15.14760000000001
15.1817
15.2081
15.2412
15.2741
15.3113
15.344300000000006
15.3811
15.4077
15.4438
15.4709
15.4989
15.530900000000003
15.5625
15.5952
