3.0
3.0
2.9919999999999973
2.985599999999999
2.972499999999993
2.9579
2.944000000000006
2.9318000000000013
2.9236000000000013
2.915499999999996
2.9025999999999947
2.891899999999999
2.8824000000000045
2.871799999999992
2.860700000000009
2.849000000000002
2.8400999999999996
2.8308000000000044
2.822700000000001
2.812200000000008
2.8029999999999964
2.796799999999995
2.78530000000001
2.776200000000006
2.7674999999999996
2.7628000000000035
2.7531000000000065
2.7472999999999956
2.738899999999995
2.7302000000000053
2.7195999999999985
2.7102000000000084
2.704699999999993
2.6966999999999914
2.6895999999999907
2.681499999999992
2.673599999999994
2.6657999999999986
2.656700000000004
2.650499999999994
2.645700000000001
2.6383000000000045
2.632199999999999
2.6261000000000028
2.6177000000000024
2.6095000000000046
2.598999999999996
2.5965000000000025
2.5913000000000106
2.5828999999999986
2.5716999999999954
2.5679999999999907
2.5621999999999914
2.5592999999999932
2.5520999999999994
2.5473000000000012
2.5458999999999947
2.540899999999997
2.5369000000000095
2.530500000000004
2.5279999999999947
2.527900000000018
2.52370000000001
2.523600000000009
2.5217999999999994
2.518599999999986
2.516100000000009
2.5143000000000035
2.5114999999999874
2.5093000000000067
2.509499999999995
2.508199999999994
2.507300000000007
2.5060999999999956
2.5076999999999976
2.507300000000007
2.509999999999997
2.5091000000000068
2.5070000000000006
2.5033999999999894
2.4993000000000114
2.4959000000000082
2.4956999999999963
2.495100000000018
2.491900000000004
2.489500000000007
2.4897999999999954
2.4914000000000005
2.490200000000006
2.4880999999999918
2.4889000000000037
2.490100000000007
2.4926000000000004
2.490099999999983
2.489100000000001
2.4883000000000006
2.488100000000004
2.4885
2.4871999999999925
2.4887999999999955
2.4886999999999957
2.4923999999999955
2.4908
2.490800000000008
2.4899000000000036
2.489199999999999
2.4903999999999846
2.4890999999999965
2.4873000000000056
2.489700000000007
2.4898999999999862
2.4910999999999954
2.4913
2.4932000000000056
2.492400000000003
2.493600000000006
2.491400000000009
2.492399999999996
2.492200000000003
2.495899999999996
2.4937000000000116
2.493299999999999
2.494099999999997
2.4953999999999996
2.4978000000000025
2.4959000000000082
2.4946000000000073
2.495599999999997
2.492099999999998
2.4927999999999995
2.4921
2.4885999999999933
2.4904999999999897
2.486300000000004
2.4846000000000017
2.485199999999992
2.484999999999998
2.4877000000000007
2.4844000000000035
2.484399999999995
2.4830000000000094
2.4810000000000003
2.4782000000000086
2.475100000000002
2.4754000000000005
2.475499999999996
2.471099999999996
2.468000000000005
2.4641
2.4641000000000077
2.4627999999999926
2.4617
2.4567000000000103
2.454300000000004
2.4512999999999936
2.4504000000000024
2.447799999999995
2.4458999999999986
2.444300000000002
2.4384999999999986
2.434999999999999
2.4305000000000034
2.4290000000000016
2.423900000000002
2.419200000000005
2.416500000000004
2.4113999999999947
2.4062999999999857
2.4032000000000044
2.4017000000000057
2.4010999999999956
2.3975000000000053
2.396899999999993
2.395600000000003
2.3927999999999896
2.3943000000000083
2.3892999999999973
2.384500000000005
2.3820999999999963
2.378899999999993
2.3758000000000075
2.3729999999999865
2.370600000000009
2.3675000000000073
2.3639999999999937
2.364799999999999
2.3595999999999986
2.354500000000001
2.353099999999995
2.35000000000001
2.34820000000001
2.3472000000000084
2.342600000000005
2.3394999999999877
2.3376000000000006
2.3363999999999914
2.3366000000000127
2.333699999999995
2.3319000000000023
2.3289999999999997
