27.0
27.0
25.9728
25.0712
24.1668
23.2492
22.4047
21.5147
20.7654
19.9248
19.1903
18.4828
17.8094
17.1829
16.5526
15.9888
15.3948
14.7433
14.2919
13.7276
13.1479
12.6435
12.2377
11.7768
11.3329
10.8555
10.4654
10.0901
9.6579
9.3638
9.0309
8.7364
8.3896
8.0476
7.7019
7.4772
7.1455
6.8866
6.6197
6.3546
6.115
5.9102
5.7339
5.4944
5.2715
5.0516
4.8853
4.6934
4.4959
4.2934
4.1264
3.981
3.8435
3.7054
3.6228
3.5658
3.483
3.4199
3.3716
3.2966
3.2449
3.2123
3.1585
3.1381
3.1028
3.0599
3.02
2.9694
2.9506
2.9253
2.9025
2.8795
2.851
2.8316
2.8062
2.7717
2.7469
2.7313
2.7161
2.7001
2.6831
2.6591
2.6307
2.6206
2.5987
2.5867
2.5656
2.5558
2.5488
2.5331
2.5298
2.5058
2.4736
2.465
2.4569
2.4347
2.4151
2.3923
2.3746
2.3499
2.3477
2.328
2.3107
2.3023
2.2861
2.2565
2.2446
2.2307
2.2153
2.1958
2.1763
2.1587
2.1286
2.1097
2.104
2.0724
2.0771
2.0673
2.0439
2.0432
2.0394
2.0236
2.009
2.007
2.0048
1.9698
1.9683
1.9514
1.9294
1.9316
1.9305
1.915
1.8903
1.8728
1.8648
1.8438
1.8337
1.8259
1.8203
1.808
1.7999
1.7968
1.8136
1.814
1.8152
1.8212
1.814
1.8208
1.8177
1.7935
1.8027
1.8055
1.7895
1.7828
1.7912
1.7946
1.7833
1.7978
1.7991
1.809
1.812
1.8233
1.8273
1.8384
1.8557
1.8541
1.86
1.8675
1.8634
1.8905
1.897
1.9102
1.9144
1.9134
1.9494
1.964
1.9589
1.9696
1.9603
1.9781
1.996
2.0001
2.0177
2.0343
2.0471
2.0739
2.0784
2.1312
2.1607
2.1758
2.2154
2.2309
2.2634
2.2879
2.3179
2.3231
2.3684
2.3922
2.4286
2.4425
