7.0
7.0
7.005799999999993
7.006900000000006
7.008299999999989
7.0115000000000025
7.0136
7.015500000000003
7.016199999999996
7.0209000000000055
7.0255999999999945
7.0318
7.037899999999997
7.042399999999994
7.045300000000009
7.048599999999992
7.054900000000006
7.061900000000006
7.068299999999988
7.075000000000007
7.081799999999994
7.0852000000000075
7.090300000000003
7.096800000000003
7.102400000000005
7.110999999999995
7.112400000000012
7.119899999999999
7.125900000000004
7.128600000000006
7.1342000000000105
7.143700000000006
7.151499999999997
7.1561999999999975
7.166799999999997
7.1777
7.185599999999997
7.192699999999989
7.1973
7.203400000000007
7.2086
7.2143000000000015
7.221400000000002
7.234299999999989
7.23989999999999
7.248600000000004
7.2532999999999985
7.259800000000003
7.267599999999991
7.279600000000003
7.289299999999997
7.293599999999997
7.300599999999994
7.308099999999988
7.315599999999997
7.324199999999991
7.335000000000002
7.349199999999993
7.3606000000000025
7.375600000000003
7.389499999999991
7.401499999999999
7.414099999999999
7.427200000000003
7.443
7.456299999999997
7.4699
7.483900000000003
7.5004
7.516800000000004
7.532900000000003
7.548300000000005
7.5658
7.583300000000003
7.597599999999997
7.6141999999999985
7.627999999999998
7.645299999999994
7.662499999999999
7.677
7.696000000000003
7.7111
7.7262
7.7474
7.766700000000003
7.7874
7.8059
7.8206
7.839100000000001
7.857900000000002
7.8769
7.8971
7.9134
7.9374
7.9596000000000044
7.978300000000006
7.997199999999997
8.01590000000003
8.03359999999998
8.05289999999999
8.07379999999996
8.0928
8.11380000000003
8.129600000000016
8.148799999999929
8.167299999999983
8.18770000000007
8.207000000000011
8.227699999999986
8.247500000000072
8.262600000000024
8.28180000000003
8.302599999999945
8.324400000000056
8.343199999999982
8.362899999999984
8.384099999999965
8.40299999999997
8.423200000000017
8.443800000000001
8.461800000000027
8.477900000000083
8.495800000000033
8.516099999999982
8.538699999999993
8.558199999999943
8.57809999999999
8.597100000000003
8.615500000000003
8.635399999999999
8.653399999999936
8.67439999999997
8.695399999999957
8.711599999999978
8.73040000000003
8.74589999999997
8.762200000000012
8.778899999999972
8.795499999999986
8.814499999999963
8.834500000000004
8.853399999999985
8.870800000000017
8.886100000000024
8.90009999999998
8.9189
8.932899999999998
8.951400000000016
8.967700000000018
8.9843
9.002500000000042
9.020600000000004
9.035500000000097
9.051499999999994
9.071999999999957
9.089700000000038
9.104099999999928
9.118799999999972
9.133199999999981
9.151299999999999
9.167400000000036
9.181200000000002
9.195999999999982
9.210800000000011
9.2267
9.242300000000036
9.259400000000047
9.277100000000006
9.291499999999997
9.306199999999993
9.321900000000035
9.336199999999987
9.35290000000001
9.370500000000044
9.388000000000005
9.402399999999982
9.418899999999978
9.439599999999961
9.453699999999948
9.468799999999968
9.482899999999995
9.496200000000028
9.51120000000002
9.527900000000018
9.54290000000004
9.559399999999952
9.574699999999996
9.593600000000016
9.610500000000005
9.62679999999998
9.639700000000007
9.650900000000018
9.665300000000009
9.682099999999986
9.697999999999992
9.714200000000035
9.72920000000001
9.743899999999982
9.759899999999963
9.774799999999987
