25.0
25.0
24.704
24.4317
24.1233
23.8524
23.6166
23.4057
23.1764
22.9091
22.6884
22.3609
22.0651
21.758
21.5456
21.3605
21.1518
20.9403
20.6698
20.4457
20.2579
19.9945
19.7205
19.4688
19.2506
19.0373
18.8493
18.5854
18.3381
18.0606
17.8801
17.6835
17.4638
17.3111
17.1442
16.925
16.6995
16.5807
16.4142
16.2319
16.0664
15.8644
15.6606
15.4754
15.3266
15.1905
15.006
14.8002
14.6272
14.4707
14.3101
14.1558
14.014
13.8579
13.69
13.5819
13.434
13.3188
13.2285
13.1123
13.0912
13.0411
12.9443
12.8853
12.7857
12.7168
12.6571
12.6112
12.5695
12.5218
12.4647
12.4337
12.4084
12.3424
12.309
12.2395
12.2118
12.1253
12.0809
12.0672
12.0495
12.0378
12.0034
11.9458
11.9706
11.9142
11.8854
11.8367
11.7998
11.7857
11.7519
11.7429
11.6827
11.673
11.6415
11.6278
11.5867
11.5776
11.5616
11.544
11.5191
11.473
11.4601
11.4627
11.4242
11.3863
11.3434
11.3263
11.2919
11.2916
11.2548
11.2315
11.2318
11.1982
11.1456
11.1362
11.0831
11.0326
10.9991
10.9308
10.8838
10.8528
10.7887
10.7728
10.7471
10.7297
10.6732
10.643
10.5989
10.5401
10.4928
10.4545
10.3826
10.3241
10.2711
10.2275
10.2136
10.1541
10.0831
10.0339
9.9795
9.9219
9.899
9.8289
9.7503
9.674
9.6182
9.5589
9.5171
9.445
9.4205
9.3841
9.3113
9.2731
9.1965
9.1175
9.0609
9.0102
8.9411
8.8612
8.8076
8.7381
8.6938
8.6454
8.6339
8.5694
8.5112
8.4645
8.4342
8.4447
8.3523
8.3276
8.2513
8.2005
8.1433
8.0998
8.0371
8.0038
7.9594
7.9063
7.8648
7.8106
7.7509
7.6818
7.6464
7.6051
7.539
7.4707
7.4198
7.4032
7.3256
7.2682
7.2344
7.2095
7.1615
7.1346
7.0901
7.0627
7.0261
6.9719
