49.0
49.0
46.9063
44.9215
42.9613
40.9731
39.1482
37.3667
35.6285
33.9991
32.3537
30.7691
29.2539
27.7967
26.37
24.9869
23.6186
22.339
21.1093
19.8731
18.748
17.6543
16.6447
15.6445
14.7449
13.8484
12.9897
12.2167
11.4702
10.8125
10.1755
9.5243
8.9285
8.3985
7.8511
7.3821
6.9273
6.4548
6.0214
5.6011
5.2116
4.8683
4.536
4.2328
3.9479
3.6787
3.4312
3.2149
3.002
2.7957
2.6107
2.4455
2.2776
2.1413
2.0114
1.9003
1.8188
1.7475
1.6844
1.6359
1.5878
1.544
1.5061
1.4849
1.4587
1.4362
1.4169
1.4051
1.3962
1.3796
1.3614
1.3439
1.3302
1.34
1.3252
1.3159
1.3056
1.306
1.2961
1.2876
1.2828
1.2712
1.2673
1.2638
1.2563
1.2469
1.2315
1.2121
1.1986
1.1895
1.1785
1.1738
1.1675
1.1568
1.1562
1.1534
1.1471
1.1332
1.1284
1.1217
1.1126
1.0989
1.086
1.0935
1.0896
1.0774
1.0744
1.0722
1.0641
1.0536
1.0468
1.0409
1.0343
1.0371
1.0295
1.032
1.0236
1.0232
1.0198
1.0087
1.0056
1.0021
0.9941
0.9869
0.9822
0.9725
0.9678
0.9647
0.9556
0.9597
0.9508
0.9426
0.9303
0.9141
0.9057
0.8953
0.8781
0.8649
0.843
0.8291
0.8228
0.8018
0.7847
0.7639
0.7432
0.7322
0.7158
0.7086
0.697
0.6837
0.6642
0.6515
0.6282
0.6155
0.6145
0.6017
0.5868
0.5759
0.5649
0.547
0.5354
0.5265
0.5211
0.5099
0.4939
0.4866
0.4746
0.4727
0.4667
0.4561
0.4406
0.4316
0.4282
0.4224
0.4166
0.4096
0.4048
0.3951
0.3911
0.3925
0.3923
0.3909
0.3875
0.3816
0.3709
0.3623
0.3558
0.3579
0.3553
0.3516
0.3398
0.3277
0.326
0.3254
0.3243
0.3296
0.3257
0.3176
0.3205
0.3145
