18.0
18.0
17.964800000000086
17.92699999999997
17.888699999999982
17.8516
17.81100000000001
17.773000000000042
17.741899999999937
17.70519999999994
17.666999999999895
17.62759999999998
17.590400000000095
17.55450000000005
17.51979999999991
17.483299999999918
17.44800000000002
17.41389999999996
17.381200000000003
17.343100000000042
17.310300000000023
17.27279999999999
17.240699999999944
17.20229999999993
17.169499999999985
17.13399999999991
17.098400000000083
17.062700000000024
17.029500000000013
16.99330000000002
16.964100000000048
16.926699999999922
16.888499999999926
16.854399999999902
16.816899999999958
16.7820000000001
16.74139999999999
16.704000000000054
16.669900000000002
16.63490000000004
16.598499999999994
16.561599999999974
16.52840000000003
16.488899999999983
16.451299999999993
16.41159999999989
16.372399999999914
16.332400000000003
16.29350000000009
16.258500000000094
16.224999999999888
16.188899999999965
16.15209999999999
16.119499999999963
16.084899999999916
16.04829999999994
16.011899999999944
15.9667
15.9286
15.884
15.8398
15.7948
15.751
15.708099999999996
15.6657
15.6214
15.5687
15.520000000000007
15.4685
15.4142
15.3638
15.307600000000003
15.254799999999998
15.202899999999994
15.1461
15.089699999999997
15.0339
14.981099999999998
14.927200000000003
14.873700000000012
14.818699999999994
14.765900000000006
14.716800000000006
14.664399999999993
14.6049
14.550100000000011
14.49130000000001
14.43590000000001
14.382799999999989
14.3274
14.26539999999999
14.208800000000018
14.144799999999995
14.087499999999995
14.030000000000003
13.9737
13.917
13.858899999999982
13.808499999999961
13.750999999999994
13.694999999999988
13.6408
13.58740000000002
13.532799999999996
13.471299999999989
13.416800000000011
13.358499999999976
13.297500000000053
13.2375
13.178300000000005
13.118199999999954
13.0575
12.99560000000003
12.939499999999969
12.880900000000002
12.823899999999963
12.764899999999974
12.704099999999977
12.650799999999991
12.59180000000002
12.5312
12.471799999999988
12.416099999999988
12.356299999999985
12.300900000000007
12.242200000000018
12.188600000000019
12.132999999999981
12.082999999999991
12.0226
11.971800000000016
11.920900000000005
11.86460000000004
11.812699999999996
11.75699999999998
11.707100000000018
11.652700000000006
11.607399999999991
11.5556
11.510099999999982
11.460499999999982
11.409300000000025
11.361099999999968
11.317400000000001
11.272300000000023
11.225400000000008
11.17780000000002
11.127700000000054
11.084799999999966
11.036900000000017
10.9896
10.944200000000004
10.891700000000018
10.842199999999998
10.796800000000012
10.754699999999996
10.70589999999999
10.65930000000002
10.609499999999983
10.5668
10.523400000000004
10.47780000000001
10.434099999999981
10.385699999999984
10.346099999999973
10.298500000000008
10.251199999999965
10.204400000000007
10.16540000000002
10.119799999999994
10.075300000000057
10.029500000000011
9.98509999999998
9.939099999999954
9.899399999999956
9.856200000000015
9.809400000000009
9.761299999999958
9.714300000000003
9.671199999999983
9.6284
9.582600000000015
9.539199999999953
9.493999999999952
9.450199999999997
9.407400000000022
9.362200000000026
9.313300000000034
9.272699999999986
9.2282
9.184600000000033
9.142499999999993
9.098299999999977
9.053199999999975
9.009400000000037
8.963600000000064
8.917499999999997
8.8736
8.82939999999996
8.785699999999997
