289.0
289.0
292.0912
294.8088
297.933
300.9513
304.0424
307.2517
310.0776
313.0101
315.8629
318.8963
322.0326
324.9429
328.1258
331.2213
334.1826
337.3025
340.289
343.4596
346.6836
349.6427
352.9393
355.6878
358.753
361.9738
364.7453
367.7764
371.0466
374.0465
377.006
379.8953
382.8683
385.6553
388.491
391.5387
394.695
397.7454
400.8003
403.8586
406.9174
410.0669
413.2709
416.302
419.357
422.368
425.3299
428.5034
431.4301
434.8047
437.842
441.0641
444.0134
447.094
449.8067
452.8693
455.6457
458.036
460.5952
462.9304
465.279
467.7092
469.9958
472.3174
474.5055
476.6549
478.6626
480.7839
482.7731
485.1049
487.0901
489.1861
491.0409
493.1749
495.2107
496.9778
498.8398
500.9559
502.7756
504.8465
506.7576
508.3936
510.1428
512.2507
514.4852
516.6533
518.5262
520.4747
522.3222
524.2213
526.0525
528.1808
530.3177
532.1635
533.934
535.8455
538.1731
539.9501
542.1682
543.9149
545.9174
547.8721
549.6425
551.5301
553.4939
555.5829
557.3588
559.252
561.2616
563.1969
565.1383
566.8045
568.6375
570.5461
572.4299
574.2787
575.8995
577.9098
579.7781
581.2626
583.0538
584.8003
586.8189
588.7045
590.4318
591.9274
593.7695
595.5902
597.6693
599.553
601.2383
603.2101
605.5699
607.5729
609.8203
611.8422
613.807
615.8637
617.8581
620.2596
622.4618
624.6277
626.8059
629.241
631.5724
633.8087
635.9939
638.3767
640.6936
643.1434
645.5534
647.7427
650.1162
652.4591
654.7188
657.0286
659.1515
661.7197
663.8173
666.0367
668.2038
670.2758
672.479
674.8787
677.2825
679.9104
682.1764
684.3502
686.6658
688.8543
690.9777
693.3419
695.4358
697.905
700.0609
702.1681
704.4544
707.012
709.2296
711.3277
713.4442
715.9785
718.1723
720.4075
722.7014
724.9726
726.9871
729.1446
731.2417
733.5421
735.5843
737.5673
739.9513
742.1428
743.9928
746.1187
748.094
750.3366
752.1285
754.0548
