4.0
4.0
4.3159
4.657
4.9671
5.3
5.6444
5.9469
6.2744
6.629
6.9997
7.3614
7.7201
8.066
8.4179
8.7618
9.1137
9.492
9.8734
10.2029
10.5634
10.8956
11.2527
11.5758
11.9259
12.2728
12.6478
12.9608
13.3113
13.6906
14.0747
14.4875
14.8445
15.1993
15.5461
15.924
16.3384
16.7332
17.1088
17.5282
17.8999
18.3042
18.666
19.0553
19.4098
19.7313
20.1173
20.5046
20.8905
21.2453
21.6188
22.016
22.3983
22.7034
23.0728
23.5023
23.8881
24.3117
24.7178
25.0926
25.524
25.9576
26.3542
26.819
27.2118
27.5732
28.0355
28.4511
28.9293
29.3699
29.8154
30.2227
30.6425
31.0957
31.6224
32.0674
32.5603
33.0479
33.5737
34.0372
34.5732
35.0201
35.4981
35.9687
36.3967
36.9008
37.4035
37.9077
38.3254
38.801
39.3302
39.8025
40.3016
40.7835
41.2694
41.7513
42.2777
42.7671
43.2713
43.7521
44.2235
44.7121
45.1904
45.6998
46.1945
46.7172
47.1901
47.7134
48.2554
48.8006
49.2769
49.7594
50.2241
50.8017
51.2883
51.8371
52.3558
52.901
53.4409
53.9878
54.5794
55.1277
55.7392
56.293
56.77
57.3206
57.8299
58.2961
58.8176
59.2494
59.7475
60.2244
60.5891
60.9757
61.3547
61.7741
62.123
62.4636
62.795
63.0765
63.4432
63.7148
63.9328
64.2714
64.6098
64.87
65.2212
65.4512
65.6452
65.973
66.1395
66.3712
66.5597
66.9152
67.2767
67.6087
67.9388
68.1481
68.4002
68.6322
68.8038
69.0656
69.1984
69.4034
69.4728
69.6141
69.8838
70.1404
70.3344
70.5764
70.7788
70.9253
71.0761
71.2444
71.3848
71.5253
71.7061
71.8976
72.1087
72.2773
72.4195
72.5866
72.6958
72.9545
73.1874
73.3761
73.53
73.7113
73.944
74.0536
74.2317
74.4691
74.7198
74.805
74.9997
75.1957
75.4033
75.5559
75.794
76.0357
