19.0
19.0
18.874300000000034
18.752999999999986
18.614499999999992
18.48920000000002
18.364899999999967
18.236300000000007
18.116799999999955
17.98220000000005
17.849100000000064
17.72400000000002
17.596699999999984
17.47370000000002
17.348000000000038
17.226099999999956
17.09699999999989
16.958800000000004
16.837199999999946
16.708500000000043
16.57769999999995
16.44429999999994
16.322300000000016
16.194599999999976
16.068599999999975
15.941
15.822
15.6921
15.5556
15.421700000000003
15.291999999999994
15.1662
15.023900000000006
14.903699999999988
14.776500000000006
14.6483
14.51939999999997
14.398399999999993
14.263600000000011
14.1281
14.00030000000002
13.868200000000005
13.73649999999999
13.600899999999985
13.48010000000001
13.357799999999997
13.220499999999976
13.080100000000023
12.957299999999993
12.836099999999982
12.71580000000001
12.588699999999964
12.454400000000012
12.333799999999973
12.226200000000038
12.128899999999982
12.04060000000003
11.9457
11.858199999999973
11.77370000000002
11.69250000000001
11.611200000000014
11.534000000000006
11.456099999999974
11.3817
11.310299999999982
11.235899999999988
11.16410000000005
11.083799999999975
11.008300000000041
10.929799999999979
10.855300000000026
10.781300000000046
10.700599999999989
10.620800000000044
10.544000000000024
10.465200000000019
10.39199999999999
10.320900000000018
10.255900000000043
10.175499999999992
10.105899999999995
10.030400000000016
9.951899999999991
9.88079999999999
9.801800000000048
9.72790000000004
9.658900000000045
9.5887
9.51660000000002
9.45069999999999
9.382199999999974
9.312599999999973
9.238200000000017
9.166200000000027
9.096799999999973
9.026999999999974
8.961000000000007
8.88589999999999
8.813199999999997
8.747500000000027
8.692200000000032
8.62009999999996
8.547599999999976
8.47019999999995
8.400099999999963
8.33760000000002
8.270600000000023
8.207900000000022
8.137799999999995
8.075200000000027
8.013500000000036
7.9525
7.894400000000012
7.8276
7.7612
7.6986
7.627200000000001
7.5573
7.4923
7.4295
7.363200000000003
7.296099999999998
7.235899999999997
7.170499999999999
7.108100000000006
7.0496
6.995199999999988
6.946000000000009
6.903000000000003
6.869499999999997
6.836400000000003
6.8095
6.777800000000012
6.755800000000009
6.737800000000007
6.7250999999999825
6.711300000000017
6.704100000000004
6.692099999999991
6.681999999999994
6.669600000000002
6.664999999999986
6.650800000000003
6.645400000000017
6.629300000000011
6.614699999999994
6.602899999999991
6.596799999999993
6.585799999999991
6.5753999999999975
6.559899999999999
6.5570999999999895
6.54530000000001
6.541399999999992
6.528699999999995
6.5231
6.521000000000008
6.5186000000000135
6.518100000000016
6.508700000000002
6.497899999999993
6.486899999999999
6.482700000000011
6.468600000000002
6.461900000000013
6.4618999999999955
6.452899999999992
6.444699999999998
6.433399999999984
6.426700000000013
6.420399999999997
6.413300000000008
6.409899999999992
6.399199999999999
6.384699999999997
6.373899999999991
6.363099999999981
6.338200000000012
6.324700000000006
6.31019999999999
6.3092
6.306899999999989
6.290599999999996
6.274599999999994
6.267199999999974
6.254599999999997
6.241600000000009
6.22489999999999
6.2069000000000125
6.201900000000017
6.184000000000009
6.185500000000008
6.172399999999996
6.167000000000018
6.161200000000004
6.152100000000011
6.150399999999974
6.145100000000015
6.135999999999996
