6.0
6.0
5.980500000000011
5.959299999999999
5.940300000000007
5.919300000000005
5.901099999999997
5.883300000000011
5.8639000000000046
5.843999999999995
5.8299
5.814100000000004
5.794199999999989
5.777799999999995
5.759599999999999
5.741199999999989
5.723300000000008
5.708800000000009
5.689000000000006
5.671899999999998
5.655500000000005
5.637299999999988
5.617900000000004
5.6017999999999954
5.584300000000014
5.565699999999979
5.54820000000001
5.532500000000009
5.513900000000009
5.499699999999984
5.483299999999992
5.468699999999983
5.4525000000000095
5.4331999999999825
5.417599999999989
5.399500000000003
5.382699999999999
5.365500000000014
5.353699999999996
5.340499999999987
5.3235
5.310000000000006
5.294099999999967
5.277900000000007
5.261000000000001
5.247500000000022
5.229499999999992
5.210000000000005
5.194399999999998
5.17779999999998
5.160199999999987
5.143000000000005
5.127800000000005
5.109900000000017
5.101999999999991
5.093999999999992
5.085000000000002
5.082600000000012
5.080699999999997
5.079700000000023
5.084599999999993
5.089300000000019
5.093800000000031
5.099300000000013
5.109400000000004
5.117299999999981
5.123600000000003
5.133399999999982
5.1412000000000315
5.149599999999999
5.157200000000022
5.167999999999988
5.1740999999999975
5.184800000000015
5.192799999999985
5.203899999999986
5.210599999999976
5.222599999999989
5.232599999999988
5.240199999999999
5.25089999999998
5.260699999999982
5.2695
5.280499999999986
5.29010000000002
5.296299999999994
5.307099999999984
5.317999999999992
5.32999999999998
5.337199999999995
5.3453999999999935
5.3605000000000045
5.368799999999985
5.379900000000008
5.391700000000008
5.40059999999998
5.412000000000008
5.422500000000004
5.433199999999986
5.443500000000003
5.457299999999992
5.465399999999988
5.478100000000016
5.487200000000012
5.498699999999994
5.5075999999999885
5.517100000000028
5.527799999999997
5.540900000000009
5.551600000000008
5.562599999999999
5.570200000000001
5.578000000000014
5.590000000000007
5.6000000000000085
5.609600000000019
5.618100000000017
5.624899999999985
5.633600000000011
5.640899999999999
5.651600000000007
5.659600000000007
5.674999999999991
5.683899999999987
5.695800000000013
5.703199999999989
5.71149999999999
5.721799999999989
5.7324000000000055
5.745499999999993
5.751799999999985
5.763499999999983
5.777100000000003
5.787599999999994
5.797399999999987
5.810600000000006
5.821500000000013
5.831899999999986
5.843299999999983
5.8599999999999834
5.873200000000006
5.885400000000004
5.899099999999989
5.916299999999994
5.9290999999999965
5.9436000000000035
5.958899999999999
5.975099999999986
5.989500000000016
6.0040000000000004
6.017900000000015
6.034499999999998
6.047499999999997
6.062600000000009
6.077500000000014
6.093500000000013
6.1128000000000124
6.123799999999983
6.1387999999999865
6.1533
6.167100000000022
6.1835
6.199400000000002
6.219599999999992
6.2375000000000105
6.255300000000013
6.271599999999998
6.287700000000018
6.307
6.327300000000001
6.3448
6.365499999999987
6.388300000000001
6.406999999999994
6.425100000000012
6.443099999999981
6.461799999999989
6.480999999999995
6.49999999999999
6.5198999999999865
6.539200000000014
6.556100000000004
6.583300000000012
6.59969999999998
6.6232
6.644200000000003
6.66220000000001
6.687000000000006
6.702799999999997
6.724999999999985
6.747399999999997
6.767599999999997
6.7836
6.8064
6.822900000000007
6.8411
6.857599999999994
6.8748000000000085
6.894000000000009
6.918600000000004
