1.0
1.0
0.981
0.9624
0.9493
0.9332
0.9162
0.9006
0.8849
0.8712
0.8566
0.8443
0.8342
0.8198
0.8101
0.7947
0.7804
0.7662
0.7505
0.7385
0.7256
0.7139
0.6977
0.6906
0.6745
0.6634
0.6523
0.6447
0.6332
0.622
0.6127
0.6069
0.5975
0.5942
0.5864
0.5769
0.5688
0.5607
0.5452
0.536
0.5292
0.5208
0.5103
0.5018
0.4922
0.4895
0.4869
0.4788
0.4721
0.4649
0.4546
0.449
0.4427
0.4342
0.4266
0.4203
0.4158
0.4134
0.4104
0.4052
0.402
0.4017
0.3999
0.3948
0.3945
0.3944
0.394
0.3899
0.3895
0.3916
0.3897
0.3902
0.3901
0.3874
0.3865
0.3843
0.3837
0.3804
0.3793
0.3818
0.3778
0.3771
0.3714
0.3682
0.3691
0.3611
0.3636
0.3659
0.3678
0.37
0.369
0.3702
0.3679
0.3659
0.3635
0.3596
0.3599
0.3601
0.361
0.3572
0.3589
0.3555
0.3539
0.3544
0.3552
0.3561
0.3519
0.3506
0.3461
0.349
0.3495
0.3462
0.3462
0.3465
0.3444
0.3454
0.3467
0.35
0.348
0.3457
0.3457
0.3431
0.3407
0.3407
0.3398
0.3377
0.3336
0.3322
0.329
0.3289
0.329
0.3301
0.329
0.3291
0.3307
0.3287
0.3292
0.328
0.326
0.3245
0.3211
0.3228
0.3255
0.3257
0.3287
0.33
0.3302
0.3333
0.3339
0.3354
0.3364
0.3352
0.3352
0.338
0.3384
0.3366
0.333
0.3392
0.3376
0.3342
0.3349
0.3328
0.3336
0.3373
0.3366
0.3394
0.3465
0.3465
0.3433
0.3426
0.3455
0.3496
0.3524
0.3532
0.3494
0.3521
0.3538
0.3505
0.3491
0.3474
0.3511
0.3496
0.3539
0.352
0.351
0.3482
0.3526
0.3516
0.3522
0.3508
0.3483
0.3487
0.3493
0.3454
0.3458
0.3449
0.3471
0.3477
0.346
0.3487
