17.0
17.0
16.873499999999996
16.750299999999985
16.618400000000058
16.488099999999914
16.352600000000002
16.21750000000002
16.086699999999915
15.9496
15.8061
15.672799999999997
15.5362
15.3957
15.257899999999994
15.113200000000003
14.972
14.828300000000011
14.6862
14.538
14.3986
14.254100000000017
14.102899999999995
13.953999999999978
13.811400000000024
13.6556
13.502800000000015
13.348499999999985
13.197799999999997
13.04820000000002
12.8914
12.742200000000011
12.587800000000012
12.437299999999984
12.282100000000009
12.126799999999994
11.970700000000008
11.81579999999999
11.665600000000019
11.511399999999972
11.359800000000014
11.20800000000002
11.053699999999962
10.896299999999979
10.74039999999995
10.587599999999988
10.431900000000002
10.280600000000044
10.129499999999986
9.971400000000024
9.81869999999999
9.65499999999999
9.500000000000009
9.344299999999967
9.199499999999986
9.067799999999997
8.945700000000004
8.833200000000076
8.727500000000019
8.624600000000026
8.524499999999989
8.426200000000037
8.328200000000006
8.236699999999983
8.143500000000016
8.06020000000005
7.9711
7.8852
7.8047
7.7202
7.6362999999999985
7.555899999999997
7.477700000000001
7.392600000000006
7.3123
7.223999999999998
7.13969999999999
7.055599999999997
6.9738
6.889099999999997
6.809700000000001
6.723600000000006
6.64110000000001
6.557699999999994
6.4747999999999895
6.3929999999999945
6.314599999999989
6.235300000000011
6.159499999999998
6.0759000000000185
6.0037000000000145
5.9254
5.843599999999983
5.768300000000017
5.692300000000002
5.617099999999979
5.539100000000027
5.4556000000000076
5.3823000000000025
5.3023
5.2262999999999895
5.158800000000024
5.084099999999985
5.013600000000002
4.9414000000000025
4.871700000000016
4.7997
4.726500000000005
4.648799999999983
4.5772000000000075
4.509800000000021
4.438399999999979
4.370199999999995
4.3010000000000055
4.22760000000001
4.15420000000003
4.083800000000023
4.0181999999999904
3.956
3.8939
3.8292000000000006
3.7626999999999984
3.703
3.640799999999999
3.580900000000006
3.5228999999999986
3.4695999999999985
3.4069999999999987
3.3526999999999965
3.2902000000000045
3.2395000000000094
3.183600000000001
3.1298999999999957
3.072600000000001
3.0241999999999933
2.974099999999991
2.926000000000001
2.876800000000004
2.8313999999999986
2.7876000000000034
2.7383
2.6975999999999964
2.6468000000000047
2.605299999999994
2.5639999999999987
2.5206999999999904
2.4766000000000092
2.4316000000000066
2.3924999999999916
2.3574999999999973
2.316800000000008
2.2775000000000105
2.2358999999999964
2.1958999999999937
2.1539000000000064
2.1164999999999954
2.0847999999999955
2.0480999999999985
2.0147000000000075
1.9804999999999986
1.9507999999999996
1.916400000000001
1.8810999999999993
1.8497
1.8193000000000015
1.7909999999999986
1.7594999999999983
1.730700000000002
1.6989000000000036
1.6697000000000037
1.6387999999999974
1.6076000000000008
1.5779999999999994
1.5571000000000041
1.5296999999999985
1.505799999999999
1.476899999999999
1.4492999999999967
1.426299999999999
1.4067999999999987
1.3807999999999978
1.3554999999999988
1.3324999999999951
1.3087000000000006
1.289799999999991
1.2674999999999998
1.2456999999999954
1.223900000000006
1.204399999999996
1.1853999999999982
1.1661000000000024
1.1465000000000047
1.128600000000003
1.1082999999999952
1.0871000000000017
1.0685999999999989
1.0510000000000015
1.0356000000000016
1.0187000000000028
1.0046000000000006
