7.0
7.0
6.8333
6.670899999999994
6.506899999999989
6.335499999999997
6.171799999999998
6.008900000000005
5.8456999999999875
5.68690000000001
5.520899999999994
5.357700000000015
5.194300000000014
5.033899999999994
4.8728000000000025
4.708500000000009
4.542599999999977
4.382800000000028
4.219899999999973
4.055699999999978
3.8934
3.7334999999999985
3.5829000000000013
3.430499999999997
3.286300000000006
3.13880000000001
2.993499999999992
2.856100000000001
2.7208000000000103
2.5996999999999932
2.4797000000000144
2.3530999999999977
2.234899999999999
2.1311000000000067
2.0196999999999985
1.9198999999999993
1.8242999999999994
1.7238
1.6282000000000025
1.5343000000000004
1.4489999999999976
1.374099999999998
1.2984000000000038
1.227199999999996
1.155700000000004
1.0905000000000005
1.0310000000000035
0.9739
0.9226
0.8706999999999991
0.8240999999999995
0.7777
0.7360000000000007
0.6999000000000022
0.6656000000000009
0.6385000000000011
0.6167999999999996
0.6021000000000014
0.5865999999999988
0.575099999999996
0.565999999999999
0.5572000000000007
0.5504999999999977
0.5468999999999982
0.5450999999999977
0.5420000000000004
0.5417
0.5400999999999994
0.5399999999999968
0.5364000000000003
0.5348000000000016
0.5334999999999996
0.5326000000000015
0.5352000000000044
0.5332000000000015
0.5324999999999999
0.5320000000000014
0.5344000000000007
0.5350999999999999
0.534200000000001
0.534600000000001
0.5327999999999975
0.5319
0.5301999999999998
0.5306999999999977
0.5269000000000001
0.5245000000000011
0.5229000000000006
0.520799999999999
0.5171000000000038
0.515500000000005
0.5149999999999971
0.5133000000000012
0.511199999999997
0.5108000000000006
0.5117999999999946
0.511500000000002
0.5092000000000008
0.5091999999999982
0.5066999999999968
0.5054000000000023
0.5035
0.5005999999999993
0.5010999999999991
0.5020000000000004
0.4960000000000003
0.49519999999999925
0.49360000000000037
0.4895
0.48880000000000007
0.4875999999999998
0.4851
0.4825
0.4825
0.47929999999999984
0.4798000000000001
0.4766000000000001
0.47740000000000016
0.4754
0.4725000000000002
0.4722
0.4697
0.4672999999999998
0.4641000000000002
0.462
0.45969999999999983
0.45920000000000016
0.4592999999999998
0.45579999999999965
0.45429999999999965
0.45100000000000035
0.44580000000000036
0.4411000000000004
0.43630000000000074
0.43249999999999983
0.42850000000000016
0.42330000000000056
0.41590000000000027
0.4063999999999988
0.4000999999999988
0.3953999999999994
0.3885999999999992
0.38209999999999966
0.3749000000000006
0.3668000000000004
0.36180000000000007
0.3561999999999994
0.35340000000000044
0.3479999999999999
0.3425000000000011
0.33420000000000005
0.3302999999999997
0.32119999999999943
0.3172999999999996
0.31650000000000084
0.30930000000000024
0.3031999999999992
0.2988999999999995
0.2945
0.288999999999999
0.2834000000000002
0.27809999999999957
0.2766999999999982
0.2735
0.2684999999999996
0.265999999999999
0.2613999999999997
0.2610999999999997
0.2576999999999982
0.2536999999999989
0.24919999999999995
0.2462
0.24319999999999992
0.24120000000000008
0.2384
0.23399999999999996
0.23099999999999982
0.2279000000000001
0.22789999999999982
0.23069999999999988
0.2299
0.22930000000000006
0.22850000000000004
0.227
0.22510000000000008
0.22249999999999986
0.22039999999999982
0.22289999999999996
0.22209999999999983
0.2215999999999999
0.21779999999999955
0.21069999999999955
0.21020000000000044
0.2100000000000001
0.21029999999999946
0.21020000000000008
0.20649999999999977
0.20020000000000024
0.20230000000000029
0.19949999999999954
