3375.0
3375.0
3428.1746
3479.3972
3525.7743
3572.1159
3614.3339
3655.2843
3695.1809
3732.9333
3767.8797
3799.1279
3829.1894
3859.2392
3884.2514
3909.7407
3933.2258
3960.2463
3982.9892
4005.9024
4028.2369
4047.5772
4067.0028
4082.8737
4097.6547
4116.1447
4132.4534
4147.3802
4157.0954
4172.2566
4183.5742
4195.284
4205.6047
4215.0693
4226.1238
4237.8384
4247.4153
4255.3979
4262.6845
4271.6842
4280.5313
4288.8254
4296.8417
4305.6707
4309.9148
4315.3475
4323.5164
4328.9519
4335.4519
4341.5235
4347.0214
4352.384
4355.317
4362.6309
4367.762
4374.0411
4380.4377
4384.9502
4390.8466
4394.8256
4398.6725
4399.385
4404.2174
4407.7449
4409.4597
4413.2674
4415.5676
4421.3155
4424.9006
4427.4326
4431.437
4431.2683
4434.5628
4440.4502
4443.9992
4446.6696
4447.8346
4449.3834
4450.4325
4450.2733
4450.5271
4450.6
4449.9998
4451.9717
4451.6751
4451.4215
4452.451
4454.0592
4454.7589
4450.2196
4452.7872
4451.9039
4452.0029
4451.3606
4451.9868
4451.8908
4452.9474
4454.8606
4452.3035
4450.8564
4447.5615
4445.2984
4443.1778
4445.4572
4445.9041
4440.7677
4441.3708
4439.1056
4439.468
4437.3647
4435.0809
4432.8363
4431.4736
4429.1854
4425.8886
4425.2148
4426.5485
4427.0913
4424.7924
4420.7336
4418.2555
4417.1496
4414.8628
4414.4458
4413.7943
4412.6579
4409.6959
4408.336
4404.6657
4400.9827
4398.4437
4397.2541
4394.2582
4385.0327
4377.0557
4370.3643
4361.1801
4353.4446
4345.5596
4339.5638
4332.532
4322.0365
4312.8857
4302.9115
4293.1863
4283.9844
4272.8065
4264.0833
4252.6646
4241.1104
4231.5212
4221.5131
4212.7127
4200.8056
4186.8317
4174.5246
4161.8393
4148.3331
4137.0292
4125.2661
4109.1725
4096.8114
4083.2349
4067.7929
4053.6954
4041.7974
4026.2339
4013.563
4000.5884
3981.6862
3971.0899
3957.123
3944.5902
3930.3016
3916.5918
3904.6103
3890.0957
3873.0529
3858.3324
3842.0871
3827.7559
3812.4235
3796.4194
3780.9858
3764.9106
3753.3662
3742.2287
3731.1068
3716.834
3700.7315
3685.3492
3668.7005
3651.5788
3634.9948
3620.6732
3605.4832
3588.4256
3577.3187
3564.5309
3546.9265
