0.0
0.0
0.0011
0.0024
0.0036
0.0048
0.0058
0.0061
0.0074
0.0086
0.0099
0.0115
0.0124
0.0133
0.0144
0.0152
0.017
0.0184
0.0203
0.0211
0.0226
0.0242
0.0258
0.027
0.0283
0.0291
0.0307
0.0321
0.0334
0.0354
0.0371
0.0389
0.0408
0.0435
0.0443
0.0458
0.047
0.049
0.05
0.0511
0.052
0.0534
0.0544
0.0556
0.0569
0.0577
0.059
0.0604
0.062
0.0639
0.0653
0.0663
0.0681
0.0687
0.0699
0.0709
0.0731
0.0745
0.0766
0.0784
0.0804
0.0813
0.0841
0.0866
0.0891
0.0909
0.0921
0.0953
0.0986
0.1013
0.1038
0.1064
0.11
0.1128
0.115
0.1164
0.1184
0.1211
0.1234
0.1265
0.1302
0.1337
0.1384
0.142
0.146
0.1488
0.1521
0.1563
0.1601
0.1644
0.1688
0.1738
0.1776
0.1809
0.1845
0.1891
0.1927
0.1975
0.2018
0.2055
0.2095
0.2124
0.2166
0.2205
0.2256
0.2316
0.2383
0.2438
0.249
0.2546
0.2589
0.2622
0.2679
0.2735
0.2786
0.2824
0.2883
0.2952
0.3012
0.306
0.3138
0.3204
0.3245
0.3302
0.3387
0.3436
0.3487
0.3556
0.3599
0.3664
0.3715
0.377
0.3829
0.3903
0.3945
0.4015
0.4088
0.4173
0.4217
0.4292
0.435
0.4402
0.4464
0.4521
0.4579
0.4624
0.4671
0.4747
0.4793
0.4838
0.4904
0.4993
0.5052
0.5104
0.5152
0.5212
0.525
0.529
0.5339
0.5423
0.5476
0.5545
0.5561
0.5604
0.5667
0.5759
0.5797
0.5849
0.5908
0.5959
0.6016
0.6084
0.6136
0.6172
0.6217
0.6263
0.6325
0.6367
0.6394
0.648
0.653
0.656
0.6606
0.6655
0.6683
0.6727
0.6774
0.684
0.6916
0.6963
0.7002
0.7061
0.7105
0.7156
0.7195
0.7262
0.7306
0.7382
0.7413
0.7455
