15.0
15.0
15.0716
15.140599999999994
15.202500000000002
15.2643
15.3209
15.374699999999994
15.427699999999998
15.4773
15.522899999999996
15.563900000000006
15.6026
15.6416
15.6734
15.7059
15.7358
15.7701
15.7988
15.8274
15.8551
15.879
15.903
15.9225
15.9405
15.9631
15.983
16.001000000000044
16.0118
16.029600000000013
16.042599999999943
16.05600000000008
16.0675000000001
16.078499999999963
16.09120000000001
16.104600000000016
16.115700000000086
16.124299999999938
16.131699999999963
16.141600000000007
16.15130000000009
16.16060000000011
16.169299999999957
16.178900000000098
16.182799999999908
16.187899999999964
16.196799999999893
16.202299999999983
16.20910000000006
16.21530000000006
16.220799999999876
16.22660000000002
16.228600000000068
16.236299999999957
16.241600000000016
16.247699999999902
16.25369999999996
16.257800000000007
16.263400000000004
16.266800000000046
16.269499999999987
16.268599999999946
16.272799999999922
16.275899999999957
16.276499999999974
16.27960000000003
16.280599999999904
16.285899999999938
16.28840000000004
16.28960000000004
16.29259999999997
16.291299999999996
16.29360000000004
16.298600000000103
16.30159999999996
16.303199999999993
16.303600000000028
16.303200000000043
16.30290000000004
16.30089999999983
16.299700000000062
16.297599999999992
16.295000000000076
16.295299999999948
16.29330000000008
16.291099999999958
16.29040000000008
16.29000000000001
16.288900000000048
16.281400000000026
16.282799999999906
16.279699999999973
16.277900000000017
16.27520000000008
16.27380000000003
16.271399999999957
16.271399999999943
16.271799999999942
16.266500000000036
16.263000000000023
16.256700000000013
16.252000000000052
16.248199999999915
16.248799999999978
16.24750000000003
16.23929999999989
16.238800000000104
16.23380000000003
16.232599999999987
16.228100000000115
16.223700000000076
16.218900000000055
16.21519999999992
16.211200000000147
16.2054000000001
16.20240000000003
16.20169999999998
16.200300000000016
16.19580000000001
16.188799999999922
16.183299999999928
16.179600000000054
16.175800000000056
16.172799999999974
16.17050000000012
16.166900000000005
16.16169999999998
16.15840000000001
16.15229999999986
16.14550000000002
16.139700000000023
16.135100000000033
16.128400000000045
16.115300000000143
16.102099999999965
16.090500000000002
16.07610000000007
16.06319999999995
16.050199999999943
16.04000000000003
16.02820000000017
16.011699999999937
15.997699999999947
15.982299999999995
15.9675
15.9534
15.9355
15.9213
15.9032
15.8852
15.8696
15.8527
15.8381
15.8194
15.7991
15.7794
15.7589
15.737699999999997
15.721
15.7017
15.6755
15.6564
15.6351
15.6125
15.5916
15.5718
15.5477
15.526
15.5036
15.4756
15.457900000000006
15.435600000000006
15.414599999999997
15.392200000000006
15.3702
15.3503
15.3263
15.298900000000009
15.274199999999997
15.2487
15.2239
15.198699999999993
15.172000000000006
15.1458
15.120000000000006
15.0998
15.079100000000002
15.059600000000009
15.0338
15.00769999999999
14.983000000000006
14.954899999999995
14.924800000000003
14.89780000000001
14.873600000000005
14.8474
14.819600000000007
14.799500000000005
14.7767
14.746899999999982
