32.0
32.0
31.9893
31.979
31.9698
31.9606
31.9511
31.938
31.9275
31.9172
31.9087
31.8988
31.8919
31.884
31.8748
31.8687
31.8564
31.8471
31.8383
31.8281
31.8157
31.8076
31.799
31.7933
31.785299999999996
31.7794
31.7714
31.7636
31.755
31.7484
31.7377
31.7299
31.7213
31.7121
31.7041
31.6963
31.6863
31.6762
31.6681
31.6605
31.6518
31.642600000000005
31.6327
31.6239
31.6153
31.6069
31.5949
31.5861
31.5819
31.5726
31.5647
31.556
31.5473
31.5408
31.5351
31.5241
31.5109
31.5014
31.4859
31.4716
31.456899999999994
31.443099999999987
31.4295
31.4155
31.403299999999994
31.3886
31.3734
31.3575
31.3451
31.3306
31.3145
31.3
31.2867
31.2712
31.258
31.2399
31.22560000000001
31.2091
31.1916
31.1739
31.160599999999995
31.1467
31.1302
31.116
31.101000000000006
31.086200000000005
31.067900000000005
31.0537
31.03669999999999
31.0222
31.0051
30.9868
30.970300000000005
30.9571
30.944299999999995
30.9293
30.9136
30.90079999999999
30.8825
30.8636
30.8481
30.83549999999999
30.8217
30.8035
30.788
30.77309999999999
30.7622
30.745999999999988
30.7313
30.716200000000004
30.7002
30.6837
30.6654
30.650100000000013
30.635699999999975
30.622399999999995
30.607200000000006
30.5925
30.580800000000025
30.5639
30.550500000000007
30.5391
30.521999999999995
30.5062
30.4886
30.4745
30.45709999999999
30.441400000000012
30.426399999999987
30.41339999999999
30.4052
30.396500000000007
30.387099999999993
30.379500000000025
30.37470000000001
30.366500000000006
30.363500000000013
30.3594
30.3581
30.353099999999987
30.351799999999983
30.3493
30.346400000000006
30.345199999999977
30.346600000000013
30.34450000000001
30.341700000000017
30.342100000000013
30.34
30.340400000000006
30.339499999999987
30.337699999999995
30.337799999999987
30.335999999999995
30.33509999999999
30.33800000000001
30.33809999999999
30.3406
30.341900000000013
30.342500000000012
30.34439999999999
30.3441
30.34560000000001
30.34750000000001
30.3471
30.346900000000023
30.3487
30.3478
30.35020000000001
30.3518
30.3538
30.3562
30.35940000000001
30.35959999999999
30.3655
30.368100000000013
30.368
30.3716
30.373999999999977
30.377500000000012
30.37809999999999
30.3806
30.383799999999994
30.387599999999978
30.3906
30.390900000000006
30.3925
30.395100000000006
30.398499999999988
30.401699999999977
30.4043
30.402700000000006
30.404400000000006
30.405699999999996
30.407400000000013
30.410100000000025
30.41290000000001
30.4156
30.4159
30.4158
