13.0
13.0
13.029799999999991
13.061399999999958
13.0989
13.136699999999959
13.173800000000023
13.211800000000018
13.249599999999988
13.288399999999962
13.3261
13.357
13.395000000000017
13.432200000000009
13.463099999999994
13.497200000000007
13.533599999999995
13.574399999999994
13.604600000000021
13.643299999999977
13.683000000000023
13.723099999999983
13.756200000000023
13.796499999999995
13.825199999999992
13.865899999999982
13.902799999999989
13.941000000000006
13.977899999999982
14.012799999999983
14.052700000000023
14.0922
14.1296
14.164700000000005
14.202899999999989
14.240499999999988
14.281299999999995
14.323800000000002
14.360699999999998
14.396600000000012
14.431999999999995
14.4694
14.505899999999997
14.54659999999999
14.5876
14.619700000000009
14.6629
14.699000000000005
14.731100000000005
14.7646
14.8001
14.8403
14.875099999999994
14.909
14.943499999999995
14.980700000000011
15.023299999999997
15.063100000000002
15.099000000000006
15.1336
15.174299999999992
15.211099999999988
15.249000000000006
15.287499999999989
15.321999999999994
15.3565
15.3945
15.432
15.4651
15.5052
15.542900000000007
15.5787
15.6151
15.6507
15.6911
15.7259
15.7677
15.8062
15.847
15.8806
15.9154
15.9527
15.988699999999989
16.022600000000057
16.058399999999867
16.092399999999937
16.135599999999943
16.172100000000015
16.209600000000112
16.246599999999987
16.28539999999989
16.326999999999998
16.366100000000014
16.404500000000013
16.440900000000006
16.480200000000007
16.514599999999994
16.54910000000003
16.59029999999993
16.61990000000013
16.653100000000062
16.684599999999982
16.721699999999963
16.757600000000078
16.78639999999993
16.824399999999994
16.85529999999996
16.89930000000003
16.93769999999999
16.972499999999958
17.012500000000042
17.05079999999999
17.093700000000055
17.12689999999996
17.168499999999987
17.20640000000005
17.244200000000085
17.28160000000007
17.328399999999938
17.369500000000002
17.410100000000064
17.4487000000001
17.48779999999998
17.526299999999928
17.557700000000104
17.598299999999966
17.635700000000025
17.6714
17.707400000000035
17.73859999999997
17.77610000000007
17.81409999999999
17.8544
17.895799999999916
17.935099999999938
17.970499999999873
18.01330000000001
18.049900000000054
18.0861999999999
18.127499999999998
18.167099999999902
18.209799999999888
18.242299999999958
18.28780000000004
18.329499999999896
18.3684999999999
18.41019999999996
18.444900000000022
18.48279999999995
18.524500000000057
18.56269999999999
18.605899999999973
18.649300000000068
18.691699999999923
18.72570000000004
18.761200000000017
18.803900000000063
18.847199999999958
18.886900000000004
18.927400000000002
18.966900000000102
19.00620000000007
19.05140000000005
19.088100000000086
19.125199999999953
19.16610000000001
19.208100000000073
19.24440000000008
19.28039999999997
19.322499999999998
19.359500000000004
19.39330000000004
19.428700000000003
19.46199999999997
19.496800000000064
19.538099999999947
19.578199999999974
19.620199999999997
19.66349999999997
19.71220000000003
19.758900000000033
19.799599999999952
19.83820000000004
19.88099999999997
19.920900000000017
19.963400000000007
20.00379999999999
20.042399999999954
20.076800000000066
20.116999999999944
20.15049999999994
20.187300000000032
20.223100000000034
20.25909999999998
20.29530000000001
20.343499999999963
20.381800000000094
20.4188
20.45609999999998
20.493800000000018
