289.0
289.0
285.5299
282.3003
279.1775
275.9678
272.6922
269.4863
266.3096
263.2406
260.3185
257.184
254.0103
251.0414
248.0249
244.8296
241.8533
238.9513
235.9626
233.2075
230.4225
227.5374
224.7219
221.8764
219.0399
216.4158
213.6766
210.9177
208.1227
205.5116
202.9199
200.1291
197.4528
194.69
192.0988
189.6206
187.0562
184.3946
181.8011
179.2805
176.7787
174.3494
171.8989
169.3714
167.0864
164.7461
162.3392
159.8982
157.4898
155.0801
152.7918
150.495
148.1236
145.9413
143.7352
141.5392
139.3717
137.1774
135.0798
133.0247
130.9529
128.8227
126.6873
124.6727
122.5814
120.5664
118.6251
116.7955
114.9506
113.1095
111.0967
109.1341
107.3666
105.5055
103.7669
102.057
100.4293
98.7009
96.9005
95.1979
93.4422
91.8313
90.2964
88.639
87.0126
85.4482
83.8174
82.2277
80.6857
79.1697
77.7083
76.1585
74.6834
73.2182
71.723
70.3399
69.0217
67.6475
66.3684
65.0534
63.7364
62.3679
61.1668
59.8754
58.6509
57.3893
56.1576
55.0504
53.9111
52.7382
51.5963
50.4831
49.3621
48.3287
47.2806
46.211
45.1633
44.1514
43.1548
42.2117
41.2232
40.2676
39.2635
38.4007
37.5095
36.6101
35.8015
34.9691
34.2411
33.4812
32.8436
32.1988
31.5419
30.9243
30.2982
29.7244
29.1473
28.6107
28.1233
27.6514
27.1518
26.7059
26.2241
25.7835
25.3569
24.9601
24.5822
24.2116
23.8456
23.5015
23.1031
22.694
22.3493
21.9944
21.6548
21.3301
20.9946
20.6397
20.331
20.0574
19.7216
19.4006
19.1019
18.7721
18.4709
18.1812
17.9147
17.6546
17.3811
17.0977
16.8459
16.5728
16.3372
16.0751
15.814
15.5878
15.319
15.0666
14.8319
14.5985
14.3734
14.1524
13.9277
13.6859
13.456
13.2355
13.011
12.8309
12.6121
12.3954
12.2268
12.0409
11.8452
11.6352
11.4564
11.2909
11.0955
10.9255
10.7542
10.5685
