2197.0
2197.0
2216.123
2235.963
2259.1833
2282.6721
2306.1386
2329.9264
2354.149
2378.6168
2402.8195
2423.2564
2447.4894
2472.3876
2493.1233
2516.2658
2540.4858
2567.1204
2588.0276
2614.3115
2640.9396
2668.5599
2691.0984
2718.1501
2738.8434
2766.6953
2793.3614
2819.868
2846.0457
2871.0778
2899.3051
2928.468
2956.7084
2982.0737
3009.8361
3036.9967
3066.8719
3097.9482
3125.2341
3152.3084
3179.3048
3207.6856
3234.7461
3264.7466
3295.4056
3320.4985
3353.5093
3381.773
3407.6399
3434.6674
3464.0153
3495.2705
3523.4357
3551.1212
3579.2195
3609.7625
3644.8115
3677.8213
3708.5442
3738.424
3772.1727
3804.3821
3836.931
3870.0433
3899.8336
3929.3623
3961.8753
3994.3806
4023.1699
4058.1378
4090.6895
4121.9817
4154.2831
4185.7497
4222.3937
4253.9717
4290.5421
4326.6022
4363.4914
4394.854
4427.2462
4461.0491
4494.1373
4527.4094
4562.991
4595.1166
4636.0258
4672.1259
4707.855
4742.5132
4779.647
4818.8782
4858.2761
4895.8223
4930.5279
4968.993
5004.5258
5038.6517
5079.0501
5108.9309
5143.4113
5176.4854
5213.4693
5250.7472
5279.429
5317.216
5350.4119
5394.4557
5434.3695
5473.1469
5512.5523
5552.364
5597.9271
5631.2909
5672.1547
5713.2296
5754.2576
5794.3408
5843.8204
5887.4173
5933.2673
5975.6923
6021.089
6062.4405
6099.4193
6146.6697
6188.4863
6229.1108
6269.2082
6305.0468
6349.2389
6390.8587
6435.4952
6479.5658
6523.7567
6567.6461
6616.8703
6658.8979
6701.3446
6749.8593
6795.8439
6847.5358
6888.9575
6944.3308
6993.2755
7040.8723
7092.5314
7137.8337
7183.1812
7234.8823
7279.4765
7335.6779
7389.9367
7440.5201
7484.5929
7530.9988
7584.4223
7639.6134
7691.5759
7746.5764
7798.6095
7847.871
7903.2128
7952.6109
8003.3318
8054.4123
8111.7903
8160.2364
8209.1262
8262.2953
8313.1037
8359.2277
8405.2417
8452.5784
8502.0502
8559.9003
8612.6726
8671.0766
8730.9855
8795.638
8858.3295
8916.5384
8973.0568
9030.2646
9082.9527
9146.1392
9204.3142
9258.276
9309.3674
9364.238
9411.1477
9465.5109
9519.4741
9570.4585
9623.0607
9693.4403
9749.3554
9804.7976
9861.6693
9918.8786
