900.0
900.0
900.3412
900.5293
900.7994
900.646
900.9032
900.3935
900.2193
899.9154
899.4487
898.7033
898.0148
897.4687
896.7647
895.7678
894.8202
894.4968
893.5539
892.6398
891.6797
890.6687
889.2583
888.1353
886.8189
885.4985
883.9799
882.793
881.5511
880.4145
878.8762
877.4663
876.0702
874.5879
873.1234
871.797
870.1911
868.7366
866.6903
864.9617
863.2666
861.3032
859.3678
857.6955
855.8234
853.6408
851.8276
850.0456
848.2702
846.1385
843.947
841.9212
840.0275
837.9893
836.1752
834.6493
832.5286
831.2773
829.34
827.483
826.2149
824.8688
823.3742
822.1275
820.7222
819.5139
818.3069
816.9775
815.589
814.2251
812.8026
811.5769
810.2627
808.861
807.4638
806.3154
804.8905
803.4707
802.2664
800.8965
799.5243
798.1344
796.5781
795.4472
794.1019
792.7566
791.3574
789.7446
788.2076
786.6991
785.7067
784.3618
782.7872
781.3336
780.0366
778.4284
776.8514
775.5941
773.8509
772.671
771.4437
769.8445
768.0771
766.672
765.3752
763.9959
762.5191
760.9241
759.661
758.28
756.7472
755.32
754.0638
752.2839
750.826
749.3541
747.9603
746.2693
744.9254
743.3879
742.0494
740.1866
738.6434
737.3564
735.9899
734.39
732.6047
731.1019
729.6042
727.8456
726.2075
724.5914
722.8259
720.9577
719.2663
717.3211
715.3125
713.3185
711.5544
709.4328
707.5872
705.1353
703.201
700.8732
698.746
696.5167
694.0964
692.0976
689.8306
687.5656
685.6532
683.4922
681.3995
679.3315
676.9818
674.7122
672.6198
670.3396
667.7909
665.2056
663.0263
660.831
658.5819
656.352
654.2116
652.0901
649.6825
647.5149
645.3373
643.1265
641.0412
638.7
636.6911
634.324
632.0067
629.5479
627.1942
625.0961
622.8101
620.5262
618.1009
615.57
613.5054
611.028
608.9852
606.7654
604.4012
602.2238
600.083
597.8493
595.8004
593.7636
591.4736
588.9434
586.9221
584.9525
582.7318
580.3864
578.1614
576.1382
