36.0
36.0
36.2795
36.5131
36.7657
37.0435
37.2659
37.6
37.9146
38.2309
38.4898
38.7742
39.0694
39.3263
39.6514
39.9132
40.2816
40.5747
40.8635
41.1012
41.3529
41.6497
41.9335
42.2088
42.4642
42.7427
43.049
43.2772
43.5913
43.9189
44.2183
44.4979
44.809
45.0751
45.373
45.6268
45.8686
46.1646
46.4315
46.6975
46.9604
47.2107
47.4913
47.7302
47.9985
48.3422
48.6355
48.9029
49.2048
49.4449
49.7902
50.1193
50.3982
50.6343
50.9114
51.2446
51.6242
52.0132
52.394
52.7876
53.1099
53.4654
53.9476
54.2677
54.6699
55.0243
55.3847
55.7552
56.1722
56.5251
56.8599
57.2762
57.7331
58.1234
58.5904
59.0113
59.3878
59.7963
60.2238
60.6365
61.0648
61.4555
61.8491
62.3055
62.6696
63.0745
63.5195
63.9821
64.4408
64.7932
65.2137
65.594
65.9721
66.4008
66.7892
67.2222
67.6404
68.0282
68.4392
68.8197
69.1872
69.6313
69.9845
70.3877
70.8471
71.2119
71.4844
71.8057
72.1689
72.5056
72.8977
73.3309
73.7271
74.2271
74.6345
75.0054
75.4089
75.8352
76.2381
76.6198
77.1096
77.5678
77.9923
78.3328
78.7912
79.2212
79.5399
79.9057
80.2881
80.5756
80.8823
81.1264
81.3075
81.4426
81.6257
81.8248
81.945
82.1038
82.2005
82.3204
82.5032
82.6515
82.8693
83.0714
83.1522
83.245
83.396
83.5272
83.6083
83.7746
83.8111
83.9051
84.0622
84.1397
84.073
84.1319
84.2786
84.3532
84.4508
84.5349
84.5884
84.7148
84.7817
84.7744
84.84
84.8724
85.0199
84.9813
84.9977
85.0119
85.1368
85.2214
85.2318
85.2249
85.2668
85.3516
85.4405
85.4843
85.459
85.5718
85.589
85.6675
85.6137
85.6736
85.7644
85.7058
85.7161
85.7394
85.8314
85.8289
85.819
85.9422
85.9595
86.0524
86.095
86.1677
86.1347
86.1998
86.1954
86.2379
