169.0
169.0
170.6832
172.451
174.4079
176.4254
178.2447
180.0283
181.6074
183.415
185.0927
186.8437
188.2746
189.8294
191.3752
192.7595
194.2168
195.2551
196.8029
198.1809
199.6363
200.7819
202.0565
203.2267
204.485
205.6347
206.605
207.7555
208.9667
209.9798
211.1322
212.2017
212.9925
213.6637
214.5385
215.5162
216.3614
217.105
217.841
218.7584
219.6478
220.2971
221.0978
221.7859
222.2964
222.9915
223.7152
224.5325
225.2114
225.5961
226.1379
226.6058
227.1467
227.8411
228.5304
229.1764
229.8159
230.5723
231.0338
231.7454
232.4741
233.3641
234.1353
234.9246
235.4486
236.0938
236.7967
237.2997
237.8358
238.4621
239.1921
239.6993
240.488
241.2527
241.7708
242.3096
242.7715
243.4608
243.8871
244.4708
245.0423
245.7005
246.4426
246.9401
247.3463
247.7687
248.3489
248.727
249.3347
249.7672
250.4094
250.8578
251.3388
251.9301
252.3035
252.772
253.3077
253.6618
254.0685
254.3092
254.8583
255.3249
255.8152
256.4552
256.8624
257.3418
257.6994
258.0169
258.3538
258.7981
259.0978
259.5228
259.7938
260.0075
260.3709
260.722
261.1117
261.3538
261.8247
262.1365
262.3165
262.5676
262.9712
263.2937
263.4386
263.9376
264.2833
264.7286
265.1406
265.3272
265.6794
265.5605
265.5774
265.6952
265.8047
265.9475
266.2414
266.3726
266.3028
266.0306
265.7756
265.5745
265.7225
265.5889
265.6815
265.5125
265.3287
265.1184
265.0705
265.1518
265.0479
265.0501
264.7787
264.5874
264.5263
264.5204
264.3488
264.1769
264.2571
263.9979
263.75
263.6478
263.5848
263.4459
263.2378
263.0787
262.8073
262.7619
262.5378
262.184
262.0248
261.854
261.6472
261.5003
261.1793
261.1901
260.9581
260.9143
260.7773
260.7004
260.5842
260.122
260.0307
259.9105
259.7213
259.6782
259.4435
259.3868
259.1781
258.9518
258.821
258.519
258.1874
258.0983
257.8486
257.6732
257.4811
257.3788
257.2189
256.9216
