8.0
8.0
8.2296
8.4246
8.5841
8.7746
8.9594
9.0879
9.2788
9.3357
9.489
9.6542
9.7493
9.8709
10.011
10.1673
10.32
10.4392
10.4103
10.5525
10.6164
10.7695
10.922
11.1446
11.1146
11.1988
11.3532
11.548
11.6536
11.7755
11.8272
11.8426
11.8759
11.848
11.9493
12.0297
12.1263
12.1467
12.302
12.2838
12.4276
12.5264
12.5696
12.6805
12.7933
12.8927
12.8948
12.9564
13.0857
13.1415
13.0804
13.2012
13.2365
13.3184
13.5084
13.5172
13.7327
14.0017
14.1782
14.4173
14.652
14.7311
15.0444
15.3073
15.5434
15.7867
16.0371
16.3082
16.5618
16.8468
16.996
17.194
17.3958
17.6829
18.006
18.27
18.6277
18.9598
19.2535
19.4814
19.8682
20.1871
20.5128
20.8414
21.3194
21.6062
21.8825
22.2316
22.6063
22.8983
23.4187
23.6782
24.0375
24.2924
24.6496
25.0768
25.382
25.5958
25.9383
26.3991
26.862
27.418
27.925
28.4347
28.9266
29.3229
29.5892
29.9856
30.3528
30.7468
31.272
31.7485
32.1439
32.4384
32.8387
33.2778
33.8226
34.2418
34.6079
34.902
35.4075
35.9622
36.1895
36.5431
36.9968
37.4651
37.7825
38.0867
38.5812
39.0122
39.3284
39.8907
40.3269
40.6298
41.0052
41.4039
41.928
42.3773
42.8011
43.2665
43.6214
44.0809
44.1769
44.7008
45.1202
45.2862
45.618
45.9506
46.2412
46.4726
47.0076
47.521
47.9164
48.2699
48.7877
49.3452
49.7321
50.1609
50.4544
50.7967
51.2774
51.6858
52.249
52.8592
53.3299
53.8881
54.5527
55.0478
55.4919
55.8969
56.606
56.9013
57.4248
57.7924
58.1417
58.3871
58.877
59.5646
60.1179
60.8722
61.0556
61.6718
62.3658
62.8288
63.3895
63.8595
64.4283
64.7113
65.3868
65.6685
66.4341
66.9237
67.0945
67.3748
67.6961
67.9729
68.5708
68.5847
68.8691
69.1472
