729.0
729.0
744.6653
758.7506
773.1263
788.8874
802.2644
816.2501
828.5647
841.0213
854.046
866.0898
877.8678
891.0304
900.8566
913.127
925.8192
936.506
946.7657
957.3037
968.0522
978.1527
988.4252
999.8959
1009.2544
1018.7498
1030.0556
1039.0975
1046.5125
1056.9798
1067.6907
1076.5959
1085.0335
1094.1429
1100.2534
1109.13
1117.572
1127.1483
1135.792
1145.2728
1153.2745
1161.027
1169.3838
1178.1389
1189.2362
1197.0164
1203.8906
1212.4504
1220.2957
1229.4536
1238.2188
1245.6285
1252.9715
1259.7767
1266.7969
1274.3051
1283.0505
1290.7038
1297.6672
1304.9298
1311.8611
1316.9817
1325.5018
1333.7975
1339.1748
1344.9002
1351.6403
1356.9309
1364.2593
1370.2151
1374.7028
1379.1125
1383.728
1389.5493
1396.6268
1402.3808
1409.562
1415.5189
1421.886
1427.9614
1434.7753
1440.0443
1443.6336
1450.804
1456.4973
1462.8137
1468.6912
1475.6882
1479.1815
1486.12
1493.9171
1498.2557
1504.4658
1509.6524
1517.2858
1523.0509
1528.1961
1533.8639
1541.3013
1547.3511
1551.223
1557.6997
1563.4906
1570.2194
1578.2161
1581.9478
1588.4441
1592.9741
1599.1315
1603.4779
1607.8092
1613.3323
1620.6639
1625.9165
1632.9143
1638.359
1646.2597
1652.2073
1659.4349
1665.4412
1670.2311
1678.9259
1685.718
1691.4136
1696.9928
1705.4864
1712.4232
1718.3087
1725.7087
1734.4934
1741.6222
1751.3789
1761.7052
1773.2215
1783.2297
1792.6034
1804.5792
1813.6297
1826.8264
1839.1408
1852.7713
1865.1169
1877.9511
1893.1733
1908.7093
1923.4361
1938.7538
1953.1668
1968.2743
1981.4867
1995.1073
2010.1974
2026.1437
2038.8999
2052.1979
2066.0946
2080.9504
2094.6603
2112.0777
2127.2662
2142.1926
2156.5273
2171.6942
2187.4715
2205.1256
2220.3105
2235.8352
2251.5595
2269.9184
2286.1979
2304.4317
2321.5383
2336.6557
2352.5365
2370.2939
2385.9072
2402.9308
2420.8741
2437.1942
2454.3727
2470.2836
2489.5807
2507.9103
2524.9986
2542.7778
2558.8444
2579.8071
2593.2293
2608.468
2627.9974
2648.6905
2665.5111
2686.4641
2703.6671
2726.5207
2745.1264
2763.4464
2784.2089
2802.5883
2824.6995
