5832.0
5832.0
5801.4068
5768.4698
5735.4711
5703.5368
5669.028
5636.6014
5610.3377
5579.7274
5547.5268
5514.1352
5482.9076
5453.2239
5424.7276
5394.6425
5365.8954
5338.6921
5312.629
5282.0587
5256.5049
5226.2346
5200.4529
5169.5727
5143.4357
5115.742
5087.5574
5059.6751
5033.6967
5006.0071
4983.7563
4954.7935
4925.8659
4899.3628
4870.3831
4844.0394
4813.124
4784.2224
4759.1203
4732.8803
4705.7737
4678.3672
4654.4738
4625.2257
4597.8227
4568.8144
4540.7018
4511.8402
4483.9175
4459.0425
4435.3432
4409.1609
4383.5671
4361.5907
4337.7847
4312.7293
4287.9285
4256.5129
4231.219
4200.179
4171.459
4140.4048
4110.9676
4082.0491
4053.9921
4024.936
3988.9727
3955.8508
3922.5395
3886.4612
3854.7368
3818.7682
3785.7802
3753.0817
3718.4571
3683.7123
3649.8927
3618.3801
3585.3214
3552.3915
3519.1019
3487.4171
3457.803
3426.0382
3389.8677
3358.4605
3323.7397
3291.6101
3261.8624
3230.343
3193.7224
3162.9248
3127.6672
3096.0877
3064.2374
3034.2135
3003.4542
2972.6761
2947.0513
2916.5744
2886.9702
2860.0612
2833.2328
2805.7474
2774.5303
2747.1146
2717.7949
2686.6305
2655.9621
2626.9175
2597.428
2567.3991
2536.8518
2510.3141
2482.9849
2456.5093
2429.9519
2402.2737
2378.3506
2352.2138
2325.3416
2298.1928
2273.3673
2246.9579
2221.7721
2196.0202
2173.5452
2149.2808
2128.1594
2102.599
2082.5742
2062.8679
2039.7758
2019.4067
1998.0942
1978.8659
1958.1331
1941.4762
1921.418
1904.6859
1886.0639
1866.9303
1849.6123
1833.974
1818.0445
1801.1532
1784.3032
1766.1895
1750.4068
1732.7087
1715.8662
1700.7146
1683.2603
1665.0824
1650.4522
1635.2541
1617.9061
1603.3671
1586.6853
1572.704
1560.1044
1545.8742
1532.6917
1517.4405
1505.7699
1491.1711
1476.7856
1463.1752
1451.564
1437.0506
1424.5159
1411.6949
1398.3347
1385.4217
1374.6912
1361.223
1347.7098
1333.5545
1319.7963
1307.9506
1297.076
1283.6982
1271.4574
1259.75
1247.3594
1235.1066
1222.8514
1210.0369
1199.3511
1186.6142
1175.9212
1165.4775
1154.3123
1143.0808
1133.0596
1122.0392
1111.1307
1100.279
1089.9748
1078.1159
