12.0
12.0
11.958899999999959
11.907100000000018
11.860699999999966
11.813099999999986
11.76710000000002
11.722100000000031
11.676999999999996
11.631599999999978
11.586599999999994
11.543199999999995
11.497799999999978
11.453400000000011
11.409499999999998
11.362299999999992
11.315400000000011
11.271299999999997
11.228799999999993
11.183000000000028
11.136499999999945
11.091700000000039
11.046699999999982
11.002599999999997
10.956099999999998
10.912500000000005
10.86859999999999
10.821299999999958
10.775099999999977
10.736200000000016
10.692500000000027
10.649499999999959
10.606300000000022
10.557499999999912
10.51479999999999
10.468800000000012
10.424400000000015
10.38220000000002
10.338100000000008
10.298799999999996
10.254899999999985
10.209699999999996
10.164699999999996
10.118500000000001
10.072599999999998
10.027199999999977
9.983000000000018
9.933299999999969
9.88789999999994
9.843700000000076
9.798099999999993
9.751299999999983
9.707400000000002
9.662199999999963
9.620700000000028
9.581300000000022
9.539299999999985
9.501500000000043
9.465499999999972
9.42649999999997
9.387299999999962
9.353600000000014
9.320900000000005
9.290999999999988
9.260600000000021
9.227499999999992
9.195100000000041
9.165000000000017
9.13360000000003
9.105699999999988
9.075699999999975
9.043499999999996
9.013399999999974
8.982400000000004
8.94939999999999
8.924999999999981
8.89690000000003
8.866099999999973
8.840400000000004
8.810299999999978
8.784399999999973
8.76049999999997
8.731800000000009
8.704599999999992
8.676300000000001
8.64859999999999
8.623299999999986
8.596200000000009
8.5682
8.541600000000015
8.513799999999998
8.48440000000002
8.456900000000024
8.429999999999927
8.403399999999984
8.37639999999999
8.351600000000023
8.323999999999964
8.297300000000039
8.266499999999997
8.239700000000028
8.214899999999973
8.188100000000025
8.158099999999992
8.131500000000008
8.103899999999985
8.07680000000002
8.050900000000027
8.024599999999909
7.998399999999991
7.9718
7.9472
7.9194
7.8924
7.8633
7.8352
7.809299999999999
7.783499999999998
7.7566000000000015
7.730600000000003
7.7006
7.675
7.648199999999998
7.621699999999997
7.5941
7.565400000000001
7.542
7.515200000000005
7.491099999999997
7.464799999999997
7.4378
7.4098
7.379600000000006
7.347799999999992
7.3172
7.290600000000003
7.261600000000006
7.2299
7.198799999999992
7.169499999999985
7.1411
7.113900000000005
7.082899999999988
7.051699999999997
7.017600000000007
6.985699999999997
6.951799999999994
6.921200000000006
6.891299999999997
6.856499999999988
6.825099999999998
6.795399999999993
6.762499999999998
6.731600000000006
6.697699999999991
6.6613999999999916
6.6279999999999974
6.592399999999988
6.557300000000011
6.525399999999993
6.49310000000001
6.4580000000000055
6.427000000000008
6.394400000000028
6.359499999999993
6.329199999999994
6.296599999999999
6.261099999999996
6.2271000000000045
6.194400000000007
6.159399999999999
6.122300000000003
6.091000000000002
6.059200000000003
6.026200000000015
5.992100000000007
5.957500000000029
5.925900000000004
5.896700000000016
5.862700000000004
5.828700000000003
5.792899999999999
5.762299999999989
5.730100000000001
5.698799999999991
5.669499999999997
5.6365000000000105
5.606500000000001
5.574199999999984
5.540799999999986
5.507799999999987
5.47489999999999
5.439500000000006
5.407399999999997
5.376500000000024
5.34269999999999
5.313699999999994
5.281200000000018
5.2513999999999905
5.221300000000009
