17.0
17.0
17.086399999999916
17.161799999999968
17.248800000000077
17.331700000000033
17.41659999999999
17.504499999999926
17.581199999999964
17.66090000000007
17.737899999999925
17.81910000000004
17.9032
17.98030000000001
18.06500000000002
18.147099999999966
18.224800000000112
18.30629999999998
18.383599999999987
18.466400000000032
18.549399999999938
18.625699999999963
18.710300000000043
18.780200000000036
18.858599999999957
18.93979999999993
19.009500000000052
19.08580000000005
19.1682000000001
19.243500000000054
19.316599999999937
19.387699999999956
19.46089999999998
19.529299999999978
19.598200000000105
19.672500000000007
19.7494
19.823399999999967
19.897099999999966
19.970400000000037
20.043600000000005
20.11890000000004
20.19529999999999
20.266600000000007
20.339199999999916
20.41019999999993
20.479700000000022
20.55459999999992
20.622500000000073
20.700699999999923
20.771400000000032
20.846299999999992
20.914599999999986
20.98559999999996
21.047900000000052
21.11790000000008
21.18089999999995
21.23580000000013
21.29360000000002
21.34659999999989
21.398999999999937
21.453000000000007
21.504000000000026
21.555799999999987
21.604899999999965
21.652900000000052
21.697999999999904
21.74469999999998
21.788299999999957
21.839699999999965
21.88290000000001
21.92889999999996
21.969699999999975
22.01609999999993
22.059900000000027
22.098000000000063
22.137799999999974
22.18389999999998
22.223599999999966
22.26850000000003
22.309600000000017
22.344399999999943
22.381200000000035
22.426499999999955
22.474399999999985
22.520500000000006
22.560599999999955
22.60230000000004
22.64180000000002
22.682300000000005
22.721299999999967
22.766399999999972
22.810899999999968
22.85030000000003
22.887000000000036
22.926499999999997
22.97469999999998
23.01210000000003
23.05880000000004
23.094300000000015
23.13619999999987
23.177699999999938
23.214899999999975
23.253900000000034
23.293900000000008
23.337500000000013
23.37419999999991
23.41240000000005
23.453799999999948
23.492900000000006
23.53250000000004
23.56529999999984
23.602500000000006
23.641100000000005
23.679500000000036
23.7177
23.750099999999986
23.79079999999999
23.828499999999966
23.858000000000022
23.89400000000006
23.929299999999976
23.96909999999994
24.00690000000001
24.04120000000004
24.070600000000038
24.107899999999972
24.143800000000013
24.18470000000001
24.22239999999999
24.25569999999986
24.294500000000006
24.340899999999923
24.380699999999944
24.42550000000004
24.465599999999984
24.505200000000016
24.545699999999993
24.584299999999967
24.63140000000001
24.67460000000002
24.716900000000056
24.759700000000045
24.807399999999955
24.85240000000002
24.89569999999994
24.938300000000023
24.984900000000014
25.030400000000043
25.07880000000005
25.124999999999975
25.167099999999998
25.21280000000001
25.25749999999999
25.30100000000006
25.346
25.387100000000068
25.436499999999977
25.476499999999977
25.518699999999974
25.559800000000028
25.599800000000037
25.641999999999967
25.68829999999998
25.73389999999998
25.783800000000053
25.827599999999943
25.86880000000001
25.91200000000002
25.952900000000078
25.992899999999988
26.037699999999987
26.077000000000048
26.124200000000002
26.164099999999987
26.202699999999947
26.245799999999964
26.294000000000008
26.335799999999978
26.375499999999978
26.415800000000036
26.463700000000035
26.50490000000006
26.54649999999993
26.589800000000047
26.632400000000054
26.669700000000063
26.709800000000033
26.748499999999943
26.791300000000007
26.82969999999997
26.866299999999995
26.910499999999963
26.951399999999992
26.985800000000022
27.0245
27.061600000000023
27.10299999999997
27.136699999999994
27.17240000000001
