27.0
27.0
8.2572
2.5607
0.7873
0.2807
0.1131
0.0712
0.0699
0.0657
0.0666
0.0586
0.0637
0.06
0.0563
0.0562
0.0657
0.0605
0.056
0.0538
0.0513
0.0427
0.0464
0.0465
0.0446
0.0445
0.0502
0.0595
0.0516
0.049
0.0446
0.0449
0.0514
0.0455
0.0478
0.0457
0.046
0.0533
0.0472
0.0421
0.0409
0.0467
0.0418
0.0424
0.0445
0.0466
0.0424
0.0358
0.0456
0.0363
0.0439
0.0424
0.0392
0.0473
0.0617
0.0665
0.07
0.0671
0.0704
0.0753
0.0704
0.0643
0.0569
0.0583
0.0624
0.0583
0.0588
0.0629
0.0494
0.0521
0.0536
0.0495
0.0538
0.0622
0.0566
0.0604
0.0583
0.0567
0.0543
0.0469
0.0455
0.0511
0.0535
0.0471
0.044
0.0428
0.0385
0.0471
0.0468
0.0486
0.0415
0.0452
0.0442
0.0457
0.0532
0.0493
0.0506
0.0412
0.0418
0.0433
0.0504
0.0543
0.0486
0.048
0.0506
0.0504
0.0487
0.0466
0.0451
0.0474
0.0389
0.0458
0.0428
0.0447
0.0459
0.0393
0.046
0.0451
0.0473
0.0465
0.0443
0.0472
0.0422
0.0428
0.0459
0.0471
0.0456
0.0405
0.0479
0.059
0.0575
0.0634
0.0596
0.0643
0.0586
0.0597
0.0594
0.0672
0.0734
0.0672
0.0665
0.061
0.0587
0.0609
0.062
0.0628
0.0567
0.0544
0.0496
0.0556
0.0536
0.0523
0.052
0.0549
0.064
0.0648
0.0591
0.0639
0.0634
0.0619
0.0624
0.0657
0.0565
0.0562
0.0623
0.0651
0.0662
0.075
0.0682
0.0678
0.0679
0.0618
0.0663
0.0641
0.0579
0.0631
0.0592
0.0597
0.0632
0.0622
0.0572
0.061
0.0546
0.0574
0.0616
0.0582
0.0607
0.0633
0.0603
0.0569
0.0674
0.0605
0.0638
0.0601
0.0605
0.0577
0.0604
0.0579
0.0598
0.058
