144.0
144.0
143.0683
141.8905
140.8461
139.7745
138.7511
137.7503
136.7506
135.7458
134.7544
133.7982
132.8058
131.8444
130.8851
129.8679
128.8598
127.9173
127.0266
126.0494
125.0705
124.1241
123.1741
122.2526
121.2799
120.3853
119.4772
118.5025
117.5541
116.7766
115.8971
115.0323
114.1783
113.2097
112.363
111.4446
110.5864
109.767
108.9109
108.1516
107.2887
106.4255
105.5699
104.6967
103.8272
102.9582
102.1322
101.1929
100.3313
99.5125
98.6757
97.8123
97.0168
96.202
95.4545
94.7527
94.0019
93.3267
92.6857
92.0033
91.3063
90.709
90.1411
89.6286
89.093
88.5133
87.9507
87.4308
86.8958
86.4299
85.9141
85.3735
84.8642
84.3472
83.7794
83.3622
82.8779
82.3625
81.9298
81.4435
81.0094
80.6149
80.141
79.6906
79.2309
78.7878
78.3681
77.9362
77.479
77.043
76.5968
76.1192
75.6885
75.2534
74.8378
74.4118
74.0354
73.6118
73.1925
72.7161
72.3143
71.9311
71.5237
71.0727
70.6685
70.2529
69.846
69.4571
69.0622
68.6816
68.28
67.9302
67.5252
67.1328
66.7083
66.3056
65.9447
65.5801
65.1914
64.8216
64.3864
64.019
63.6382
63.2723
62.8843
62.4778
62.146
61.7724
61.4345
61.074
60.7032
60.3336
59.924
59.5022
59.0808
58.7394
58.36
57.9369
57.5336
57.1455
56.7817
56.4305
56.0317
55.6267
55.1918
54.7917
54.3592
53.9798
53.6123
53.1679
52.7839
52.4228
52.0065
51.6022
51.1869
50.7332
50.3002
49.8722
49.4393
49.0612
48.6807
48.271
47.8994
47.5184
47.0985
46.7178
46.3464
45.9415
45.5521
45.1732
44.7636
44.3427
43.9978
43.6344
43.2508
42.8651
42.4819
42.1299
41.8135
41.4321
41.0573
40.6647
40.3307
39.9863
39.6562
39.3337
38.9729
38.6509
38.302
37.9492
37.5928
37.2637
36.8895
36.5706
36.2473
35.8997
35.6073
35.2722
34.9696
34.6751
