1000.0
1000.0
1014.9249
1030.0608
1043.5252
1058.5937
1072.8648
1085.5172
1100.059
1114.174
1128.4252
1141.8099
1154.3935
1169.2279
1183.3604
1197.5298
1212.3305
1225.8779
1241.1717
1256.0716
1269.8563
1284.3934
1299.0378
1314.4492
1328.1249
1342.2568
1358.2948
1372.6584
1386.8783
1403.4441
1417.0987
1432.1218
1447.0089
1461.1998
1475.4213
1488.5653
1505.9093
1523.4381
1537.3783
1550.96
1564.3033
1580.7621
1595.7871
1610.0038
1624.9312
1639.794
1656.1306
1669.7375
1685.4838
1700.2919
1717.6848
1733.0122
1747.6673
1762.95
1777.4174
1791.3384
1805.6031
1818.9667
1834.9675
1849.8368
1865.3653
1878.4418
1892.1485
1905.236
1916.8803
1929.4856
1940.7758
1952.0541
1963.6451
1977.3122
1990.0343
2002.5447
2015.7558
2031.5141
2042.6201
2055.4663
2068.2381
2080.3718
2094.5881
2110.0944
2120.6035
2132.3529
2144.8637
2157.9928
2171.9315
2183.5268
2196.2962
2208.5048
2222.9786
2235.3916
2250.446
2262.8755
2276.0503
2288.8704
2300.2491
2314.0843
2327.9566
2338.8017
2351.4745
2365.0519
2375.621
2389.9909
2403.32
2416.6435
2431.7691
2447.1262
2460.302
2475.4087
2488.1635
2503.763
2517.6162
2531.1971
2545.3169
2558.5247
2570.3114
2585.1631
2594.8037
2608.4512
2625.1105
2638.9223
2652.5287
2669.0399
2685.9601
2699.2937
2713.7007
2729.136
2744.5324
2758.8834
2773.1773
2784.8814
2799.4218
2816.2693
2835.1446
2852.6299
2869.9926
2889.0618
2906.0523
2925.6775
2943.277
2963.1124
2984.2502
3005.4467
3025.2129
3046.3963
3065.3886
3087.3741
3106.1986
3127.7826
3148.2994
3171.3519
3193.4758
3213.7834
3235.8115
3259.1225
3283.424
3305.2283
3326.5256
3347.9089
3371.4268
3397.0493
3417.3942
3446.1675
3468.6587
3493.279
3513.9913
3538.1293
3564.47
3585.6093
3606.93
3631.6547
3656.2118
3680.0121
3705.9263
3730.021
3753.4503
3780.5282
3807.4429
3836.4742
3864.4271
3890.8761
3917.2791
3944.3433
3971.9625
3997.49
4022.8034
4051.1358
4080.2039
4102.7261
4130.3892
4158.9659
4190.3909
4217.3003
4247.8759
4270.5969
4299.505
4323.2441
4350.1143
4377.0209
4407.5271
4436.652
