6.0
6.0
6.016699999999993
6.029699999999991
6.043700000000009
6.059499999999995
6.070900000000011
6.0913999999999975
6.110400000000011
6.130100000000003
6.145199999999987
6.161799999999999
6.180199999999997
6.194900000000008
6.215000000000009
6.230599999999996
6.2541999999999875
6.271899999999996
6.2889
6.302999999999998
6.317900000000018
6.336099999999986
6.353100000000011
6.36859999999999
6.382399999999983
6.398099999999976
6.416000000000007
6.4282000000000075
6.448100000000007
6.468100000000007
6.485900000000018
6.50190000000001
6.520599999999993
6.5363
6.5538000000000025
6.5671999999999855
6.580200000000006
6.598
6.612700000000017
6.628499999999986
6.643999999999994
6.656500000000012
6.67190000000002
6.685999999999995
6.700699999999994
6.720200000000007
6.736900000000006
6.751300000000003
6.768599999999984
6.781700000000011
6.801000000000009
6.821300000000003
6.8367999999999896
6.849900000000011
6.864999999999989
6.883999999999999
6.906000000000004
6.929799999999989
6.952399999999991
6.975800000000003
6.9967
7.0176
7.0464000000000055
7.0657
7.088699999999997
7.1095
7.130699999999998
7.153000000000012
7.1774
7.198699999999997
7.217700000000004
7.2409999999999926
7.267699999999999
7.291600000000004
7.319
7.3441
7.367400000000006
7.3913
7.416200000000002
7.441100000000006
7.464199999999998
7.486900000000003
7.510100000000003
7.535699999999997
7.556999999999994
7.579300000000002
7.603899999999997
7.6298999999999975
7.6554
7.673800000000004
7.6967
7.717599999999998
7.7377
7.7616
7.782000000000002
7.806000000000003
7.8296
7.8514
7.874
7.8949
7.9146
7.9385
7.956899999999998
7.977700000000032
8.002500000000031
8.02209999999998
8.037000000000017
8.053899999999965
8.072499999999968
8.089799999999979
8.112100000000044
8.134699999999986
8.157100000000034
8.18450000000003
8.205899999999964
8.224999999999996
8.246899999999961
8.269600000000002
8.28969999999999
8.309200000000018
8.332599999999971
8.35680000000001
8.378100000000003
8.395800000000017
8.419399999999998
8.442600000000047
8.459700000000037
8.479899999999969
8.4989
8.511800000000013
8.525900000000016
8.536200000000033
8.542500000000004
8.548000000000028
8.55409999999998
8.560599999999978
8.563600000000049
8.568399999999995
8.5685
8.571200000000024
8.574799999999984
8.580499999999969
8.587099999999994
8.593600000000073
8.594000000000014
8.59339999999995
8.597399999999958
8.600199999999957
8.599900000000028
8.605600000000011
8.602500000000022
8.604300000000036
8.606999999999958
8.605699999999993
8.597800000000008
8.596099999999996
8.598599999999996
8.597599999999998
8.598400000000074
8.599500000000024
8.595800000000027
8.598200000000004
8.597299999999988
8.5932
8.591799999999992
8.589600000000024
8.593900000000005
8.587500000000015
8.585300000000032
8.581500000000068
8.585000000000008
8.583799999999991
8.580000000000013
8.576499999999998
8.57359999999996
8.573599999999995
8.572699999999964
8.570700000000004
8.566199999999988
8.566600000000008
8.565399999999984
8.565099999999992
8.561099999999977
8.557799999999993
8.55860000000001
8.551399999999996
8.54710000000002
8.544199999999977
8.54439999999997
8.54049999999998
8.534400000000023
8.537599999999975
8.533699999999998
8.533000000000007
8.528999999999971
8.528900000000009
8.521699999999987
8.52260000000001
8.517800000000031
8.516900000000014
