225.0
225.0
225.8027
226.3934
227.2102
227.8307
228.4766
229.1215
229.7885
230.3504
231.1312
231.74
232.4069
232.8177
233.4068
234.0074
234.4274
234.9238
235.566
236.0478
236.5629
236.9443
237.3215
237.7232
238.1497
238.5743
239.1921
239.5549
239.9992
240.2977
240.6798
240.9833
241.4774
242.0151
242.459
242.7326
243.0043
243.2512
243.5136
243.8228
244.2025
244.4676
244.6843
244.9179
245.1029
245.2449
245.6621
245.8899
245.9474
246.2031
246.298
246.5634
246.7335
246.9304
247.0432
247.1868
247.5427
247.7175
247.9633
248.1754
248.4601
248.5718
248.8248
248.9357
249.1137
249.2705
249.553
249.7737
250.0649
250.2427
250.4168
250.651
250.7993
250.987
251.2855
251.421
251.5986
251.7508
252.0153
252.2238
252.3556
252.4571
252.6838
252.8993
253.0385
253.1613
253.3979
253.5992
253.8123
254.0213
254.0601
254.1829
254.3318
254.624
254.7789
254.9044
255.0712
255.2097
255.3066
255.4695
255.5996
255.6998
255.8786
255.8176
255.9048
256.0362
256.262
256.4958
256.7098
256.7578
256.8094
256.896
256.901
256.9725
257.1064
257.1892
257.3198
257.4648
257.5647
257.7344
257.7525
257.9192
258.0663
258.0922
258.3274
258.5538
258.6338
258.6536
258.7497
258.7582
258.7482
258.6947
258.5657
258.4159
258.28
258.0651
257.8969
257.6605
257.301
256.9598
256.6736
256.3925
256.189
256.0284
255.7208
255.4313
255.1599
254.9026
254.5417
254.2479
253.9996
253.5966
253.2639
252.8419
252.6573
252.1709
251.8163
251.4142
251.0412
250.7632
250.3865
249.9434
249.4936
249.0664
248.7486
248.3875
248.0601
247.7527
247.2134
246.7982
246.3919
246.0089
245.6263
245.2793
244.8524
244.6756
244.2937
244.0257
243.7324
243.3182
242.9272
242.5482
242.1499
241.7654
241.3678
240.9456
240.7351
240.4285
239.8387
239.4023
239.0476
238.8612
238.4758
238.0059
237.6918
237.3695
237.0279
236.6641
236.3514
236.0593
