169.0
169.0
167.891
166.6046
165.4768
164.2734
162.9832
161.8486
160.5351
159.1677
157.711
156.2801
154.9684
153.6019
152.1614
150.6925
149.1751
147.7098
146.1124
144.5452
142.9828
141.3537
139.66
137.9678
136.2492
134.7195
133.1485
131.5693
129.8699
128.2932
126.5988
124.9458
123.3251
121.755
120.0516
118.5245
116.8203
115.3102
113.7027
111.9658
110.4308
108.81
107.2222
105.7941
104.2596
102.6445
101.0688
99.5966
98.1259
96.5636
95.0307
93.605
92.096
90.6036
89.3572
88.1156
86.915
85.7824
84.6464
83.5898
82.6229
81.6428
80.5804
79.6141
78.6794
77.9502
77.1029
76.1756
75.4909
74.6241
73.8082
73.0365
72.3036
71.5649
70.8506
70.1647
69.4725
68.7627
68.0706
67.3631
66.7634
66.1948
65.5499
64.833
64.1694
63.5299
62.9124
62.2579
61.6393
61.0032
60.3967
59.7849
59.1954
58.6114
57.9382
57.3107
56.6689
56.0413
55.3824
54.8103
54.2385
53.5582
52.9544
52.3577
51.7575
51.2447
50.7248
50.135
49.6188
49.0784
48.5894
48.0187
47.4988
46.9629
46.4866
45.982
45.5142
45.0153
44.503
44.0038
43.4324
42.9351
42.463
42.0075
41.4992
40.9379
40.4674
39.9984
39.5215
39.0944
38.6723
38.2465
37.8669
37.484
37.161
36.8153
36.4342
36.094
35.7788
35.4363
35.1775
34.8893
34.6617
34.3865
34.1277
33.8692
33.6716
33.4394
33.2422
33.002
32.726
32.4966
32.2751
32.0624
31.8396
31.6191
31.3929
31.1525
30.946
30.7634
30.5897
30.3894
30.1905
29.9734
29.8152
29.6009
29.4113
29.2372
29.0826
28.9039
28.746
28.5496
28.3174
28.1679
27.9984
27.8334
27.6527
27.4662
27.2522
27.0418
26.8781
26.7295
26.5616
26.4056
26.23
26.0944
25.9127
25.7402
25.5816
25.4154
25.2589
25.0596
24.8207
24.6542
24.5234
24.328
24.1845
24.064
23.8971
23.7398
