125.0
125.0
123.6672
122.4583
121.0987
119.9448
119.0004
118.2659
117.4066
116.2843
115.4426
113.7821
112.3231
110.8106
110.0144
109.4207
108.7116
107.8639
106.4966
105.5703
104.8371
103.6539
102.4819
101.253
100.304
99.4607
98.7711
97.5052
96.3009
94.8202
93.9729
93.1473
92.061
91.4875
90.7356
89.6334
88.5637
88.2101
87.5698
86.7965
86.0674
85.0302
83.8936
82.9802
82.3048
81.7507
80.8128
79.7716
78.8446
78.1513
77.2577
76.7426
76.0044
75.1955
74.3056
73.8797
73.0568
72.496
72.0809
71.3933
71.4664
71.3407
70.9111
70.7531
70.2145
69.9962
69.6017
69.5596
69.4395
69.312
69.0651
68.9459
68.9336
68.5912
68.351
67.9753
67.876
67.3823
67.2311
67.2856
67.3621
67.505
67.3398
67.0718
67.4094
67.0736
66.8638
66.8197
66.5738
66.5983
66.4561
66.5549
66.1235
66.1662
66.1317
66.2116
66.0725
66.155
66.2522
66.2028
66.1615
66.0188
66.1431
66.3419
66.1068
65.8657
65.6652
65.7767
65.5795
65.7044
65.5248
65.5137
65.685
65.675
65.352
65.4208
65.1385
64.992
64.8915
64.4536
64.2078
64.0144
63.5353
63.4292
63.2205
63.1803
62.9376
62.7328
62.4543
62.1127
61.8752
61.7173
61.3162
60.9557
60.7431
60.5199
60.567
60.1729
59.7203
59.5077
59.2885
59.0355
59.0206
58.5873
58.2191
57.7128
57.4684
57.1187
56.8755
56.3406
56.3011
56.0705
55.6391
55.5555
55.1475
54.6491
54.3481
54.0978
53.6017
53.0802
52.8704
52.3985
52.1212
51.6736
51.7233
51.3126
50.9552
50.7489
50.4656
50.6551
49.8383
49.925
49.4649
49.0765
48.7531
48.4872
48.1489
47.8452
47.6374
47.1913
46.9502
46.6528
46.2293
45.6748
45.4326
45.1531
44.5864
44.1145
43.8674
43.8722
43.3154
42.9726
42.7074
42.6041
42.3537
42.2132
41.9483
41.8349
41.6569
41.2607
