1.0
1.0
0.975
0.9527999999999996
0.9324999999999998
0.9097999999999998
0.8892
0.8700000000000011
0.8495000000000004
0.8309999999999982
0.8122000000000015
0.7951000000000006
0.7760000000000001
0.7580000000000021
0.7423000000000004
0.7251000000000005
0.7084000000000007
0.6917999999999989
0.6761000000000005
0.661700000000003
0.6464000000000003
0.6323000000000004
0.6172999999999965
0.6047999999999992
0.590499999999998
0.5782000000000017
0.5664999999999981
0.5541000000000004
0.5407999999999998
0.5289999999999999
0.5191000000000004
0.5079000000000017
0.4955
0.4856
0.47420000000000034
0.4641
0.45540000000000036
0.44609999999999944
0.4366
0.4268000000000002
0.4182000000000006
0.41039999999999954
0.4017000000000002
0.39320000000000016
0.3854
0.3784999999999995
0.371100000000001
0.3629999999999982
0.35570000000000007
0.34969999999999984
0.3417999999999999
0.33559999999999995
0.328700000000001
0.32260000000000033
0.3149999999999989
0.30870000000000103
0.30299999999999916
0.29880000000000034
0.2952
0.28999999999999926
0.2868000000000013
0.2840999999999997
0.2804999999999999
0.2754000000000002
0.27270000000000016
0.2702000000000006
0.2667999999999999
0.26270000000000043
0.259899999999999
0.25779999999999975
0.2546999999999999
0.2522
0.25030000000000047
0.2475999999999999
0.2443000000000001
0.2415
0.24029999999999987
0.23820000000000005
0.23530000000000018
0.233
0.2308
0.2294999999999999
0.2268
0.22599999999999965
0.22509999999999997
0.22309999999999983
0.2226
0.22249999999999992
0.22200000000000014
0.22060000000000027
0.2202
0.21960000000000018
0.21909999999999974
0.21829999999999997
0.2170999999999999
0.21560000000000026
0.21410000000000018
0.2131000000000001
0.2122
0.21079999999999974
0.20950000000000005
0.20789999999999956
0.2068999999999998
0.2061999999999999
0.2045999999999998
0.20430000000000018
0.20309999999999984
0.20179999999999976
0.2002999999999998
0.19960000000000047
0.199500000000001
0.19859999999999978
0.19680000000000028
0.19649999999999992
0.19619999999999965
0.1959999999999998
0.1955000000000005
0.19520000000000012
0.1944000000000005
0.19330000000000003
0.19209999999999972
0.19070000000000004
0.18950000000000045
0.18829999999999986
0.18619999999999973
0.1846999999999998
0.18419999999999992
0.1833999999999999
0.18320000000000042
0.1830999999999999
0.1825999999999995
0.18250000000000038
0.18199999999999947
0.1815
0.18190000000000003
0.1804999999999993
0.1798000000000001
0.17920000000000028
0.17900000000000016
0.17749999999999902
0.17590000000000042
0.17519999999999933
0.17670000000000027
0.1768999999999999
0.1769000000000004
0.1769999999999997
0.17720000000000072
0.17729999999999987
0.17669999999999972
0.17640000000000003
0.17620000000000008
0.17559999999999992
0.1743999999999996
0.17419999999999988
0.17399999999999988
0.17339999999999997
0.17160000000000006
0.1729999999999997
0.17259999999999975
0.1715999999999998
0.17170000000000019
0.17079999999999929
0.17039999999999983
0.1705000000000002
0.17039999999999983
0.17080000000000012
0.1713000000000004
0.17189999999999891
0.17169999999999996
0.17160000000000022
0.17150000000000024
0.17139999999999994
0.1724000000000002
0.17320000000000013
0.1729999999999997
0.17329999999999982
0.1738
0.17350000000000013
0.17330000000000048
0.1733999999999998
0.1740999999999996
0.17380000000000057
0.1738999999999998
0.17379999999999957
0.17339999999999994
0.17299999999999952
0.17319999999999997
0.1733999999999997
0.1727999999999998
0.17319999999999958
0.17189999999999997
0.17170000000000032
0.17110000000000006
0.17079999999999962
0.1705999999999999
0.1702999999999995
0.17069999999999952
0.17070000000000002
0.17020000000000018
0.16990000000000038
