144.0
144.0
142.0379
140.135
138.1745
136.2901
134.3805
132.4343
130.4351
128.5848
126.7941
124.9432
123.1843
121.3878
119.5751
117.8623
116.2646
114.5228
112.8441
111.1819
109.5815
107.9547
106.1419
104.5208
102.9905
101.4277
99.789
98.1321
96.5958
95.0251
93.6573
92.2959
90.8517
89.3675
87.8653
86.3286
84.8486
83.478
82.1173
80.8549
79.4785
78.1649
76.7754
75.3989
74.0256
72.8419
71.5273
70.2025
68.8981
67.6655
66.4372
65.3468
64.209
63.0276
61.8808
60.7794
59.674
58.6464
57.624
56.6487
55.7603
54.8693
53.9754
53.1043
52.2451
51.3661
50.5145
49.7163
48.9046
48.1922
47.4204
46.7116
45.9503
45.1507
44.417
43.6633
42.9318
42.2381
41.5617
40.9909
40.3067
39.635
38.9848
38.308
37.6877
37.0462
36.3569
35.7117
35.0828
34.5364
33.98
33.3955
32.8553
32.2896
31.7591
31.2099
30.6985
30.1853
29.7428
29.2126
28.7155
28.2364
27.7283
27.2057
26.69
26.2285
25.8127
25.3421
24.8884
24.4364
23.981
23.5631
23.1154
22.684
22.2472
21.8033
21.3923
20.9803
20.6034
20.1911
19.809
19.4345
19.0722
18.7255
18.4105
18.1032
17.7844
17.4608
17.1073
16.7675
16.4522
16.1709
15.8753
15.5741
15.2805
15.0027
14.7443
14.4725
14.2329
13.9617
13.7218
13.4572
13.2324
12.9937
12.773
12.5781
12.3344
12.1142
11.9286
11.696
11.4877
11.2619
11.0827
10.8859
10.7104
10.5379
10.352
10.1913
10.0084
9.8615
9.678
9.5001
9.3346
9.1575
9.003
8.8559
8.7232
8.5543
8.3948
8.2525
8.1157
7.9743
7.8418
7.711
7.5704
7.4358
7.2992
7.1583
7.0427
6.9465
6.8435
6.7443
6.6424
6.5446
6.4414
6.3279
6.2218
6.1157
6.0011
5.9097
5.8188
5.7144
5.6036
5.5196
5.4253
5.3312
5.2448
5.1591
5.0958
5.0061
