289.0
289.0
284.9387
281.0115
276.8276
272.7313
268.49
264.3079
260.2793
256.1094
251.7723
247.771
243.6982
239.5541
235.5203
231.3186
227.2704
223.1709
219.1734
215.0516
211.1784
207.2525
203.1693
199.1644
195.3782
191.2802
187.331
183.3827
179.5534
175.8246
171.9674
168.3066
164.5958
161.0229
157.3973
153.7916
150.2383
146.6998
143.387
140.0098
136.7002
133.469
130.2139
126.9157
123.6958
120.6404
117.5473
114.6062
111.6951
108.6862
105.8363
102.8258
100.0118
97.2135
94.6529
92.4012
90.2687
88.4152
86.6467
84.9228
83.2579
81.668
80.0822
78.6597
77.2083
75.935
74.5699
73.251
72.0525
70.825
69.5737
68.4319
67.3257
66.1308
65.0933
63.8728
62.7397
61.5966
60.504
59.3461
58.3219
57.2142
56.1535
55.1201
54.0944
53.0524
52.0714
51.1061
50.2111
49.2287
48.3649
47.4378
46.498
45.6315
44.7847
43.9419
43.0929
42.1994
41.4129
40.5585
39.7065
38.9904
38.2185
37.4502
36.6892
35.9565
35.1893
34.4755
33.7162
32.9918
32.3296
31.6488
30.9904
30.3232
29.6132
28.9162
28.2556
27.6648
27.0916
26.5605
25.9826
25.3911
24.8586
24.3356
23.8083
23.2871
22.8224
22.296
21.8189
21.2774
20.8293
20.3834
19.9497
19.4914
19.092
18.6493
18.2382
17.842
17.4568
17.0986
16.7153
16.3678
15.9666
15.6781
15.3284
15.0189
14.701
14.3374
14.0583
13.8047
13.5076
13.2199
12.9169
12.6251
12.3183
12.0579
11.8364
11.5499
11.3365
11.1075
10.901
10.6764
10.4109
10.2023
10.0061
9.8118
9.5985
9.3883
9.1697
8.9617
8.768
8.5704
8.352
8.2031
8.0317
7.8634
7.6695
7.4903
7.3337
7.1818
7.0024
6.8433
6.7033
6.5609
6.43
6.2645
6.1283
6.0007
5.8832
5.7548
5.6279
5.5071
5.4114
5.2901
5.1531
5.044
4.9384
4.8376
4.7351
4.6336
