196.0
196.0
196.2294
196.7455
197.155
197.4425
197.7618
197.7882
197.5732
197.3485
197.1077
196.9154
196.5584
196.3458
196.0342
195.5721
195.1579
194.7661
194.1958
193.5985
193.0068
192.2652
191.64
190.881
190.3109
189.6943
189.02
188.1819
187.4835
186.6118
185.6456
184.8157
183.9181
183.0576
182.1661
181.0736
180.0436
178.9539
177.9137
176.8059
175.7756
174.5441
173.2763
172.2013
170.9856
169.9507
168.7807
167.6234
166.3406
165.1996
163.9195
162.6437
161.3938
160.1545
158.935
157.9206
156.7059
155.5477
154.4406
153.3058
152.3171
151.1504
149.9615
148.81
147.7055
146.4838
145.4538
144.3143
143.3737
142.2778
141.1541
140.1108
139.0359
137.9414
136.8145
135.871
134.798
133.8284
132.7028
131.5848
130.4531
129.4075
128.4503
127.4387
126.3717
125.4284
124.3146
123.3594
122.2691
121.1685
120.0675
119.1234
118.0888
117.0845
115.969
114.9633
113.8344
112.8557
111.7455
110.6915
109.7759
108.7763
107.8596
106.7745
105.8547
104.8661
103.8877
102.9131
101.8977
100.9912
100.0938
99.1967
98.2795
97.3952
96.4644
95.5859
94.7851
93.8287
92.9097
91.9846
91.0537
90.021
89.1967
88.2692
87.2657
86.347
85.4561
84.7063
83.8519
82.9395
82.1619
81.234
80.3953
79.5124
78.4938
77.6398
76.8034
75.9529
75.1353
74.3882
73.5604
72.6273
71.7324
70.9749
70.057
69.316
68.5115
67.7881
67.0043
66.1916
65.4298
64.7053
64.0013
63.329
62.6789
61.8976
61.1526
60.3653
59.6062
58.8431
58.0336
57.3405
56.696
56.0047
55.421
54.6192
53.9085
53.3177
52.6181
51.9533
51.3186
50.6931
50.0543
49.4479
48.9162
48.3472
47.6711
47.0892
46.4182
45.8326
45.2266
44.6417
43.9986
43.3739
42.7617
42.1652
41.5756
41.0127
40.413
39.8605
39.257
38.7204
38.1984
37.7075
37.1641
36.6517
36.2181
35.7278
35.2567
34.7921
