27.0
27.0
27.1484
27.443
27.5371
27.665
27.8014
28.0443
28.2566
28.4359
28.5818
28.7819
29.1679
29.4156
29.7009
30.1112
30.4827
30.7643
31.0451
31.4082
31.7797
31.9529
32.2328
32.5204
32.7389
33.1368
33.3897
33.8436
34.2312
34.4659
34.9147
35.2583
35.6693
36.0547
36.5753
37.0171
37.4467
37.7551
38.3076
38.5869
39.1825
39.7421
40.2075
40.5735
41.1289
41.7322
42.2792
42.9244
43.405
44.1254
44.5751
45.1296
45.8319
46.221
46.731
47.5844
48.1954
48.8079
49.568
50.356
51.2751
52.126
52.8921
53.8144
54.6804
55.5373
56.5041
57.372
58.2875
59.4465
60.1496
61.1897
62.3359
63.4344
64.4446
65.4053
66.5166
67.4687
68.4768
69.5677
70.5434
71.8927
73.3579
74.548
75.703
76.9207
78.0143
79.467
80.7597
81.9457
83.3289
84.6119
85.6295
87.0468
88.6391
90.1378
91.5009
92.8515
94.3515
95.6401
97.0202
98.6146
99.9722
101.3566
103.2235
104.7927
105.9811
107.4453
109.1612
110.8663
112.3058
113.8149
115.1113
116.837
118.3529
119.789
121.4078
122.7926
124.5242
126.3097
128.1201
129.7922
131.6409
133.235
135.0162
137.087
138.5829
140.2929
142.1223
144.2081
146.1873
148.6286
151.226
153.4925
155.9166
157.9003
160.5788
163.3877
166.3146
168.8767
171.4818
174.0559
176.5604
178.7741
181.207
183.9232
186.2353
189.0769
191.7407
194.1565
197.2485
199.6244
202.1818
204.6524
207.3174
210.0482
213.1265
216.1266
218.4507
221.3908
224.5713
227.0501
229.8514
233.0686
235.9751
239.0656
242.2791
245.7026
248.8156
252.2812
255.8395
258.7237
262.1443
265.5124
268.3942
272.0955
275.8
279.2452
282.5609
285.847
290.1748
293.9329
297.6846
302.1374
305.7687
309.803
313.5993
317.5453
321.9191
325.2683
329.1432
333.5313
337.4198
341.2114
345.1762
349.0595
353.0401
357.1424
361.5336
364.436
