216.0
216.0
219.2483
222.0705
225.1373
228.4591
231.2647
235.1276
238.7994
242.4485
245.5284
248.932
252.3302
255.4535
259.2194
262.313
266.566
270.0313
273.5133
276.396
279.4319
282.9769
286.4151
289.8698
293.1596
296.6289
300.4172
303.3466
307.0829
311.0701
314.7575
318.2463
322.0462
325.3547
329.0934
332.5034
335.6994
339.3586
342.9175
346.2921
349.6508
353.0503
356.7437
359.6864
363.2831
367.82
371.6143
375.2479
379.2294
382.3961
386.952
391.0409
394.7836
397.8627
401.5654
405.9884
410.9742
415.9852
420.9938
426.1388
430.0243
434.6898
441.042
445.2211
450.7239
455.4421
460.2273
465.0958
470.6366
475.2443
479.8731
485.5274
491.7035
496.8262
503.1032
508.7809
513.8052
519.2369
525.098
530.6507
536.8376
542.1817
547.6427
553.9569
558.8436
564.5767
570.9703
577.4589
584.0436
589.3198
595.2587
600.748
606.3553
612.396
618.1614
624.3438
630.2588
635.8588
641.948
647.4541
652.8276
659.4473
664.7391
671.0359
677.9535
683.2231
687.1746
691.9699
697.5577
702.9294
708.5179
715.1495
720.8629
728.4167
734.6625
740.2778
746.1983
752.6992
759.0481
765.0238
772.9282
779.8218
786.5559
791.9166
799.076
805.566
810.4755
815.9011
822.1781
827.0096
832.1189
836.5074
839.9361
842.2624
845.7305
849.6934
852.2602
855.2236
857.7689
860.4206
864.3224
866.9585
871.2515
875.3656
877.5068
880.0646
883.362
886.2058
888.5941
891.7564
893.2959
895.3629
899.1018
901.2131
901.1926
903.0905
906.4974
908.639
911.134
913.0923
915.3836
918.2096
919.9955
920.526
922.3426
923.6076
926.6959
926.7939
927.8369
929.2809
931.7192
934.2848
935.517
935.8219
937.4096
939.6668
941.9801
943.6269
943.8342
946.6918
947.2144
949.2859
948.8049
950.817
952.952
952.625
953.6941
954.5018
956.794
957.2623
958.1628
960.7034
961.9619
964.4164
965.976
968.0333
968.5337
970.2398
971.0552
972.3797
