1331.0
1331.0
1317.6979
1304.8204
1293.3558
1279.8455
1267.2755
1257.2612
1244.1316
1232.913
1220.6574
1209.2812
1198.6056
1186.1247
1174.5464
1163.3033
1153.3246
1142.4734
1130.808
1120.4573
1110.8264
1099.5087
1090.052
1081.4824
1071.9256
1061.4725
1050.9973
1041.7311
1032.1447
1022.7747
1013.5338
1002.4217
993.2372
983.7466
974.4465
966.6905
957.8282
949.1168
939.6127
931.5263
922.7151
914.4591
907.2562
897.9332
889.5225
880.7462
873.8913
866.16
858.3557
851.4611
843.9341
835.0296
826.2553
817.9958
810.4932
804.2397
797.079
789.6791
782.3359
775.7244
769.364
761.9076
755.686
750.9409
745.1105
739.2366
733.3792
728.7309
723.3842
718.4217
713.15
707.0606
702.0851
696.4544
691.4454
686.5964
682.0752
676.522
672.245
667.2731
662.6374
657.4686
653.223
648.4303
643.0422
639.0563
633.2587
628.7996
625.3377
620.9406
617.7823
613.653
609.292
604.224
599.7206
594.6996
589.5434
584.7811
581.0084
577.2831
572.4724
568.6367
565.2865
560.5429
556.2394
551.8252
548.2328
544.7358
540.5707
536.4564
533.1005
528.8021
524.1772
520.2301
516.5951
513.1678
509.1311
506.1942
503.5554
499.7209
495.4336
492.0798
488.8702
485.5662
481.6258
478.1128
474.583
470.5473
466.7301
463.3149
459.505
455.4673
451.1894
446.7879
442.2122
437.8854
433.249
428.6987
424.2522
419.9035
415.5004
411.4894
406.4397
402.4559
398.6575
394.2489
389.7415
385.6798
381.3979
376.7622
372.358
368.0149
364.3514
360.0435
355.9244
350.9206
347.4464
343.8855
339.6104
335.4516
331.2417
327.7618
324.6323
320.5941
316.4884
312.2476
308.7492
304.8965
301.8381
298.054
294.2007
290.7779
287.2217
283.7154
279.9458
276.8833
273.3781
270.0606
266.8112
263.9272
261.1029
258.1177
254.9593
252.2045
249.1566
246.0946
242.7973
240.1253
237.4021
234.1364
230.7762
228.2867
225.3879
222.4849
219.598
216.6869
213.5685
210.9749
208.4198
206.1193
