1728.0
1728.0
1694.6147
1662.5194
1629.6661
1598.2515
1566.7029
1534.7003
1501.9401
1471.9176
1443.1761
1413.4358
1385.5759
1357.4318
1328.8751
1302.1971
1277.7062
1251.0562
1225.7653
1200.8175
1176.8779
1152.6491
1125.6879
1101.966
1079.6199
1057.1907
1033.6538
1010.0535
988.146
966.0065
947.2577
928.5357
908.8437
888.6679
868.1005
847.4996
827.635
809.6668
792.0037
776.0071
758.3249
741.4309
723.56
706.2665
688.9332
674.3307
657.8897
641.6669
625.9261
611.0935
596.302
583.3284
570.2698
556.4786
543.3872
530.7852
517.844
506.326
495.1002
484.0955
474.2019
464.5173
454.6442
445.1273
435.7491
426.2421
417.0005
408.6555
399.8576
392.3982
384.4158
377.2048
369.4573
361.1313
353.5804
345.8009
338.3658
331.4089
324.4751
318.8167
312.0665
305.3078
299.0516
292.6222
286.6411
280.4204
273.8921
267.9183
262.1482
257.115
251.9108
246.5411
241.6757
236.6008
231.7825
226.8427
222.5051
218.0109
214.3048
209.666
205.3351
201.2042
196.6755
192.0089
187.4934
183.6199
180.1357
176.2693
172.3626
168.707
165.0102
161.6737
157.895
154.3364
150.731
147.0241
143.6613
140.2225
137.1896
134.0149
130.9944
128.1295
125.263
122.6061
120.3497
118.0108
115.5284
113.1058
110.3107
107.7083
105.2642
103.1877
100.9569
98.6441
96.4543
94.4391
92.5889
90.5655
88.8807
86.7805
85.0148
83.1374
81.4376
79.7661
78.2194
76.8641
75.094
73.5082
72.2388
70.5748
69.0071
67.4631
66.2303
64.9637
63.8302
62.6763
61.357
60.3129
59.0008
58.1977
56.9468
55.6873
54.604
53.3621
52.3786
51.4607
50.5216
49.3977
48.3754
47.4749
46.5997
45.6317
44.76
43.8632
42.959
42.1304
41.244
40.3073
39.5749
39.0801
38.4861
37.8343
37.2152
36.607
35.9888
35.2715
34.6138
33.9351
33.1795
32.6581
32.1962
31.5696
30.8838
30.3868
29.8723
29.329
28.753
28.2445
27.9376
27.3473
