729.0
729.0
738.5342
749.5726
758.6328
767.0924
775.4535
785.2262
793.4049
802.4274
812.6472
825.4315
837.0485
848.7905
859.6329
870.5866
880.8024
891.0686
902.8831
913.0155
924.781
936.0615
948.8681
960.3854
973.653
986.164
998.8203
1010.9144
1025.3289
1038.2037
1047.5778
1056.6258
1070.1154
1082.3031
1096.3574
1107.0426
1118.3445
1130.4428
1145.5599
1160.9494
1175.8743
1189.6402
1202.022
1214.2398
1226.0552
1239.2725
1252.5048
1264.4779
1278.1939
1292.3588
1305.731
1317.3085
1332.5316
1345.652
1357.9773
1375.4934
1389.2051
1406.6397
1421.1115
1435.2984
1448.3997
1461.7868
1475.6749
1491.6829
1504.4015
1521.3456
1536.941
1556.1261
1572.6159
1589.3344
1604.2112
1618.9456
1632.4409
1648.9702
1666.1625
1680.5915
1697.9926
1713.1536
1727.9989
1746.1944
1765.1827
1779.6009
1798.071
1815.8941
1834.6125
1852.637
1869.4657
1884.0989
1902.1215
1919.8423
1940.9558
1955.4259
1974.7589
1990.6845
2006.1124
2024.9825
2039.5298
2057.6469
2073.3662
2093.2682
2111.1305
2126.9005
2145.9198
2161.553
2185.0998
2203.3062
2220.8227
2241.4585
2259.9862
2277.7183
2295.4436
2314.0912
2330.0873
2351.4224
2369.435
2388.355
2405.4346
2425.236
2440.8319
2459.3634
2478.1346
2497.8844
2518.0322
2536.7717
2556.9435
2574.6244
2594.8493
2616.1996
2640.0906
2665.5112
2684.7312
2704.0573
2725.8095
2750.5906
2772.0102
2795.3939
2818.0931
2842.565
2864.6896
2891.069
2919.4328
2941.822
2968.238
2995.9788
3025.9837
3050.3829
3078.6536
3107.7738
3136.327
3162.8811
3195.2119
3225.3455
3255.2041
3285.5867
3315.2018
3344.0729
3372.7476
3405.614
3437.2748
3467.6302
3500.0388
3529.9692
3558.1822
3587.5493
3613.2023
3642.7635
3674.6009
3705.313
3738.4901
3770.4198
3803.3097
3836.2329
3867.2291
3899.232
3931.3428
3963.4158
3995.3494
4029.4627
4057.6845
4088.3553
4124.7111
4159.1043
4191.698
4223.5299
4255.923
4292.4371
4325.4003
4358.593
4396.6352
4427.9847
4461.6768
4496.7373
4526.9765
4557.3634
4592.0758
4628.4481
4667.7364
4703.25
4742.4537
4776.3981
