11.0
11.0
10.957899999999972
10.91680000000002
10.879199999999992
10.835900000000008
10.795100000000007
10.76119999999997
10.717600000000052
10.679400000000006
10.637399999999975
10.598200000000032
10.561199999999973
10.518300000000028
10.47799999999998
10.438699999999962
10.40140000000003
10.362200000000012
10.320600000000004
10.28330000000001
10.247600000000052
10.205699999999986
10.170199999999973
10.137999999999986
10.100799999999992
10.060699999999997
10.020099999999994
9.984299999999974
9.946300000000004
9.908100000000008
9.870600000000005
9.827899999999996
9.790400000000005
9.751600000000007
9.713099999999987
9.678500000000042
9.64099999999999
9.604399999999968
9.564699999999991
9.530899999999969
9.494700000000021
9.456899999999985
9.422799999999967
9.381799999999995
9.344700000000005
9.30560000000002
9.275699999999988
9.239399999999973
9.204500000000001
9.172700000000003
9.137300000000021
9.096600000000024
9.05590000000001
9.018799999999962
8.98200000000003
8.950499999999991
8.915399999999982
8.880500000000014
8.8465
8.811000000000016
8.778199999999988
8.741999999999992
8.709999999999978
8.682700000000075
8.652500000000044
8.621399999999982
8.590600000000002
8.563500000000007
8.532799999999948
8.504699999999987
8.475799999999964
8.44459999999995
8.416099999999963
8.3858
8.356200000000005
8.328200000000006
8.300999999999984
8.268399999999938
8.24120000000005
8.21149999999997
8.183799999999998
8.15459999999999
8.128199999999977
8.09890000000001
8.067000000000073
8.040499999999989
8.007099999999946
7.979000000000002
7.9545
7.9247999999999985
7.8997
7.872
7.8454
7.812
7.7828
7.7508
7.721
7.6921
7.664599999999997
7.639499999999998
7.607200000000003
7.580300000000003
7.5570999999999975
7.524700000000001
7.497400000000004
7.469800000000003
7.443799999999997
7.4172
7.388499999999992
7.3584
7.3289
7.298299999999996
7.267
7.2367
7.210099999999999
7.181200000000004
7.150699999999999
7.125599999999997
7.101000000000004
7.072900000000006
7.0425999999999975
7.017000000000008
6.988600000000003
6.960600000000012
6.9298000000000055
6.902800000000003
6.875800000000002
6.845700000000002
6.814500000000009
6.785700000000006
6.754600000000009
6.723099999999987
6.687800000000005
6.652500000000009
6.6158
6.580199999999985
6.5422
6.5021
6.464399999999996
6.429700000000005
6.392800000000002
6.359200000000013
6.320100000000016
6.283100000000016
6.248500000000008
6.21029999999999
6.173500000000002
6.134800000000013
6.096100000000008
6.0558000000000245
6.0153999999999845
5.9785
5.94080000000001
5.9019
5.861000000000004
5.820999999999992
5.782399999999999
5.745900000000001
5.707400000000004
5.666999999999999
5.625899999999978
5.5894000000000235
5.554699999999988
5.513699999999994
5.471800000000001
5.434000000000003
5.394599999999997
5.356700000000006
5.321700000000017
5.285799999999989
5.248499999999985
5.210899999999999
5.1730999999999865
5.132399999999989
5.093000000000019
5.0556999999999945
5.0167000000000055
4.979999999999991
4.943599999999998
4.912599999999983
4.880100000000015
4.845700000000006
4.809699999999989
4.778900000000009
4.7442000000000295
4.707999999999999
4.6692999999999945
4.635500000000016
4.602699999999986
4.565600000000011
4.525800000000003
4.491500000000006
4.4565
4.42210000000002
4.388800000000007
4.355899999999996
4.319700000000006
4.282099999999998
4.248199999999998
4.213299999999987
