361.0
361.0
356.5971
352.3772
347.5471
343.2512
339.0181
334.6339
330.611
326.0822
321.6589
317.5548
313.4001
309.4253
305.3752
301.5885
297.4848
293.157
289.3324
285.3785
281.3677
277.2913
273.6297
269.825
266.1056
262.3366
258.9078
255.1719
251.2528
247.4965
243.793
240.363
236.4505
233.1927
229.8023
226.3695
222.9208
219.754
216.2296
212.7453
209.4841
206.1662
202.8223
199.5333
196.5511
193.6272
190.4033
187.0231
184.1727
181.3923
178.6654
175.7805
172.714
170.0364
167.7118
165.6225
163.7232
161.7297
159.785
157.9855
156.3867
154.72
153.1676
151.5785
150.0195
148.6063
147.1047
145.5861
144.0568
142.6857
141.2032
139.7611
138.3433
136.7664
135.1972
133.716
132.207
130.9454
129.6219
128.4449
127.0399
125.8037
124.4346
123.0321
121.8148
120.4046
119.0861
117.8249
116.6171
115.3834
114.3099
113.1834
112.0674
110.8226
109.613
108.4758
107.3784
106.2702
105.0671
103.9352
102.8981
102.0996
100.8913
99.7612
98.4748
97.3409
96.3864
95.31
94.3515
93.1706
92.1878
91.2491
90.2611
89.359
88.3206
87.2354
86.3306
85.2958
84.1535
83.1361
82.2029
81.1812
80.1937
79.3557
78.4091
77.5331
76.6726
75.859
75.1368
74.5426
74.0971
73.6162
73.2321
72.6954
72.403
72.1874
72.0317
71.9157
71.8521
71.7461
71.6426
71.568
71.547
71.3452
71.2862
71.1311
70.9491
70.7593
70.621
70.5102
70.3904
70.1969
70.1127
69.9061
69.9274
69.7795
69.7477
69.7226
69.7678
69.8035
69.7703
69.6417
69.4425
69.3831
69.2358
69.1391
69.2265
69.0819
68.9905
68.945
68.8995
68.8712
68.8313
68.7639
68.651
68.4119
68.3469
68.2095
67.9064
67.6979
67.4842
67.5208
67.4931
67.3232
67.1466
67.0634
66.9676
66.8146
66.6007
66.3921
66.3535
66.0604
66.1843
66.085
65.9892
65.8978
65.8281
65.8294
65.7709
65.6866
