2744.0
2744.0
2752.919
2767.8345
2780.3824
2790.2339
2800.734
2804.5896
2803.4426
2802.0175
2800.1181
2799.2032
2794.2928
2792.454
2788.6926
2781.8243
2776.0399
2770.8333
2761.5516
2750.8765
2741.2444
2728.0852
2717.9662
2704.104
2694.3005
2683.9497
2672.4268
2657.6777
2644.7933
2629.0796
2611.3508
2596.8525
2580.7361
2565.6554
2549.5239
2529.3818
2510.4128
2490.3343
2471.6415
2451.1949
2432.2718
2409.0803
2385.4387
2366.0447
2343.83
2325.3461
2304.3721
2284.448
2261.2652
2240.7526
2217.4527
2193.9923
2172.5388
2150.2515
2128.2886
2110.4828
2088.6857
2068.1147
2048.5328
2028.6108
2011.5745
1991.7598
1970.6713
1951.0166
1931.9809
1910.6254
1893.4234
1873.8675
1858.5767
1839.6672
1820.9721
1803.506
1784.6605
1766.2216
1747.4215
1731.5782
1714.167
1698.0016
1679.1598
1659.9728
1640.8185
1623.4349
1607.8497
1591.7423
1574.3899
1559.7302
1541.8254
1526.5994
1509.1383
1491.5599
1473.5349
1458.6142
1442.037
1426.2807
1408.2584
1392.5381
1374.5412
1359.5815
1342.2415
1326.1867
1312.0237
1296.6777
1283.1214
1266.1711
1252.5131
1238.0299
1223.4191
1209.1033
1194.2099
1181.1842
1168.4134
1155.4959
1142.4687
1129.6942
1116.3936
1103.4089
1091.9277
1077.3545
1064.2393
1050.8772
1037.4257
1022.315
1010.4593
997.2962
982.6075
969.723
956.8241
946.8537
934.8719
922.3331
911.6939
899.1184
887.7887
875.7154
861.6546
849.7364
838.9562
827.8991
817.6643
808.2226
797.743
784.9057
772.8124
762.8275
750.5566
741.4078
731.1403
722.0499
712.1751
701.6438
691.9844
683.3687
674.7683
666.6712
658.6219
648.872
639.3122
629.7691
620.3732
611.0959
600.3676
591.6477
583.997
575.1313
568.5508
558.6034
549.9189
542.7655
534.3461
526.0959
518.8642
511.2157
503.6621
496.3035
490.7266
484.4614
476.6025
470.0214
461.9254
455.0938
447.9006
441.1889
433.5864
425.9213
418.7479
411.7006
404.6272
397.9961
390.9978
384.5217
377.5566
371.2942
365.2956
360.0555
353.7583
347.9853
343.6341
338.3698
333.8119
328.5097
