81.0
81.0
82.0413
82.9678
83.9151
84.9552
85.8298
86.7433
87.5295
88.3355
89.177
89.9566
90.7034
91.5464
92.1512
92.9216
93.7076
94.3812
95.0109
95.6611
96.3064
96.9277
97.561
98.2619
98.8208
99.3874
100.0596
100.5769
100.9973
101.6182
102.2587
102.7681
103.2527
103.7853
104.1128
104.6258
105.0988
105.6525
106.1456
106.6774
107.1083
107.532
107.9964
108.4843
109.1028
109.5154
109.8868
110.3576
110.7831
111.2896
111.7548
112.1575
112.5585
112.9041
113.2629
113.6567
114.1121
114.5104
114.8702
115.2456
115.6007
115.8411
116.2796
116.7105
116.976
117.2508
117.6007
117.8815
118.2647
118.5569
118.7708
118.9821
119.1986
119.4809
119.8414
120.1196
120.4762
120.7757
121.0948
121.3736
121.6843
121.9475
122.09
122.4484
122.7223
122.9901
123.2582
123.6
123.7647
124.097
124.4755
124.6749
124.9788
125.1926
125.5664
125.8391
126.0885
126.3599
126.7165
127.0045
127.1964
127.4965
127.7368
128.0482
128.4385
128.5978
128.9141
129.1245
129.3997
129.5811
129.7768
130.0473
130.3817
130.6031
130.9345
131.1916
131.5827
131.8409
132.2001
132.4738
132.6841
133.0943
133.377
133.6344
133.8836
134.2948
134.593
134.8551
135.1807
135.6104
135.96
136.4223
136.91
137.4763
137.9609
138.3932
138.9784
139.4145
140.0554
140.6638
141.3119
141.9191
142.5257
143.2521
143.9965
144.7031
145.4416
146.1412
146.8589
147.5055
148.1669
148.9124
149.6655
150.2951
150.9159
151.575
152.2916
152.9585
153.7569
154.484
155.1834
155.8527
156.578
157.3319
158.132
158.8255
159.5644
160.2909
161.1532
161.9235
162.7585
163.5555
164.2563
164.9949
165.8261
166.5542
167.3334
168.1605
168.8844
169.6735
170.3894
171.2815
172.1057
172.8956
173.6962
174.4046
175.3035
175.8953
176.5766
177.4462
178.3467
179.0955
180.0103
180.7675
181.7797
182.5842
183.4094
184.2877
185.0763
186.0525
