12167.0
12167.0
12169.3343
12169.8736
12167.809
12172.4841
12169.4463
12173.3487
12177.4956
12182.2964
12189.8487
12192.6172
12198.8775
12201.1721
12202.9906
12204.7365
12212.3593
12223.2079
12230.2574
12236.3559
12240.8992
12244.0108
12249.7413
12257.9321
12259.3553
12261.5998
12260.8293
12263.1055
12270.652
12280.4896
12283.526
12292.7046
12302.4009
12309.6813
12316.3114
12315.6679
12317.8294
12320.1064
12329.649
12325.6235
12338.858
12349.1571
12356.9332
12363.9126
12366.7338
12376.814
12374.2501
12376.1215
12382.4023
12388.042
12392.0462
12397.8314
12397.3045
12405.8901
12407.0096
12416.8391
12422.0753
12423.4947
12429.2732
12428.2301
12430.4642
12432.1424
12436.6176
12437.2655
12440.7711
12444.2696
12450.7768
12452.7988
12454.6905
12460.5341
12464.7578
12473.0014
12482.282
12480.3122
12487.2693
12490.0199
12495.7563
12498.1766
12506.3821
12512.3092
12511.2123
12514.3787
12522.839
12522.9988
12524.6387
12526.9153
12532.4844
12533.9343
12540.3013
12547.2786
12555.5811
12558.9733
12557.667
12560.5402
12567.0491
12573.3489
12574.1416
12581.2976
12587.2082
12589.1224
12595.2704
12599.685
12612.162
12614.501
12616.8697
12622.4615
12630.3184
12638.1851
12645.0806
12647.4106
12646.2309
12651.8937
12649.6084
12650.3787
12657.1606
12661.2996
12667.5647
12669.1876
12676.6458
12685.5676
12687.5674
12690.4204
12696.3808
12702.3719
12705.9323
12707.3848
12715.8139
12719.2098
12725.5859
12727.7289
12733.0987
12739.5416
12747.1078
12751.7383
12758.3051
12767.5283
12777.9599
12779.2973
12786.1922
12791.8067
12792.2945
12796.1852
12795.5851
12803.1323
12807.0031
12813.7092
12815.7018
12818.4203
12823.0211
12828.9902
12832.8284
12836.5129
12847.0348
12851.9573
12853.641
12857.2013
12860.2183
12866.443
12874.5645
12881.2415
12881.5307
12886.339
12887.2363
12895.8882
12894.2823
12900.2135
12904.2738
12907.3941
12919.0985
12926.7867
12930.1124
12936.7431
12940.0601
12949.1184
12954.5766
12959.7298
12959.2301
12966.3242
12973.2373
12974.6746
12978.2852
12980.0975
12985.3133
12980.0207
12984.5926
12987.4925
12993.9506
13005.872
13016.1394
13017.7207
13019.8563
13027.9806
13036.7195
13033.6488
13038.9725
13043.0233
13044.3814
13042.3854
13042.1674
13053.5724
