9.0
9.0
9.066699999999967
9.133400000000028
9.199399999999985
9.269600000000024
9.336300000000012
9.406500000000015
9.467600000000054
9.533499999999984
9.598100000000002
9.661699999999957
9.716900000000042
9.779800000000044
9.839800000000015
9.901300000000003
9.966700000000007
10.024900000000098
10.081400000000027
10.139999999999993
10.201200000000005
10.255099999999983
10.314299999999934
10.376499999999997
10.433900000000007
10.490499999999981
10.54259999999998
10.600400000000066
10.643600000000015
10.697899999999995
10.757599999999988
10.80949999999999
10.860299999999995
10.911999999999999
10.959899999999985
11.015599999999964
11.066599999999974
11.115499999999976
11.163199999999977
11.217600000000019
11.26909999999998
11.317099999999988
11.37100000000004
11.421000000000003
11.469900000000012
11.51870000000002
11.567399999999987
11.619499999999986
11.669699999999963
11.71299999999999
11.761099999999955
11.807799999999997
11.852600000000024
11.895100000000008
11.93570000000001
11.98249999999998
12.029000000000037
12.07160000000002
12.118899999999982
12.164900000000001
12.208799999999952
12.253700000000025
12.293000000000008
12.336299999999968
12.38599999999995
12.430199999999953
12.471300000000012
12.5105
12.549800000000005
12.58960000000005
12.625499999999985
12.663799999999986
12.702999999999985
12.741200000000003
12.782500000000011
12.822600000000014
12.8606
12.896499999999998
12.935600000000017
12.968899999999996
13.00739999999999
13.045199999999998
13.083699999999995
13.123600000000023
13.160499999999997
13.194400000000021
13.2311
13.265100000000023
13.297100000000015
13.33199999999997
13.3654
13.404100000000017
13.4404
13.472299999999983
13.503799999999988
13.536200000000017
13.571200000000008
13.60289999999998
13.636800000000015
13.671699999999989
13.706700000000023
13.7427
13.777500000000003
13.809699999999994
13.84030000000003
13.87070000000003
13.899700000000006
13.931099999999994
13.959199999999985
13.99119999999997
14.022899999999996
14.052300000000006
14.081699999999994
14.1128
14.145999999999992
14.172800000000029
14.198099999999991
14.2259
14.252399999999994
14.279500000000011
14.305000000000005
14.330100000000009
14.356299999999994
14.382899999999994
14.409399999999996
14.435099999999995
14.460300000000004
14.486799999999988
14.5135
14.540900000000002
14.5642
14.587699999999995
14.61099999999998
14.6353
14.65910000000001
14.684099999999994
14.713799999999994
14.736300000000005
14.761100000000011
14.7848
14.808099999999998
14.8312
14.853399999999993
14.874600000000012
14.895299999999994
14.9159
14.935499999999994
14.958799999999997
14.983300000000005
15.005000000000003
15.027499999999991
15.051
15.067999999999994
15.08680000000001
15.1051
15.1306
15.146900000000002
15.164999999999994
15.181500000000009
15.198299999999994
15.216400000000009
15.237000000000005
15.252399999999994
15.2683
15.284900000000006
15.304
15.3221
15.340000000000005
15.359500000000002
15.378299999999994
15.3952
15.4088
15.4254
15.441999999999995
15.462600000000004
15.480200000000004
15.495599999999998
15.5121
15.527900000000006
15.546100000000003
15.5614
15.5786
15.595199999999997
15.609299999999998
15.620000000000006
15.637500000000003
15.6515
15.666
15.6814
15.694
15.710700000000003
15.724899999999995
15.738
15.7524
15.7639
15.7763
15.7922
15.8055
15.8185
15.8338
