343.0
343.0
344.5988
345.5065
346.6065
347.8709
348.9602
349.9647
350.8738
352.2717
353.816
355.5838
357.2945
358.7246
359.9485
361.3
363.0037
364.8401
366.6921
368.5576
370.4106
371.7088
373.4065
375.1722
376.9088
379.2136
380.1804
382.3197
384.1287
385.3104
386.9168
389.4361
391.5289
393.2946
395.9428
398.5541
400.8576
402.8657
404.5095
406.5394
408.3026
410.1671
411.8932
414.9871
416.9853
419.3766
421.1429
423.16
425.3626
428.488
431.1629
432.699
434.7796
436.9075
439.1566
441.4698
443.9286
447.1162
449.8648
453.3766
456.3077
458.9879
461.7599
464.9182
468.3816
471.3169
474.6707
477.9421
481.7284
485.3652
488.9129
492.4365
496.1908
499.9937
503.473
507.2024
510.3266
514.2091
518.1113
521.3262
525.697
528.9863
532.1964
537.167
541.5687
546.5766
550.7129
554.1932
558.4117
562.9953
567.6697
572.3057
576.1956
581.547
587.091
591.8821
596.3386
600.9713
605.4206
610.0539
615.0752
619.8552
625.3632
629.4644
634.283
639.1945
644.1937
649.1246
654.4733
659.6609
663.6528
668.823
674.3506
679.974
684.7082
690.0319
695.3973
700.4238
705.85
711.324
716.6448
720.6263
725.3164
730.9467
736.9807
742.2772
747.5561
752.6781
757.7407
763.3946
768.8456
774.626
780.7382
784.9496
790.1314
794.9493
799.9984
804.6783
809.5249
815.3489
821.5015
827.503
832.2124
837.1273
841.7451
847.9751
852.2503
857.8152
863.2111
868.1813
873.8839
879.3236
884.1247
889.0085
895.3272
900.8091
905.5569
910.8078
916.1418
922.3213
927.4896
932.202
936.8464
942.0356
947.8271
953.1491
958.8032
964.4591
969.1439
974.0426
979.2807
984.1214
989.8633
996.0177
1001.896
1006.8736
1012.4353
1019.4028
1024.4431
1029.5054
1034.7383
1039.1154
1044.1968
1049.6681
1055.4455
1061.6498
1066.7159
1073.6738
1079.6541
1085.2048
1089.8821
1094.1761
1099.4225
1105.4999
1111.6928
1117.775
1123.0052
1128.0431
1133.8827
1139.2592
