30.0
30.0
30.0032
30.004100000000022
30.00619999999999
30.00140000000001
30.003600000000013
29.992700000000024
29.987699999999975
29.980600000000024
29.9705
29.9563
29.943000000000023
29.931900000000017
29.91809999999999
29.89959999999998
29.8818
29.874400000000005
29.8567
29.839599999999994
29.821500000000036
29.802900000000022
29.77769999999998
29.757099999999994
29.733300000000035
29.709300000000024
29.682300000000005
29.660799999999995
29.638299999999976
29.617899999999995
29.5898
29.564099999999982
29.538799999999977
29.511900000000004
29.485599999999984
29.461399999999994
29.432099999999984
29.405799999999978
29.3693
29.338300000000007
29.308200000000046
29.2732
29.238599999999987
29.2091
29.17539999999999
29.136600000000005
29.10360000000001
29.07199999999999
29.040399999999995
29.00169999999998
28.962400000000024
28.926000000000013
28.891099999999987
28.8541
28.820800000000016
28.793100000000045
28.754800000000007
28.732100000000017
28.697000000000028
28.663600000000013
28.640099999999975
28.6154
28.587799999999987
28.564900000000005
28.538799999999977
28.516900000000025
28.49429999999997
28.4699
28.444199999999977
28.41949999999998
28.393399999999964
28.370700000000035
28.346500000000024
28.320000000000007
28.294
28.272199999999977
28.245699999999978
28.21930000000001
28.196199999999994
28.17050000000003
28.144699999999965
28.11899999999999
28.0901
28.068800000000042
28.043500000000034
28.01819999999999
27.992200000000036
27.961999999999993
27.93299999999996
27.905100000000036
27.886100000000006
27.861000000000022
27.8314
27.804200000000012
27.77960000000003
27.74980000000001
27.720799999999983
27.696700000000035
27.66329999999997
27.6404
27.61690000000001
27.586899999999982
27.55350000000001
27.526400000000045
27.5012
27.474899999999987
27.44709999999999
27.41629999999999
27.3922
27.365599999999976
27.336200000000012
27.30879999999997
27.28460000000001
27.250900000000012
27.2232
27.195100000000053
27.16769999999999
27.135099999999976
27.108799999999988
27.078699999999895
27.052400000000016
27.016000000000023
26.985800000000012
26.96040000000004
26.93329999999997
26.902599999999953
26.86850000000001
26.838499999999993
26.808999999999966
26.77479999999999
26.742899999999995
26.711000000000023
26.6763
26.63909999999999
26.60590000000006
26.567900000000034
26.528699999999976
26.488899999999948
26.453799999999994
26.411200000000047
26.374000000000045
26.325500000000023
26.28660000000007
26.240400000000022
26.19800000000002
26.152900000000034
26.103799999999975
26.063199999999995
26.017800000000037
25.972199999999983
25.932999999999982
25.88880000000005
25.845499999999944
25.803100000000015
25.7556
25.709399999999963
25.66679999999997
25.619599999999984
25.568100000000026
25.514799999999937
25.47009999999999
25.424599999999945
25.378300000000007
25.33279999999998
25.288799999999977
25.24550000000001
25.196699999999975
25.151499999999984
25.10669999999993
25.060500000000005
25.01619999999998
24.96780000000003
24.92549999999993
24.87560000000003
24.8275
24.775699999999986
24.726199999999963
24.68109999999994
24.632500000000007
24.584000000000056
24.532299999999957
24.478399999999926
24.434400000000007
24.3812
24.336599999999944
24.28959999999996
24.238799999999994
24.19160000000002
24.145799999999966
24.09709999999996
24.052000000000024
24.007600000000025
23.956800000000083
23.902200000000008
23.857499999999998
23.814099999999993
23.765800000000002
23.71379999999995
23.664199999999983
23.61879999999999
