2.0
2.0
1.9704
1.9386000000000008
1.9061
1.8740000000000008
1.8463999999999994
1.8183
1.7956
1.7625
1.7382000000000006
1.711999999999997
1.6846999999999985
1.6622999999999957
1.6398000000000021
1.6203000000000007
1.605000000000002
1.585600000000002
1.5603000000000031
1.5435000000000014
1.525799999999999
1.5120999999999998
1.4977999999999985
1.487000000000005
1.4713999999999994
1.4595999999999978
1.4490000000000003
1.4397999999999966
1.424199999999998
1.4117000000000026
1.3973999999999989
1.3875999999999973
1.3776999999999984
1.3666000000000003
1.3592999999999984
1.3485000000000005
1.3431000000000008
1.3364999999999998
1.3298000000000012
1.3211999999999968
1.3144000000000005
1.3129999999999966
1.3075999999999988
1.3057000000000063
1.3003000000000047
1.2941000000000016
1.290199999999994
1.2846000000000006
1.2813000000000014
1.2759000000000065
1.2669999999999995
1.2648000000000024
1.2617000000000034
1.2583999999999984
1.2575999999999994
1.257399999999996
1.2598999999999987
1.2661000000000002
1.2721999999999936
1.2797000000000005
1.2887999999999982
1.2958999999999987
1.3074000000000003
1.3165000000000044
1.3306000000000036
1.3374999999999992
1.3484999999999991
1.362800000000003
1.3764000000000036
1.3871999999999967
1.3942
1.4067999999999974
1.4141999999999995
1.4277000000000009
1.4447999999999992
1.4561999999999997
1.467100000000003
1.481800000000002
1.4965000000000004
1.5059999999999978
1.5208000000000006
1.5337000000000023
1.545599999999998
1.5532000000000048
1.5674000000000043
1.5799999999999987
1.5905000000000002
1.6023999999999987
1.6129000000000002
1.6289000000000011
1.6417
1.6503999999999985
1.6652999999999984
1.6771999999999978
1.690600000000002
1.7062000000000008
1.7156000000000013
1.726000000000001
1.7378999999999978
1.7505000000000008
1.7634000000000003
1.7817999999999985
1.7968000000000026
1.8109
1.8240000000000012
1.8351000000000006
1.8446000000000007
1.8528000000000007
1.8648000000000013
1.8771999999999986
1.8906000000000003
1.9038999999999997
1.9183
1.9247999999999992
1.9333
1.9458
1.9602
1.9714
1.9816999999999965
1.9884000000000044
1.9982999999999873
2.0117999999999943
2.020700000000002
2.0286999999999997
2.0419999999999976
2.054899999999992
2.0651000000000113
2.0764999999999953
2.0873999999999957
2.096599999999991
2.1037999999999966
2.1123
2.1183000000000045
2.1295999999999986
2.1359999999999917
2.146499999999977
2.1516000000000055
2.1604999999999936
2.169100000000002
2.177900000000002
2.1836000000000078
2.193699999999994
2.1990999999999987
2.2057999999999955
2.2124000000000024
2.217000000000006
2.222999999999998
2.2286000000000072
2.231199999999998
2.2363999999999975
2.243999999999999
2.251600000000002
2.2599999999999993
2.2667000000000046
2.2786999999999944
2.2865999999999946
2.2919000000000014
2.2983000000000042
2.3008000000000024
2.308900000000003
2.3161999999999994
2.3213999999999912
2.3283999999999936
2.331999999999991
2.336499999999993
2.345100000000003
2.3508999999999842
2.3599999999999977
2.365499999999986
2.3679000000000014
2.3731999999999913
2.3768999999999973
2.3802000000000065
2.3884000000000043
2.3927000000000125
2.398099999999993
2.401999999999999
2.4091999999999905
2.4170999999999925
2.4292000000000087
2.431400000000004
2.4392
2.448000000000008
2.453200000000007
2.4559000000000064
2.4626999999999915
2.471699999999992
2.477499999999993
2.4840000000000035
2.4879000000000127
2.493899999999999
2.4980999999999915
2.5045000000000033
2.5124000000000084
2.5187000000000026
2.5165000000000006
2.5251999999999972
2.5271000000000083
2.528899999999991
2.5334000000000056
