16.0
16.0
16.9584
17.9698
19.0048
19.9384
20.9029
21.9549
23.0169
24.0655
25.0462
25.9863
26.995
27.9843
29.0499
30.0066
31.0067
32.05
33.0355
34.076
35.1284
36.1232
37.1128
38.1279
39.1594
40.2001
41.3109
42.3679
43.4011
44.4401
45.442
46.3978
47.4047
48.4478
49.4665
50.4238
51.3907
52.3687
53.4246
54.4095
55.5005
56.4971
57.5749
58.6192
59.7054
60.9197
61.9716
63.0588
64.1305
65.1937
66.2988
67.439
68.3849
69.3894
70.5738
71.597
72.5632
73.6223
74.5748
75.5637
76.581
77.5743
78.5748
79.6204
80.6729
81.8058
82.8712
83.8497
84.9774
86.0165
87.1103
88.2894
89.3189
90.3087
91.3755
92.4394
93.509
94.6187
95.606
96.6734
97.7862
98.9708
100.0186
101.112
102.1201
103.2871
104.3673
105.4966
106.4417
107.4718
108.4859
109.437
110.5374
111.5959
112.7228
113.8602
114.9316
116.0096
117.1257
118.1638
119.2475
120.2722
121.4426
122.5727
123.7951
124.9792
126.1279
127.3602
128.3827
129.6418
130.7322
131.9493
133.1081
134.2885
135.3347
136.4992
137.6256
138.7589
140.0758
141.2602
142.5221
143.8856
145.0755
146.1947
147.4366
148.7086
149.7243
150.7858
151.9323
153.0772
154.08
155.0052
155.7669
156.8191
157.7621
158.7534
159.7093
160.6651
161.3162
162.0906
162.9606
163.6074
164.3612
165.1379
165.6285
166.4945
167.1886
167.946
168.8758
169.4785
170.1688
171.0224
171.8393
172.6359
173.4502
174.0641
174.7183
175.5517
176.4228
177.1554
178.0947
178.787
179.5498
180.3502
181.0566
181.918
182.7553
183.3895
184.2107
184.9268
185.7384
186.5756
187.2522
187.8192
188.3816
189.3411
190.1249
190.7266
191.3485
191.9257
192.484
193.1908
193.9569
194.5454
195.2456
195.8235
196.4036
197.0559
197.6828
198.5926
199.296
199.8476
200.5514
200.9742
201.853
202.4341
203.1437
204.0061
204.6373
205.0437
