14.0
14.0
14.001200000000017
14.012699999999992
14.0206
14.024299999999982
14.029199999999976
14.024400000000005
14.010800000000023
13.996900000000005
13.98269999999998
13.970200000000004
13.952800000000005
13.940400000000018
13.9242
13.90249999999999
13.882300000000008
13.862700000000011
13.83719999999999
13.812099999999994
13.7854
13.75419999999998
13.726
13.694400000000012
13.669699999999983
13.64250000000002
13.613199999999997
13.577299999999989
13.548499999999994
13.511599999999959
13.4714
13.43550000000002
13.39729999999999
13.359799999999977
13.3221
13.276399999999974
13.233200000000013
13.187499999999988
13.142699999999994
13.096100000000026
13.0526
13.001899999999964
12.949299999999996
12.902900000000011
12.851000000000015
12.806300000000011
12.755500000000017
12.703399999999975
12.648199999999976
12.598599999999958
12.543299999999995
12.488900000000012
12.432000000000032
12.377699999999988
12.324399999999999
12.278599999999992
12.224900000000007
12.17330000000001
12.123800000000015
12.072600000000008
12.027099999999997
11.97279999999999
11.92029999999999
11.866399999999997
11.814700000000025
11.759199999999948
11.709999999999992
11.656500000000005
11.609899999999977
11.558999999999987
11.5041
11.454199999999975
11.404899999999998
11.35300000000002
11.298700000000007
11.252200000000032
11.198999999999957
11.152
11.097399999999995
11.044400000000007
10.989299999999972
10.937300000000024
10.889099999999992
10.837700000000034
10.783899999999992
10.7336
10.677000000000028
10.62860000000002
10.57230000000002
10.515699999999963
10.459499999999954
10.410399999999992
10.355999999999996
10.302300000000022
10.243999999999971
10.190299999999992
10.132199999999996
10.078900000000006
10.018899999999986
9.96129999999999
9.91150000000002
9.854699999999983
9.800799999999994
9.741700000000007
9.689300000000015
9.632499999999972
9.575900000000033
9.520299999999963
9.461299999999978
9.408200000000006
9.35440000000006
9.300300000000012
9.24510000000001
9.191200000000006
9.134999999999993
9.08330000000009
9.033900000000015
8.978299999999996
8.921499999999982
8.86439999999999
8.807300000000025
8.746399999999998
8.695100000000041
8.63779999999999
8.57829999999994
8.519400000000063
8.464099999999988
8.412900000000002
8.356700000000004
8.294899999999963
8.242700000000015
8.182000000000022
8.126299999999967
8.069199999999995
8.001599999999996
7.9454
7.886
7.8269
7.7669
7.714
7.654
7.591900000000004
7.528599999999998
7.473700000000002
7.406799999999996
7.352799999999994
7.294300000000003
7.2405
7.181700000000007
7.122800000000004
7.0657999999999985
7.009099999999997
6.955100000000018
6.901000000000004
6.8502999999999945
6.7892000000000055
6.732199999999991
6.669699999999999
6.612199999999988
6.554499999999994
6.49300000000001
6.438899999999995
6.3866
6.3325000000000164
6.281199999999995
6.2188
6.1622999999999895
6.1123
6.056300000000005
6.001500000000016
5.946400000000023
5.8945000000000105
5.840900000000008
5.792100000000012
5.742399999999999
5.690799999999989
5.632499999999996
5.580000000000005
5.524
5.473600000000005
5.420400000000013
5.367499999999987
5.311799999999994
5.257699999999983
5.201499999999997
5.15079999999999
5.099199999999994
5.048899999999997
4.9967999999999835
4.947299999999999
4.89539999999997
4.844800000000015
4.797600000000007
4.7493000000000265
4.698100000000003
4.6490999999999865
4.6064999999999925
4.55920000000002
4.50970000000001
4.462300000000006
