0.0
0.0
0.0102
0.0197
0.0252
0.0293
0.035
0.0407
0.0432
0.0464
0.0464
0.0503
0.0519
0.0558
0.0563
0.057
0.0614
0.0658
0.0665
0.0649
0.0665
0.0652
0.0665
0.0662
0.0679
0.0674
0.0678
0.0703
0.0692
0.0692
0.069
0.0704
0.0716
0.0738
0.0726
0.0741
0.0737
0.0732
0.0757
0.0733
0.075
0.0758
0.0787
0.0788
0.0792
0.0807
0.0789
0.0779
0.0773
0.0783
0.0776
0.0794
0.079
0.0779
0.0769
0.08
0.0855
0.0925
0.0996
0.1036
0.1055
0.1084
0.11
0.1196
0.1219
0.122
0.1252
0.1288
0.13
0.1318
0.1331
0.139
0.1418
0.1457
0.1445
0.1454
0.1469
0.1491
0.1487
0.1511
0.1542
0.1562
0.157
0.1569
0.1594
0.1606
0.1621
0.1633
0.1632
0.167
0.165
0.1638
0.165
0.1638
0.1635
0.1637
0.1636
0.1647
0.1652
0.1665
0.1636
0.165
0.1621
0.1627
0.1627
0.1635
0.1656
0.1685
0.1664
0.1634
0.1685
0.1695
0.1725
0.1716
0.1754
0.1692
0.1703
0.1719
0.17
0.1666
0.169
0.1723
0.1712
0.1719
0.1712
0.168
0.1661
0.1696
0.1668
0.1699
0.1686
0.1699
0.1709
0.1743
0.1771
0.1766
0.1767
0.1788
0.1834
0.1869
0.188
0.1906
0.1975
0.1993
0.2002
0.1996
0.2012
0.2024
0.2044
0.2056
0.2084
0.2084
0.2143
0.2141
0.2171
0.2166
0.2235
0.2226
0.2211
0.2238
0.2257
0.2293
0.2316
0.2302
0.227
0.2282
0.2271
0.2319
0.2299
0.2301
0.2314
0.2381
0.2405
0.2406
0.2417
0.2476
0.2415
0.2411
0.2409
0.2423
0.2414
0.2428
0.241
0.2395
0.2421
0.2401
0.2385
0.2407
0.2436
0.2448
0.2416
0.2449
0.2472
0.2443
0.2482
0.2525
0.2561
0.2577
0.2606
0.2605
