121.0
121.0
120.1353
119.295
118.5364
117.6537
116.8269
116.154
115.281
114.5256
113.6982
112.9284
112.204
111.3611
110.5748
109.8099
109.1068
108.357
107.5558
106.8417
106.1668
105.3755
104.7102
104.1066
103.422
102.6803
101.9329
101.2733
100.5809
99.8947
99.2212
98.4349
97.7638
97.07
96.3873
95.7957
95.1374
94.4918
93.7905
93.1933
92.5497
91.9133
91.3486
90.6448
90.0099
89.3446
88.8305
88.2296
87.6363
87.1051
86.5207
85.84
85.1663
84.5398
83.9456
83.4439
82.8764
82.3025
81.7387
81.1924
80.6754
80.0928
79.5904
79.1855
78.7155
78.2358
77.7592
77.3611
76.9056
76.4885
76.051
75.5648
75.1413
74.6776
74.249
73.836
73.4416
72.968
72.5836
72.1551
71.758
71.3314
70.9572
70.5379
70.0738
69.7065
69.2155
68.8222
68.4981
68.101
67.7861
67.41
67.035
66.5798
66.1782
65.736
65.3056
64.8963
64.5416
64.2049
63.7684
63.4151
63.1093
62.6779
62.3046
61.928
61.5898
61.2586
60.8819
60.4976
60.1521
59.7587
59.344
58.9665
58.6305
58.2874
57.9095
57.6158
57.3378
56.9873
56.5934
56.2742
55.9406
55.6206
55.2526
54.9224
54.5928
54.2177
53.8521
53.5199
53.1458
52.7617
52.3498
51.9309
51.4954
51.0802
50.6344
50.1801
49.753
49.3425
48.9216
48.5336
48.0663
47.6575
47.2805
46.8483
46.4209
45.9974
45.5723
45.1242
44.6834
44.2577
43.872
43.4455
43.0158
42.549
42.1682
41.7973
41.3748
40.9528
40.5285
40.1594
39.8173
39.3923
38.9678
38.5548
38.1708
37.7829
37.4563
37.0776
36.6947
36.3239
35.9501
35.5694
35.1756
34.8347
34.4605
34.1066
33.7584
33.4596
33.1551
32.8373
32.5005
32.2115
31.8856
31.5544
31.1989
30.8993
30.5975
30.2426
29.8818
29.5821
29.2699
28.9569
28.6436
28.3407
28.0071
27.6959
27.4064
27.1219
