729.0
729.0
703.3925
679.65
656.6458
634.9955
611.9619
590.1377
569.4499
550.591
530.1135
510.574
493.1945
475.5795
459.0387
443.2059
427.2434
411.8888
396.5641
382.7789
367.5406
353.4761
340.7402
327.7005
315.0466
303.6746
291.7818
282.1592
271.2323
261.2313
250.9269
241.3746
232.1552
223.8196
215.6947
206.8774
198.8332
191.0617
183.027
175.6531
168.415
161.7907
155.5141
150.0565
144.6864
138.5155
133.4185
128.5699
123.3377
119.0127
114.974
110.7792
105.7173
101.3287
97.7125
95.3192
93.1155
91.3643
89.8334
88.3168
87.1642
85.8464
85.1919
84.4792
83.617
83.7586
83.3498
83.1256
82.8477
82.6884
82.4395
81.8321
81.6503
81.4783
81.6612
81.4605
80.9892
80.8283
80.9296
80.5508
80.3504
79.6994
80.0583
79.8326
79.426
79.0457
78.9565
78.7857
78.8666
78.8306
78.9438
79.1233
79.2194
78.7497
78.7229
78.6452
78.3271
77.8681
78.1028
77.7812
77.7903
77.7513
77.7857
77.9269
77.5461
77.3352
77.4023
77.7873
77.6807
77.7024
77.7462
77.7328
77.7217
77.955
77.1443
77.4865
77.5223
77.4767
77.4422
77.3951
77.3057
76.9854
76.8768
76.6266
76.5164
76.4116
76.1637
76.0148
75.8994
75.9024
75.9842
75.9492
75.574
75.4951
75.0748
74.5883
74.0488
73.8909
73.5012
73.3174
72.758
72.413
72.5366
72.0204
71.7689
71.3683
70.8944
70.7904
70.545
70.2183
69.9799
69.8582
69.3729
69.149
68.5839
68.6419
68.8196
68.9812
68.64
68.1712
67.9117
67.7193
67.4373
67.3644
66.7546
66.3448
66.247
66.0677
66.3185
66.0765
65.8554
65.4724
65.2289
64.6116
64.3025
63.9404
63.8801
63.4344
63.2431
62.942
62.8486
62.6085
62.4474
61.9433
62.0152
61.7303
61.6054
61.53
61.3012
60.8948
60.7569
60.7552
60.8708
60.9053
60.6264
60.3859
60.2316
60.0215
59.6526
59.1466
