144.0
144.0
142.9881
141.953
140.8162
139.7407
138.7353
137.6373
136.651
135.7061
134.696
133.7038
132.7637
131.8085
130.7183
129.7964
128.8598
127.8749
126.8576
125.868
124.9765
124.0143
123.1047
122.1699
121.2351
120.286
119.3018
118.3657
117.4278
116.5485
115.6045
114.7587
113.9568
113.0012
112.1153
111.2898
110.4778
109.5669
108.7455
108.0263
107.187
106.3479
105.554
104.7132
103.8176
103.0825
102.2301
101.4041
100.5535
99.7377
98.9246
98.0818
97.2082
96.4202
95.763
95.1271
94.474
93.8562
93.2593
92.7066
92.0893
91.5159
91.0051
90.5607
90.0735
89.6174
89.1415
88.6757
88.2126
87.7113
87.2308
86.811
86.3228
85.8389
85.3778
84.9431
84.4826
84.0632
83.6609
83.1966
82.712
82.2209
81.7751
81.3468
80.8646
80.3644
79.9479
79.5588
79.1758
78.7302
78.3356
77.9179
77.4922
77.0696
76.6892
76.228
75.8134
75.3637
74.9003
74.45
74.0433
73.6285
73.1897
72.7602
72.3804
72.0025
71.6314
71.2218
70.8117
70.3972
69.9575
69.6019
69.2189
68.8255
68.4872
68.106
67.7552
67.3635
66.9513
66.5875
66.2168
65.8886
65.4801
65.1073
64.6889
64.3334
63.9436
63.5672
63.2675
62.9406
62.6491
62.3456
62.0748
61.82
61.5571
61.31
61.0405
60.84
60.5783
60.2945
60.1042
59.9106
59.7098
59.4529
59.2058
59.0175
58.8233
58.6107
58.4434
58.1998
57.9965
57.783
57.5517
57.3336
57.1149
56.895
56.7139
56.5282
56.3156
56.1024
55.8725
55.6293
55.4253
55.2605
55.0267
54.8447
54.6624
54.4662
54.2413
53.9972
53.7802
53.6406
53.4601
53.2344
53.0297
52.8693
52.6979
52.5138
52.3365
52.1005
51.8935
51.7312
51.5202
51.3046
51.1161
50.9404
50.7378
50.5279
50.2987
50.151
49.9607
49.8381
49.6849
49.5356
49.3693
49.1994
48.9643
48.8074
48.6601
48.4979
