36.0
36.0
35.7736
35.4538
35.2191
35.0372
34.7476
34.5193
34.2789
34.0816
33.8214
33.63
33.3538
33.1391
32.8974
32.6697
32.4537
32.2324
32.0016
31.7601
31.5376
31.2764
31.0991
30.8879
30.648
30.4624
30.2852
30.1215
29.9223
29.7023
29.5192
29.377
29.1819
28.9515
28.7126
28.5271
28.3416
28.1177
27.8793
27.6586
27.4902
27.2802
27.0975
26.9391
26.7683
26.5555
26.3991
26.2318
26.0961
25.9234
25.7579
25.5694
25.3856
25.2484
25.1266
24.9914
24.8558
24.6904
24.4664
24.332
24.2177
24.0455
23.8867
23.7482
23.6256
23.5261
23.3809
23.2253
23.0718
22.8952
22.7791
22.6508
22.4731
22.3148
22.1384
21.9796
21.8596
21.7275
21.5658
21.4207
21.2432
21.1332
21.0252
20.838
20.6871
20.5411
20.3741
20.2651
20.1068
19.925
19.8057
19.6716
19.5229
19.3956
19.2597
19.0941
18.9373
18.8172
18.6885
18.5294
18.3576
18.2047
18.0755
17.9794
17.9137
17.7754
17.6653
17.5183
17.3751
17.2586
17.1111
16.99
16.8582
16.7351
16.628
16.4963
16.3979
16.2831
16.1544
16.0088
15.8995
15.8025
15.7083
15.6079
15.5092
15.3963
15.2918
15.1888
15.0776
14.9537
14.8206
14.7429
14.6416
14.5662
14.4857
14.3893
14.2914
14.1941
14.0958
14.0108
13.93
13.8525
13.7946
13.7033
13.5845
13.4746
13.4088
13.3014
13.1958
13.1291
13.0796
12.9507
12.884
12.7726
12.7168
12.5961
12.5177
12.4367
12.3528
12.3029
12.2326
12.1575
12.0872
12.0013
11.8844
11.787
11.7437
11.6802
11.5896
11.5303
11.4507
11.3957
11.342
11.2688
11.1849
11.1262
11.0576
11.0114
10.9596
10.9145
10.8557
10.7911
10.7169
10.6496
10.6202
10.556
10.4967
10.4239
10.3378
10.2896
10.2394
10.1852
10.1134
10.0395
9.9636
9.9074
9.8702
9.8001
9.722
9.6655
