9.0
9.0
8.99
9.0002
8.9633
8.9181
8.884
8.8592
8.8552
8.8497
8.818
8.8021
8.7934
8.776
8.7583
8.735
8.7347
8.7178
8.7115
8.6972
8.686
8.6874
8.6679
8.6666
8.6667
8.6774
8.6719
8.6723
8.6711
8.6636
8.6458
8.6406
8.6607
8.6575
8.6534
8.6407
8.6392
8.637
8.6287
8.6297
8.6473
8.6459
8.6518
8.6599
8.6567
8.6547
8.6328
8.6473
8.6599
8.6475
8.6219
8.6448
8.6376
8.6629
8.6655
8.6719
8.7003
8.7063
8.7117
8.7063
8.7172
8.7409
8.7515
8.772
8.792
8.7984
8.8071
8.8267
8.8369
8.8573
8.8851
8.9026
8.9169
8.9481
8.9841
8.9999
9.0338
9.0511
9.0688
9.0618
9.0677
9.0777
9.1069
9.1169
9.1279
9.1449
9.1594
9.194
9.218
9.2211
9.2479
9.2805
9.3176
9.3297
9.3291
9.3499
9.3643
9.3863
9.4062
9.4216
9.4453
9.4834
9.4958
9.5222
9.5313
9.5364
9.5526
9.5561
9.5709
9.6029
9.6307
9.6541
9.6769
9.709
9.7292
9.7538
9.7616
9.7808
9.7976
9.8335
9.8377
9.8565
9.8683
9.9038
9.9378
9.9355
9.9336
9.954
9.9527
9.9686
9.9809
9.9976
10.0155
10.0221
10.0308
10.065
10.0768
10.1053
10.0968
10.1218
10.1428
10.1594
10.1546
10.1521
10.177
10.2001
10.1897
10.1816
10.1965
10.2095
10.2208
10.2471
10.2399
10.2465
10.2465
10.2518
10.256
10.2657
10.2581
10.2389
10.2276
10.2179
10.2218
10.2097
10.1954
10.1985
10.1696
10.1485
10.1412
10.1365
10.1539
10.1481
10.1635
10.1676
10.1732
10.1917
10.1885
10.1739
10.1727
10.1609
10.1614
10.1582
10.138
10.1471
10.1292
10.1434
10.111
10.1053
10.1081
10.0986
10.103
10.1078
10.0888
10.0833
10.0824
10.0858
10.0964
10.0807
10.0869
10.0808
