49.0
49.0
49.8837
50.6887
51.537
52.4333
53.2663
54.054
54.7814
55.5843
56.3422
57.1299
57.885
58.6316
59.3719
60.1854
60.8807
61.6606
62.4177
63.1913
63.936
64.6789
65.4325
66.1679
66.9564
67.6738
68.3618
69.0214
69.7623
70.4559
71.1912
71.8676
72.5359
73.1607
73.7897
74.4651
75.1812
75.8888
76.6048
77.2971
77.9386
78.5862
79.263
79.9453
80.6576
81.3082
81.9246
82.6069
83.2677
83.9121
84.5902
85.264
86.0064
86.709
87.3622
88.053
88.6905
89.334
89.9937
90.6582
91.2098
91.8506
92.4133
92.9832
93.6159
94.2115
94.8571
95.4172
95.9569
96.574
97.1624
97.6716
98.3621
98.8975
99.4289
99.9815
100.5167
101.1426
101.7119
102.273
102.8044
103.4057
104.014
104.5951
105.2058
105.7936
106.3617
106.9117
107.3876
107.9523
108.4953
109.0138
109.6177
110.1428
110.7203
111.2362
111.7439
112.2647
112.7946
113.3327
113.9223
114.4975
115.0618
115.631
116.1772
116.7286
117.2858
117.851
118.4263
118.9163
119.4391
119.9634
120.5031
120.995
121.5233
122.0809
122.5793
123.1032
123.6368
124.1655
124.6082
125.1204
125.6808
126.2286
126.7761
127.3117
127.8713
128.4571
128.9441
129.4398
129.9974
130.49
131.0165
131.5665
132.1358
132.7527
133.3318
133.9277
134.5656
135.1281
135.72
136.2786
136.8686
137.4077
137.9717
138.5642
139.1238
139.7169
140.2458
140.8584
141.4743
141.9745
142.5472
143.1483
143.7105
144.2502
144.8519
145.506
146.0525
146.6795
147.3284
147.9133
148.4975
149.0565
149.6961
150.2197
150.8438
151.4847
152.0528
152.676
153.2783
153.8715
154.3801
154.96
155.5524
156.1246
156.83
157.4397
158.1351
158.7661
159.391
159.9654
160.5706
161.1382
161.7722
162.3548
162.9755
163.5869
164.1836
164.792
165.4273
166.0393
166.6882
167.3554
167.916
168.5434
169.131
169.7279
170.3011
170.9458
