1728.0
1728.0
1711.0007
1693.6606
1674.661
1656.7721
1640.0611
1622.0217
1605.8772
1590.4569
1574.1032
1557.9862
1542.9635
1527.6139
1510.2869
1495.5452
1480.7776
1465.1851
1448.9118
1433.1328
1419.2265
1404.0441
1389.8565
1375.5267
1361.0585
1346.3126
1331.016
1316.4789
1302.2466
1288.9775
1274.6087
1262.0839
1250.4108
1236.0324
1222.9041
1210.7058
1198.732
1185.2847
1173.3103
1162.8473
1150.7282
1138.5589
1127.388
1115.3204
1102.3744
1091.9249
1079.9201
1068.1447
1056.2559
1044.5441
1033.2166
1021.1072
1009.0152
998.0646
988.8516
980.4305
971.2816
962.9388
954.7279
947.305
938.6455
930.8825
923.8817
917.8661
911.3679
905.3616
899.1169
892.8895
886.9108
880.2693
873.989
868.3252
861.7496
855.5111
849.326
843.7709
838.0248
832.501
827.3827
821.2974
814.9568
808.5045
802.9389
797.6306
791.4066
784.8868
779.5973
774.7818
769.9646
764.4076
759.5524
754.3243
748.6884
743.4368
738.7312
732.985
727.7276
722.0493
716.3281
710.786
705.8025
700.6971
695.4343
690.0656
685.5246
681.0485
676.6362
671.7334
666.6721
661.7282
656.1807
651.9581
647.3443
642.4331
638.3884
633.6882
629.525
624.7353
619.8831
615.8215
611.4786
607.6374
602.7459
598.3451
593.4587
589.2142
584.6828
580.2378
576.9801
573.0606
569.7353
566.3602
563.5004
560.958
558.0117
555.3812
552.4911
550.299
547.6041
544.2449
542.3024
540.2354
537.9498
535.0939
532.4576
530.6505
528.6429
526.5187
524.9694
522.4804
520.3787
518.1282
515.7475
513.3834
511.1851
508.699
506.7905
504.897
502.5124
500.3096
497.9607
495.3815
493.3165
491.7117
489.1951
487.2683
485.3508
483.4594
481.1023
478.4302
476.0168
474.8314
473.1839
470.9314
469.0053
467.4641
466.0253
464.057
462.4165
459.8767
457.6647
456.113
453.9686
451.8722
450.0677
448.2582
445.9268
443.7757
441.3379
440.1666
438.0745
437.1635
435.7217
434.293
432.6157
430.9486
428.3365
427.0558
425.7681
424.1885
