225.0
225.0
227.2538
229.425
231.3815
233.3357
235.1201
236.8339
238.5125
240.0921
241.5493
242.8555
244.1002
245.3494
246.379
247.4295
248.3962
249.5069
250.4388
251.3724
252.2795
253.0638
253.8514
254.4935
255.0889
255.8347
256.4918
257.0902
257.465
258.0644
258.5074
258.9648
259.3635
259.7359
260.1682
260.6254
261.0019
261.3055
261.5755
261.9202
262.2591
262.58
262.8853
263.2217
263.372
263.5663
263.8774
264.0781
264.3213
264.5455
264.747
264.9508
265.0432
265.3177
265.508
265.7357
265.9637
266.123
266.334
266.4712
266.5945
266.595
266.7616
266.8837
266.9291
267.0572
267.1204
267.3239
267.4372
267.5078
267.6386
267.6141
267.7186
267.9198
268.0406
268.1214
268.1514
268.1762
268.1939
268.1581
268.1445
268.1122
268.0582
268.1033
268.0645
268.0245
268.0348
268.0612
268.0583
267.8446
267.9192
267.8517
267.8251
267.7684
267.7588
267.718
267.74
267.7864
267.6489
267.5626
267.3927
267.2702
267.1656
267.2224
267.2107
266.9753
266.9804
266.8532
266.8414
266.7265
266.6087
266.4863
266.3994
266.2884
266.1278
266.0652
266.0813
266.0697
265.9508
265.755
265.6169
265.5346
265.4274
265.37
265.3207
265.2399
265.0959
265.0148
264.8431
264.6585
264.5139
264.4177
264.2488
263.8513
263.4805
263.1587
262.7423
262.3788
262.01
261.7256
261.3946
260.9169
260.5055
260.0573
259.6229
259.21
258.6979
258.2939
257.7752
257.2542
256.8106
256.3393
255.9281
255.3876
254.7813
254.2194
253.6369
253.0253
252.529
251.9837
251.2423
250.6886
250.0759
249.4023
248.7816
248.2294
247.5315
246.932
246.316
245.4872
244.9943
244.3584
243.7744
243.1298
242.5072
241.9493
241.2803
240.5003
239.8142
239.0819
238.4021
237.6945
236.9496
236.2244
235.4918
234.9436
234.3973
233.8686
233.1768
232.4403
231.7432
230.9657
230.1564
229.3974
228.7294
228.0174
227.2356
226.7001
226.0865
225.2645
