9.0
9.0
9.025399999999987
9.055599999999979
9.077999999999976
9.098599999999989
9.118499999999957
9.143599999999998
9.16230000000001
9.184800000000065
9.210000000000012
9.245499999999963
9.275299999999987
9.306499999999973
9.33330000000001
9.361599999999955
9.386400000000002
9.412400000000025
9.441700000000008
9.467099999999997
9.496000000000025
9.52590000000002
9.557299999999978
9.585799999999997
9.620999999999986
9.650200000000005
9.682500000000005
9.71419999999999
9.749699999999983
9.780300000000052
9.802200000000008
9.822000000000003
9.85479999999999
9.882900000000028
9.914600000000005
9.937200000000008
9.961499999999996
9.98959999999999
10.023300000000008
10.057600000000038
10.092299999999959
10.119400000000041
10.14360000000003
10.168800000000013
10.19299999999995
10.222900000000024
10.252800000000018
10.27750000000001
10.308700000000021
10.33760000000002
10.364600000000006
10.391499999999954
10.42380000000003
10.449200000000006
10.474500000000003
10.506599999999965
10.534699999999974
10.570500000000008
10.600300000000002
10.628400000000031
10.653299999999962
10.6826
10.711899999999947
10.746100000000016
10.769900000000018
10.802400000000011
10.833199999999957
10.869900000000028
10.904699999999988
10.941999999999972
10.97300000000003
11.00140000000001
11.02669999999999
11.057799999999986
11.092500000000019
11.12089999999998
11.155600000000044
11.184599999999994
11.214700000000011
11.251799999999982
11.290300000000009
11.318100000000037
11.353199999999989
11.388100000000033
11.422499999999985
11.455400000000033
11.484699999999993
11.508500000000003
11.543099999999995
11.572300000000013
11.610800000000005
11.637700000000034
11.674099999999996
11.701500000000012
11.728599999999995
11.759299999999966
11.786600000000009
11.819099999999997
11.845400000000026
11.88079999999999
11.912899999999965
11.939500000000042
11.973000000000017
11.997199999999982
12.034200000000032
12.061800000000009
12.087100000000015
12.12070000000005
12.15160000000001
12.181300000000007
12.20840000000003
12.23800000000002
12.263900000000005
12.296600000000003
12.325399999999982
12.355599999999976
12.382000000000009
12.411599999999995
12.437499999999993
12.466199999999999
12.496400000000026
12.527200000000002
12.558200000000006
12.585500000000014
12.620700000000019
12.646000000000006
12.676099999999996
12.708399999999983
12.743399999999975
12.78159999999999
12.808800000000005
12.836500000000022
12.871099999999979
12.911199999999997
12.944999999999949
12.98150000000001
13.015100000000018
13.055599999999988
13.090599999999995
13.129400000000018
13.170799999999971
13.206400000000006
13.24579999999996
13.2864
13.330900000000003
13.367700000000003
13.408999999999978
13.449600000000018
13.488999999999985
13.5273
13.573900000000027
13.6175
13.660300000000007
13.701500000000012
13.743200000000005
13.783699999999994
13.8216
13.863799999999994
13.907
13.946799999999982
13.990800000000023
14.031599999999992
14.068000000000012
14.108300000000012
14.141899999999994
14.179500000000024
14.224099999999988
14.263000000000003
14.3075
14.347800000000007
14.389499999999982
14.431499999999996
14.470100000000011
14.511600000000017
14.554199999999996
14.595000000000015
14.6338
14.674899999999994
14.709299999999994
14.7483
14.792700000000005
14.8347
14.8736
14.9109
14.9496
14.989099999999993
15.026100000000008
15.0634
15.107600000000005
15.1425
15.1812
15.219099999999994
15.2549
15.291399999999994
15.334
15.3769
15.418600000000003
15.457199999999997
15.497700000000005
15.533700000000003
