1728.0
1728.0
1712.1645
1692.0643
1674.4169
1656.3051
1639.2041
1622.4677
1605.8068
1589.0712
1572.6372
1556.7766
1540.4328
1524.7428
1508.9411
1492.3909
1476.0426
1460.8239
1446.7096
1430.9594
1415.3459
1400.2159
1385.0347
1370.4514
1355.0251
1341.1041
1326.8744
1311.6225
1296.8253
1285.0048
1271.5259
1258.2757
1245.4333
1230.7613
1217.9398
1203.966
1191.2466
1179.058
1166.3887
1155.1294
1142.1783
1129.5721
1117.0825
1104.3769
1091.71
1078.9392
1067.0462
1053.3105
1040.7371
1028.9719
1017.1183
1004.8237
993.6402
982.1668
971.7639
962.1041
951.6335
942.2843
933.4679
924.1463
914.4873
906.2264
898.5323
891.6924
884.3054
876.3409
868.6741
861.63
854.5174
848.4103
841.4707
834.2823
827.489
820.7182
813.0472
807.4242
800.8501
794.0567
788.3388
782.0225
776.2564
771.1391
764.9622
759.091
753.0891
747.431
741.9403
736.482
730.487
724.8138
719.0404
712.8568
707.5169
701.91
696.7534
691.4206
686.7812
681.5504
676.3055
670.3851
665.5079
660.7677
655.7633
650.2313
645.2913
640.1925
635.264
630.5689
625.8128
621.2974
616.3844
612.2804
607.4856
602.8644
597.8415
593.0806
588.9741
584.6727
580.1278
575.7824
570.5918
566.239
561.762
557.5937
553.1375
548.4246
544.4328
540.1514
536.2273
532.0694
527.8838
523.8244
519.1412
514.4828
509.6798
505.9344
501.7618
497.0687
492.6684
488.2897
484.3829
480.5421
476.1419
471.7421
466.9692
462.6593
457.8716
453.8336
449.9961
445.0947
441.0223
437.2324
432.7127
428.2334
423.9185
418.9742
414.2086
409.6778
405.0305
401.1148
397.1819
392.966
389.0338
385.118
380.7667
376.6138
372.8666
368.7163
364.8249
360.9138
356.6476
352.3613
349.0588
345.352
341.4772
337.5143
333.7249
330.1851
327.0917
323.2393
319.5489
315.6359
312.3881
309.0271
305.8476
302.6569
299.1577
296.0317
292.6058
289.183
285.6964
282.6371
278.9819
276.155
273.0101
269.7249
267.0403
263.8344
260.9126
258.2329
