2197.0
2197.0
2178.2142
2155.999
2136.8774
2116.1822
2093.9622
2074.6386
2051.7519
2028.1951
2002.833
1978.1769
1955.5648
1932.2105
1907.145
1881.3953
1855.2937
1830.3176
1803.1388
1776.415
1749.7124
1722.0327
1693.3086
1664.93
1636.4614
1611.2455
1585.3831
1559.5061
1531.6107
1505.7102
1478.5552
1452.1632
1426.3385
1401.6252
1374.7452
1350.7585
1324.1299
1300.8466
1276.2389
1249.3446
1225.723
1201.3462
1177.7016
1156.7651
1134.0772
1110.2989
1087.3664
1066.1894
1045.0751
1022.785
1000.8895
981.0096
959.6892
938.5444
921.2092
904.1092
887.8012
872.4468
856.8306
842.5232
829.7359
816.6466
802.5258
789.8651
777.4634
767.97
756.8187
745.1758
736.7569
725.6769
715.586
705.9577
696.9258
687.7843
678.6158
669.8973
661.3173
652.3979
644.0464
635.3999
628.0974
621.5402
614.0191
605.4876
597.5864
590.0301
582.873
575.0791
567.9085
560.5958
553.5683
546.3969
539.7152
533.2678
525.4486
518.2621
511.0075
503.6619
496.4498
489.9579
483.5995
475.945
469.381
462.6857
456.0991
450.5977
444.865
438.4558
432.7904
426.8632
421.6708
415.7565
410.0416
404.3919
399.2638
393.8686
388.9428
383.8537
378.475
373.4444
367.3674
362.2889
357.587
353.1299
348.0498
342.1961
337.508
332.781
328.0635
323.8438
319.6125
315.2315
311.4879
307.6366
304.561
301.2095
297.3444
294.108
291.0828
287.7143
285.3269
282.4215
280.3573
277.8641
275.5227
273.1008
271.3634
269.469
267.6588
265.4598
262.8632
260.6916
258.8869
256.9678
254.9284
252.9627
250.8365
248.4785
246.5048
244.8614
243.1841
241.4118
239.8645
237.8886
236.4956
234.6221
232.8821
231.3202
229.9464
228.3075
226.9272
225.106
222.835
221.4183
219.9676
218.4794
217.0387
215.4878
213.6248
211.6366
210.1973
208.8849
207.3638
206.013
204.4654
203.3588
201.5025
199.9752
198.5218
196.9136
195.4565
193.5718
191.3239
189.8336
188.8266
186.989
185.8937
185.0204
183.8207
182.5952
