9.0
9.0
9.051499999999962
9.096800000000036
9.143300000000004
9.194600000000008
9.237199999999989
9.281899999999986
9.319300000000036
9.358300000000016
9.399000000000035
9.43679999999998
9.472199999999928
9.51279999999997
9.540400000000004
9.576799999999956
9.613199999999962
9.645200000000012
9.674299999999953
9.704499999999973
9.733399999999998
9.762299999999989
9.79160000000002
9.823900000000004
9.8488
9.874400000000024
9.90440000000001
9.926500000000015
9.944100000000025
9.971999999999998
10.001100000000006
10.022699999999983
10.043499999999996
10.067100000000018
10.079799999999995
10.102199999999987
10.121999999999964
10.146299999999965
10.16740000000001
10.189799999999972
10.206700000000033
10.223999999999982
10.243200000000042
10.263500000000013
10.289600000000025
10.305800000000014
10.320799999999968
10.340200000000019
10.357299999999977
10.378399999999989
10.39680000000007
10.413300000000037
10.429700000000015
10.442299999999989
10.455700000000014
10.471099999999973
10.488899999999987
10.504200000000013
10.517799999999994
10.532399999999974
10.545699999999963
10.553699999999974
10.57059999999998
10.58750000000007
10.597200000000008
10.606399999999972
10.61989999999998
10.63110000000001
10.646099999999995
10.65650000000004
10.663999999999998
10.670900000000023
10.678400000000009
10.688100000000047
10.70179999999999
10.711400000000053
10.724399999999973
10.735900000000017
10.74779999999999
10.756600000000006
10.766500000000006
10.776500000000036
10.779599999999999
10.79319999999997
10.802700000000014
10.810099999999967
10.818400000000004
10.830800000000034
10.836300000000055
10.847800000000003
10.861700000000027
10.868300000000014
10.87919999999999
10.884799999999986
10.89819999999996
10.907500000000015
10.916099999999997
10.925900000000029
10.938900000000016
10.949100000000065
10.955800000000064
10.965699999999977
10.97200000000003
10.981999999999998
10.996299999999994
11.000799999999956
11.01230000000003
11.019499999999933
11.028099999999952
11.032899999999996
11.03939999999997
11.049100000000012
11.060100000000011
11.066300000000016
11.077700000000002
11.086399999999973
11.101300000000032
11.108900000000023
11.122100000000005
11.13140000000001
11.138099999999994
11.152700000000003
11.161200000000006
11.169400000000026
11.176999999999994
11.191999999999958
11.200599999999993
11.209100000000037
11.219499999999988
11.235800000000012
11.248600000000021
11.265499999999964
11.283199999999974
11.304699999999984
11.32289999999998
11.33780000000002
11.360399999999995
11.37670000000003
11.40099999999998
11.424399999999949
11.448100000000025
11.47150000000001
11.493900000000025
11.52110000000001
11.5495
11.575700000000024
11.603599999999982
11.630400000000012
11.657500000000008
11.682500000000019
11.7077
11.73719999999997
11.76609999999998
11.790299999999991
11.81329999999999
11.838599999999998
11.865999999999993
11.89169999999999
11.920500000000022
11.94820000000001
11.973599999999958
11.998300000000002
12.025999999999962
12.054500000000024
12.08300000000001
12.108299999999984
12.136800000000042
12.163299999999982
12.19579999999999
12.224900000000014
12.255300000000023
12.2847
12.31030000000003
12.337899999999985
12.368299999999957
12.395400000000006
12.423999999999975
12.45429999999998
12.47960000000002
12.50830000000001
12.533600000000012
12.56650000000002
12.596100000000009
12.625799999999995
12.654599999999995
12.67899999999996
12.710099999999995
12.730699999999985
12.75520000000001
12.786399999999972
12.817899999999968
12.844500000000005
12.876100000000024
12.902899999999983
12.938499999999982
12.965799999999996
12.995399999999998
13.02430000000001
13.051499999999988
13.086300000000026
