13.0
13.0
12.992500000000026
12.985600000000028
12.98199999999999
12.983000000000027
12.985400000000029
12.987700000000025
12.988900000000024
12.988499999999965
12.999800000000025
13.0098
13.018200000000016
13.026900000000015
13.03970000000001
13.052999999999981
13.065999999999985
13.08360000000005
13.098599999999974
13.117199999999979
13.132199999999983
13.152100000000024
13.170399999999997
13.191299999999982
13.214100000000029
13.237000000000005
13.25340000000002
13.273099999999982
13.294399999999989
13.320200000000018
13.34169999999995
13.364799999999985
13.393600000000006
13.416400000000023
13.447099999999983
13.472600000000005
13.501300000000025
13.5271
13.556400000000005
13.582300000000012
13.605800000000006
13.634100000000005
13.662099999999997
13.691499999999982
13.725400000000032
13.753499999999994
13.78549999999998
13.816800000000011
13.850200000000017
13.886000000000008
13.92200000000002
13.94979999999998
13.9846
14.023199999999985
14.059199999999983
14.095799999999988
14.1278
14.167300000000012
14.201900000000006
14.229900000000002
14.266499999999983
14.301999999999998
14.339300000000017
14.373199999999994
14.4012
14.433400000000006
14.466299999999995
14.5017
14.541300000000005
14.581599999999977
14.618800000000011
14.664199999999992
14.698
14.730100000000006
14.7672
14.806199999999993
14.848600000000006
14.884
14.926700000000002
14.967300000000005
14.9985
15.038
15.076599999999994
15.111500000000012
15.141999999999994
15.1779
15.2122
15.247900000000003
15.288200000000012
15.3253
15.36679999999999
15.405099999999994
15.443599999999996
15.4825
15.5152
15.5623
15.599
15.6378
15.6792
15.7171
15.7579
15.7979
15.8316
15.8753
15.9186
15.9584
15.999199999999986
16.04340000000006
16.08269999999999
16.122199999999975
16.15869999999985
16.20089999999997
16.239500000000064
16.277999999999967
16.320199999999947
16.356400000000107
16.388000000000034
16.43000000000001
16.471000000000046
16.513999999999918
16.56010000000005
16.60660000000011
16.649400000000103
16.68570000000004
16.727200000000106
16.765499999999996
16.814800000000034
16.859000000000005
16.906000000000127
16.951299999999943
16.989399999999854
17.033600000000053
17.083699999999922
17.130100000000002
17.1745
17.218599999999885
17.265400000000014
17.310799999999904
17.357399999999956
17.40000000000001
17.444899999999915
17.49219999999995
17.536399999999986
17.58190000000011
17.625400000000063
17.67539999999988
17.722899999999953
17.774900000000045
17.816500000000108
17.8729
17.920599999999993
17.966500000000035
18.017100000000053
18.068299999999905
18.11559999999999
18.163299999999996
18.21469999999999
18.261199999999967
18.303000000000036
18.34810000000006
18.397299999999987
18.445200000000025
18.48989999999995
18.541099999999993
18.586999999999975
18.636900000000022
18.689500000000017
18.734100000000012
18.78679999999998
18.83440000000006
18.885700000000096
18.93089999999995
18.979399999999995
19.02770000000001
19.06929999999986
19.118599999999937
19.164600000000004
19.20489999999998
19.253399999999935
19.31039999999999
19.36230000000005
19.412099999999924
19.459200000000074
19.51270000000009
19.559999999999917
19.61419999999997
19.666899999999917
19.715800000000016
19.76629999999998
19.819200000000023
19.87059999999995
19.917999999999946
19.969200000000022
20.029799999999973
20.08530000000004
20.137399999999992
20.191499999999856
20.241200000000045
20.290999999999908
20.33889999999993
