289.0
289.0
284.5837
279.9345
275.3779
271.1723
266.7402
262.0909
257.8737
253.7353
249.2464
245.0668
240.7259
236.5092
232.3416
228.3083
224.2543
220.2795
216.0338
211.9012
207.7889
203.5046
199.6115
195.8346
192.0782
188.4361
184.6377
180.8821
177.1896
173.5432
169.7367
166.2868
162.9157
159.2215
155.6842
152.3988
148.8706
145.5246
142.0398
138.8403
135.5503
132.2588
129.1791
126.0719
123.0024
119.949
116.968
114.103
111.1463
108.2804
105.3724
102.6678
99.9307
97.6089
96.2515
94.9737
93.6962
92.2591
90.7728
89.4741
88.0875
86.7813
85.4333
84.0654
82.6942
81.4185
80.0832
78.8304
77.6279
76.3048
75.0088
73.7556
72.5491
71.2556
70.035
68.8373
67.7728
66.5817
65.3738
64.24
63.0663
61.9695
60.8651
59.8247
58.6816
57.6273
56.5602
55.4818
54.3772
53.2379
52.1403
51.1561
50.1622
49.1391
48.0522
47.1374
46.191
45.2931
44.346
43.4027
42.5363
41.5692
40.6702
39.7932
38.9216
38.1054
37.2707
36.4853
35.7353
34.9196
34.1704
33.3958
32.7327
31.9734
31.2307
30.5134
29.8525
29.1904
28.5445
27.861
27.22
26.6229
26.0085
25.3866
24.715
24.1138
23.5402
23.0492
22.57
22.0849
21.6384
21.1859
20.7134
20.2663
19.8062
19.4145
19.0102
18.5841
18.1962
17.7917
17.384
16.9966
16.6277
16.2442
15.891
15.5505
15.2247
14.8727
14.5375
14.214
13.9344
13.6618
13.3618
13.0666
12.81
12.5145
12.241
11.9745
11.7154
11.4865
11.2148
10.9795
10.7308
10.4708
10.2433
10.0018
9.7664
9.5275
9.3595
9.1687
8.9647
8.7865
8.5866
8.3976
8.2206
8.034
7.8398
7.6509
7.5022
7.2934
7.1476
7.0158
6.8786
6.7107
6.5748
6.4329
6.289
6.1495
6.0239
5.8795
5.7411
5.6423
5.5424
5.4414
5.3546
5.2589
5.1428
5.0302
4.9272
4.8486
