0.0
0.0
0.0052
0.0088
0.0125
0.0164
0.0186
0.0206
0.0211
0.0245
0.0267
0.0284
0.0278
0.0302
0.0298
0.0304
0.0321
0.034
0.0354
0.0363
0.037
0.0373
0.0395
0.0402
0.0411
0.0404
0.043
0.0436
0.0432
0.0435
0.0442
0.0439
0.0445
0.0446
0.0485
0.0488
0.0486
0.0493
0.0508
0.0506
0.0509
0.0517
0.052
0.0522
0.0551
0.0561
0.0569
0.0616
0.0611
0.0601
0.0632
0.0623
0.0601
0.0605
0.0641
0.0668
0.0716
0.0773
0.0823
0.0863
0.0904
0.0917
0.0959
0.0966
0.0993
0.101
0.1032
0.1023
0.1068
0.1073
0.1063
0.1093
0.1125
0.1169
0.1163
0.1211
0.1249
0.1253
0.128
0.1263
0.1251
0.1273
0.1269
0.1319
0.135
0.1372
0.1369
0.1378
0.1381
0.1434
0.1451
0.1483
0.1495
0.1551
0.1586
0.1593
0.1634
0.1667
0.1654
0.167
0.1668
0.1652
0.1681
0.1678
0.1675
0.17
0.1719
0.1738
0.1766
0.1807
0.1804
0.1859
0.1831
0.1898
0.1885
0.1896
0.191
0.1956
0.1992
0.2002
0.1993
0.2006
0.2064
0.2027
0.208
0.2028
0.2039
0.2008
0.2046
0.2081
0.2138
0.2179
0.2142
0.22
0.2227
0.2245
0.2295
0.2337
0.2431
0.2431
0.2506
0.2507
0.2529
0.258
0.2622
0.2615
0.2635
0.2662
0.2699
0.2744
0.2807
0.2814
0.2854
0.2847
0.2842
0.2864
0.2918
0.2982
0.2969
0.3029
0.306
0.3101
0.3065
0.3072
0.3046
0.3017
0.3067
0.3079
0.3123
0.3127
0.3197
0.3225
0.3235
0.3242
0.3211
0.3259
0.328
0.3278
0.3284
0.329
0.3308
0.3371
0.3401
0.3354
0.334
0.3351
0.3394
0.3349
0.3354
0.3361
0.3432
0.3488
0.3538
0.351
0.349
0.3452
0.3488
0.3546
0.359
0.3613
