1.0
1.0
0.8616999999999992
0.7377999999999992
0.6380000000000013
0.5544000000000022
0.4871
0.4319000000000001
0.38200000000000117
0.3365000000000003
0.3000999999999991
0.27530000000000054
0.25189999999999924
0.2311000000000003
0.21200000000000022
0.2016
0.18900000000000014
0.17749999999999963
0.1703
0.1650000000000001
0.15700000000000025
0.15429999999999996
0.15230000000000085
0.14799999999999922
0.15030000000000077
0.14919999999999944
0.1518999999999993
0.15550000000000008
0.1548
0.15400000000000041
0.1563999999999998
0.1548000000000002
0.15910000000000035
0.15949999999999967
0.16280000000000033
0.1642
0.16639999999999938
0.16650000000000062
0.16660000000000008
0.16980000000000078
0.1718999999999997
0.17420000000000058
0.16939999999999997
0.16900000000000037
0.17189999999999975
0.16920000000000004
0.17019999999999952
0.17120000000000035
0.1748
0.17580000000000004
0.17519999999999897
0.17829999999999996
0.18239999999999942
0.18520000000000003
0.19049999999999961
0.1984999999999999
0.20789999999999972
0.21180000000000004
0.2126
0.21499999999999972
0.21749999999999986
0.21989999999999982
0.22240000000000024
0.22349999999999987
0.2216
0.2231
0.2239
0.225
0.22349999999999987
0.2195999999999999
0.2176
0.21849999999999992
0.2226999999999999
0.22089999999999987
0.21950000000000008
0.2176
0.2134000000000001
0.21290000000000003
0.2101999999999997
0.20499999999999988
0.2021000000000003
0.2011000000000003
0.19669999999999882
0.19550000000000003
0.1924
0.18580000000000058
0.18579999999999994
0.1811
0.1795000000000002
0.17859999999999962
0.17730000000000037
0.17599999999999993
0.17619999999999958
0.1742
0.17380000000000015
0.17069999999999996
0.16929999999999945
0.1652000000000002
0.1632000000000002
0.16149999999999998
0.16109999999999972
0.1578999999999998
0.1540999999999997
0.15370000000000028
0.15349999999999966
0.1526000000000003
0.15299999999999941
0.15270000000000017
0.14970000000000006
0.1526000000000006
0.15139999999999978
0.1508999999999998
0.15040000000000034
0.14890000000000025
0.15100000000000025
0.14890000000000053
0.1478
0.14309999999999964
0.1439999999999991
0.14030000000000076
0.14050000000000062
0.13709999999999964
0.1345000000000004
0.13270000000000037
0.13169999999999962
0.13090000000000007
0.13100000000000012
0.13339999999999996
0.14010000000000028
0.14909999999999987
0.1565999999999998
0.16329999999999978
0.16919999999999966
0.17599999999999977
0.18100000000000047
0.18550000000000044
0.19170000000000048
0.19910000000000044
0.20549999999999968
0.21330000000000013
0.21790000000000004
0.2245
0.2306000000000002
0.2363
0.2427999999999999
0.2506000000000018
0.2575000000000009
0.26229999999999987
0.26790000000000014
0.2746999999999998
0.2812000000000013
0.2879999999999984
0.2940000000000001
0.2992000000000005
0.306099999999999
0.311200000000001
0.31480000000000025
0.3195999999999993
0.32439999999999874
0.33119999999999994
0.33640000000000114
0.34099999999999925
0.345599999999999
0.34959999999999924
0.3525999999999991
0.3595999999999995
0.36670000000000147
0.3718000000000003
0.37479999999999897
0.38009999999999905
0.3844000000000002
0.388599999999999
0.39650000000000063
0.40080000000000016
0.4034000000000003
0.40780000000000033
0.4130999999999998
0.41939999999999983
0.42220000000000035
0.426900000000001
0.4331000000000002
0.43649999999999983
0.44309999999999955
0.446
0.4518999999999998
0.4551999999999994
0.46069999999999983
0.46530000000000027
0.4675
0.47099999999999975
0.4724000000000004
0.47479999999999983
0.4784
0.4808999999999998
0.4847
0.4895
0.49479999999999963
0.500700000000001
0.5048999999999988
0.5080000000000001
