8.0
8.0
8.8021
9.6727
10.5412
11.5156
12.6107
13.715
14.5908
15.6631
16.7279
17.8601
19.1183
20.5114
21.8826
23.2714
24.772
26.3435
27.929
29.5098
31.2028
32.8712
34.49
36.2616
38.1346
40.0411
42.002
44.0364
46.1396
48.0458
50.2287
52.1432
54.3637
56.3868
58.8701
61.2184
63.5588
65.6111
68.2572
70.8627
73.574
76.2944
78.6254
81.5555
84.1074
86.6513
89.6346
92.3347
95.0617
97.8536
100.6708
103.7691
107.5043
110.3955
113.5069
117.3139
120.5979
124.036
127.8094
131.4102
134.8784
138.5481
142.0769
145.6168
149.3189
152.9921
156.5985
160.2938
164.0643
168.5215
172.6203
176.7648
180.38
183.9861
187.9626
192.0386
195.8341
200.584
204.6016
209.0713
213.4246
217.291
221.6219
225.4472
229.84
234.2042
238.7597
243.7692
247.8186
251.8095
256.5658
261.1375
266.1506
271.1274
275.4797
280.4123
285.1498
290.7585
295.3442
300.5915
305.7344
310.8673
315.915
321.3315
326.1374
331.8377
336.9842
343.0441
349.0032
354.2854
360.0869
366.3377
371.9386
377.398
383.0801
388.6516
394.4243
400.1865
405.4318
411.7789
417.9106
423.7916
429.6618
435.9388
442.4827
449.3821
455.2022
460.4809
463.1562
466.7513
469.5626
473.1453
477.0787
480.7512
485.3076
488.7348
492.7616
497.2104
501.173
502.9911
506.8582
510.7196
515.0218
518.7121
522.3186
526.0688
530.1716
533.1809
536.7294
541.7054
545.0573
550.1686
556.7776
560.2625
564.7975
569.9832
575.6653
580.272
585.0202
591.1802
597.1735
602.0909
608.3179
613.7324
619.4542
623.8346
627.6384
633.136
639.4386
646.007
651.4028
657.8552
663.6671
667.3841
674.507
679.7401
683.9229
689.6373
696.2947
700.7842
706.1547
710.1618
716.6943
722.3684
728.2754
734.1325
739.1519
744.8622
752.0918
758.185
764.4733
771.014
778.6509
784.6097
791.2318
798.2506
803.5466
809.3275
816.5345
822.5873
