289.0
289.0
285.6511
282.4566
279.1368
275.9581
272.4359
269.2603
266.2098
263.0772
259.9603
256.7731
253.6394
250.3932
247.348
244.2062
241.2227
238.2791
235.243
232.1883
229.2643
226.371
223.4705
220.6703
217.9454
215.1105
212.1326
209.4409
206.6409
203.7161
201.0832
198.5228
195.967
193.1664
190.4389
187.7557
185.2973
182.7758
180.215
177.6267
175.0319
172.4958
170.0123
167.7549
165.3223
162.8448
160.6458
158.4128
156.1024
153.5807
151.3303
149.1215
146.9094
144.7493
142.6312
140.6016
138.5747
136.651
134.5966
132.4951
130.4101
128.3611
126.3086
124.2903
122.3972
120.4457
118.5518
116.6371
114.8316
112.9381
111.1358
109.2412
107.411
105.6647
104.0023
102.2631
100.4482
98.7472
96.9896
95.318
93.6931
92.0429
90.4386
88.8599
87.3646
85.891
84.3816
82.8162
81.2413
79.686
78.152
76.7896
75.2964
73.8405
72.3441
70.9514
69.7193
68.3593
67.0436
65.7398
64.3576
63.0077
61.8036
60.6092
59.3829
58.1723
56.9271
55.7564
54.578
53.5333
52.3461
51.1314
50.0768
48.987
48.0273
46.9373
45.9519
44.7968
43.8138
42.8194
41.9005
40.9139
39.9758
39.0655
38.0983
37.2061
36.2693
35.5306
35.0146
34.5572
34.1275
33.665
33.2501
32.8311
32.4102
32.0046
31.6183
31.19
30.8094
30.434
30.0905
29.6644
29.2684
28.8609
28.4962
28.1175
27.7688
27.3575
27.0186
26.6097
26.2272
25.8168
25.4406
25.0678
24.7373
24.3868
24.0754
23.7418
23.3901
23.0699
22.7503
22.4317
22.1007
21.8198
21.5082
21.1959
20.8847
20.5351
20.2581
19.9399
19.6333
19.3023
19.0072
18.7396
18.4374
18.1952
17.9619
17.6979
17.4417
17.1823
16.9181
16.6745
16.3962
16.1433
15.9038
15.6757
15.4458
15.1669
14.925
14.6756
14.4521
14.2591
14.0565
13.8203
13.6027
13.4003
13.1523
12.9657
12.7576
12.5506
