125.0
125.0
126.0506
126.9684
127.9423
128.6362
129.8242
131.204
132.0153
132.6221
133.5617
134.7192
135.7488
136.9835
138.0093
139.1538
140.1458
141.4289
142.2902
143.1269
144.3926
145.6158
146.3025
147.3833
148.9911
150.2415
151.1732
152.3638
153.5703
154.8816
156.4235
157.3791
158.668
159.6768
160.4745
161.5694
162.6705
164.0833
165.1722
166.4464
167.6404
168.715
169.8942
171.3992
172.7047
173.827
174.7421
175.7826
177.2499
178.6444
179.6742
180.9461
182.3353
183.4218
183.5835
184.0048
184.313
184.8306
185.1356
185.7761
185.9728
186.1748
186.5319
187.0099
188.0929
188.6997
189.5953
190.4751
191.0338
191.5082
192.0218
192.536
192.8511
193.1107
193.9655
194.4884
195.2403
195.935
196.4862
196.6789
197.5793
198.8156
199.3305
199.9199
200.6235
201.5997
201.853
202.8257
203.6624
204.4385
205.5256
205.7637
206.9467
207.4201
208.2371
209.239
210.1379
211.4551
212.9023
213.5624
213.8257
214.8668
215.7012
216.5478
217.9514
219.5408
220.6341
221.8349
223.3
224.1525
224.9794
226.0939
226.9916
227.6202
228.4983
229.1782
230.6658
231.8812
232.7698
234.222
235.1526
236.3081
237.8237
238.9266
239.3309
240.5233
241.3511
241.6626
241.1096
241.4254
241.2992
241.035
240.8361
239.7503
239.9809
240.1273
239.5311
238.6708
238.217
238.5783
239.1558
239.399
239.9204
239.5269
240.2397
240.3787
240.1869
240.9469
241.3057
241.7697
242.3059
242.5407
242.9065
243.3005
242.853
242.814
243.1891
243.5471
243.4965
243.8891
243.8619
243.7154
244.1292
243.6282
243.4742
243.0496
242.3562
242.5703
242.0732
242.3289
242.5178
243.0086
243.2633
243.2835
243.4185
243.7425
243.9443
244.6778
245.2353
245.0808
245.1644
244.9081
244.7603
244.8651
245.2038
245.1187
245.2439
245.35
245.4705
245.1893
245.0024
245.3402
245.1067
244.8294
245.2875
246.0033
246.5548
247.0176
246.9786
246.8935
