25.0
25.0
25.0966
25.1746
25.2609
25.312
25.4264
25.5676
25.6403
25.6845
25.7739
25.884
25.9796
26.1021
26.1987
26.3056
26.3964
26.5211
26.5948
26.6671
26.7932
26.9168
26.9699
27.0713
27.2337
27.3625
27.4534
27.5738
27.6907
27.8198
27.9787
28.0671
28.1986
28.292
28.3607
28.464
28.5675
28.7143
28.8186
28.9464
29.0582
29.156
29.2704
29.4102
29.5269
29.6262
29.7123
29.8078
29.9471
30.0748
30.1676
30.2841
30.4109
30.5082
30.4945
30.4972
30.488
30.5014
30.492
30.5341
30.5072
30.4944
30.4951
30.4989
30.5661
30.5971
30.6491
30.6981
30.7162
30.728
30.7472
30.7684
30.7505
30.7355
30.7943
30.8224
30.8737
30.9202
30.9388
30.9237
30.9787
31.0656
31.0883
31.1167
31.1527
31.2007
31.1804
31.2315
31.2814
31.3203
31.4006
31.3985
31.4769
31.4897
31.5415
31.6058
31.6599
31.7431
31.8511
31.8766
31.8539
31.917
31.9616
32.0108
32.109
32.2308
32.3067
32.3779
32.4922
32.5427
32.596
32.6609
32.71
32.739
32.7831
32.8164
32.9154
32.9972
33.0586
33.1546
33.2058
33.2855
33.3895
33.4554
33.4785
33.5417
33.5995
33.6136
33.5002
33.4696
33.4066
33.3236
33.2641
33.1085
33.0875
33.0535
32.9565
32.8262
32.7486
32.7443
32.7438
32.7346
32.74
32.6571
32.6605
32.6181
32.5607
32.5777
32.5609
32.5507
32.5463
32.5059
32.4637
32.4443
32.3874
32.331
32.3053
32.2681
32.2319
32.2229
32.2051
32.1574
32.1502
32.0834
32.0234
31.9424
31.8508
31.8379
31.7684
31.7449
31.7358
31.7386
31.7341
31.7003
31.6689
31.6537
31.6125
31.6488
31.6503
31.5992
31.5668
31.4931
31.4427
31.4057
31.3926
31.3405
31.3185
31.2858
31.2527
31.2291
31.1684
31.1654
31.1225
31.0626
31.0525
31.0867
31.099
31.098
31.0546
31.0177
