5.0
5.0
4.946000000000009
4.886600000000004
4.833399999999988
4.7873000000000205
4.731699999999999
4.673400000000004
4.621299999999985
4.570799999999997
4.518999999999977
4.467200000000013
4.4211999999999945
4.37429999999997
4.3253
4.280900000000014
4.2309999999999865
4.186399999999995
4.143100000000005
4.093500000000013
4.0509999999999895
4.005400000000012
3.962500000000002
3.9199
3.874800000000001
3.8389
3.793100000000001
3.7534000000000023
3.7123
3.6723000000000017
3.633499999999998
3.5884999999999985
3.5415999999999954
3.505899999999997
3.470400000000003
3.4286999999999943
3.398100000000008
3.3695
3.3392999999999993
3.301800000000006
3.2652
3.225199999999993
3.1938000000000026
3.163099999999993
3.1294999999999997
3.101300000000003
3.0749000000000053
3.044199999999997
3.0166000000000044
2.979999999999997
2.9557000000000015
2.919700000000009
2.8957999999999973
2.876299999999996
2.8689999999999936
2.8627000000000034
2.8550999999999966
2.8461000000000123
2.842100000000008
2.8342000000000014
2.8227999999999978
2.816199999999997
2.8043999999999976
2.795400000000004
2.787599999999999
2.7806999999999937
2.773199999999995
2.761400000000006
2.7491999999999943
2.74
2.7305000000000015
2.720699999999997
2.7147000000000006
2.702200000000002
2.6928000000000005
2.6899999999999964
2.6821000000000006
2.6768999999999976
2.6691000000000087
2.6589000000000014
2.6488999999999963
2.6425999999999976
2.6334999999999886
2.627499999999999
2.619399999999995
2.6087999999999987
2.600100000000008
2.588100000000004
2.584900000000001
2.573200000000002
2.566499999999995
2.560200000000001
2.5568000000000093
2.5445999999999955
2.537000000000002
2.533099999999998
2.525800000000004
2.5206000000000017
2.5162000000000035
2.511800000000001
2.5021
2.4944000000000064
2.4831999999999885
2.481199999999996
2.4788
2.4694000000000016
2.4647000000000023
2.4599000000000104
2.459799999999993
2.4525000000000112
2.4466999999999994
2.443799999999999
2.437399999999996
2.4248000000000087
2.421199999999982
2.4205999999999968
2.4139999999999886
2.404300000000006
2.4017999999999904
2.4002000000000034
2.398900000000006
2.394199999999998
2.38870000000001
2.382199999999997
2.3811000000000035
2.3764999999999885
2.3747999999999982
2.3643999999999945
2.3520999999999925
2.3359999999999954
2.3290000000000046
2.318200000000001
2.3087000000000097
2.290900000000004
2.277300000000004
2.264100000000008
2.2536000000000014
2.2441999999999998
2.2323000000000004
2.2233
2.2148
2.2047000000000097
2.1920000000000006
2.1817999999999986
2.1716000000000024
2.1636000000000037
2.1543000000000014
2.139500000000004
2.125500000000006
2.1124000000000005
2.1038000000000046
2.0993999999999917
2.0840999999999714
2.0712999999999853
2.0587999999999975
2.0468000000000135
2.041799999999994
2.0314000000000028
2.0210999999999952
2.0109999999999997
2.0019999999999905
1.9900999999999995
1.9776
1.9682
1.9587
1.9456999999999995
1.9371999999999994
1.9279000000000004
1.9143
1.9027
1.8926
1.8848000000000007
1.8779
1.8679999999999992
1.8571999999999993
1.8516999999999992
1.8451999999999997
1.835999999999999
1.8283
1.8229
1.8172000000000026
1.807300000000001
1.7973000000000008
1.7852999999999997
1.7740999999999993
1.7664000000000015
1.7606
1.7519000000000013
1.7447000000000008
1.7383999999999982
1.7260000000000029
1.7197000000000018
1.7122999999999993
1.7062000000000015
1.7003000000000033
1.689999999999997
1.6835000000000033
1.6782
1.6722
1.6693000000000036
