19.0
19.0
18.809599999999993
18.63329999999995
18.458700000000018
18.283300000000036
18.113600000000034
17.946399999999972
17.78479999999983
17.6275
17.461399999999987
17.315200000000043
17.15329999999996
16.992800000000013
16.846099999999982
16.694699999999923
16.54850000000004
16.400199999999934
16.25519999999994
16.113400000000045
15.9762
15.8362
15.6889
15.550200000000006
15.409299999999995
15.270999999999994
15.143599999999994
15.0053
14.874399999999998
14.738900000000012
14.610799999999994
14.488800000000007
14.372000000000003
14.245300000000006
14.110599999999971
13.990999999999985
13.864800000000015
13.739300000000005
13.625499999999988
13.496200000000028
13.381899999999982
13.261399999999963
13.143899999999983
13.028999999999995
12.912399999999952
12.80390000000003
12.674199999999995
12.56290000000003
12.450699999999998
12.337700000000005
12.231300000000017
12.115699999999983
12.005899999999981
11.923499999999976
11.863400000000002
11.802999999999999
11.747799999999973
11.69770000000004
11.636799999999992
11.572600000000014
11.5064
11.450599999999975
11.391799999999972
11.334999999999992
11.272499999999976
11.20330000000003
11.151999999999962
11.080000000000062
11.015499999999985
10.960100000000017
10.884899999999986
10.814500000000036
10.748299999999965
10.677699999999986
10.608900000000002
10.541000000000016
10.467100000000006
10.405699999999982
10.344500000000007
10.27930000000001
10.209199999999964
10.141900000000016
10.069999999999984
9.999299999999991
9.930000000000021
9.865300000000023
9.792999999999962
9.716200000000006
9.647599999999994
9.572999999999977
9.501799999999944
9.429799999999991
9.369400000000015
9.30279999999998
9.234000000000018
9.165000000000003
9.092200000000004
9.023199999999951
8.953500000000036
8.879599999999948
8.81249999999997
8.745800000000008
8.671600000000026
8.607899999999953
8.538199999999991
8.46930000000001
8.3992
8.332099999999985
8.26570000000003
8.195600000000042
8.12850000000001
8.0589
7.9874
7.9213
7.853700000000002
7.7839
7.7205
7.6481
7.584999999999997
7.515500000000003
7.453000000000003
7.388399999999997
7.326399999999999
7.262299999999995
7.194599999999996
7.1295
7.0654999999999895
7.023500000000003
7.0100999999999924
6.9945000000000075
6.976900000000006
6.962999999999997
6.950399999999991
6.929499999999998
6.914999999999986
6.896700000000003
6.880600000000006
6.8699
6.863700000000006
6.856999999999994
6.845700000000006
6.8286
6.816799999999991
6.797399999999994
6.785199999999997
6.777800000000013
6.759399999999991
6.736100000000006
6.722100000000001
6.703800000000012
6.6960999999999915
6.68400000000001
6.671200000000009
6.650699999999994
6.639700000000006
6.632200000000003
6.617500000000022
6.6003000000000185
6.58510000000002
6.576699999999997
6.569999999999991
6.551200000000016
6.539799999999999
6.524199999999984
6.5144000000000215
6.509799999999994
6.502399999999979
6.490099999999986
6.473599999999997
6.469400000000004
6.4608
6.450199999999986
6.438700000000009
6.419700000000005
6.416199999999998
6.404700000000009
6.392800000000017
6.3827000000000025
6.383400000000011
6.384200000000007
6.373300000000006
6.365700000000002
6.354600000000008
6.344600000000011
6.3360000000000065
6.314700000000018
6.312899999999992
6.300399999999996
6.298200000000002
6.289100000000012
6.276799999999995
6.256400000000001
6.2478999999999845
6.2425999999999995
6.226000000000006
6.217599999999988
6.207299999999999
6.203599999999984
6.193299999999997
6.182999999999978
