0.0
0.0
0.0050000000000000044
0.00839999999999998
0.01190000000000003
0.015999999999999962
0.01799999999999994
0.020000000000000042
0.020499999999999942
0.024100000000000035
0.026299999999999966
0.027799999999999967
0.027399999999999956
0.02960000000000001
0.029
0.029800000000000163
0.030900000000000098
0.0328000000000002
0.034000000000000086
0.03449999999999994
0.035199999999999926
0.035299999999999644
0.037499999999999825
0.03780000000000005
0.03789999999999998
0.03680000000000005
0.0394
0.039999999999999855
0.03960000000000013
0.04029999999999997
0.041400000000000034
0.040899999999999936
0.0417
0.041999999999999996
0.04549999999999986
0.046200000000000054
0.0456000000000001
0.04629999999999999
0.04739999999999978
0.047000000000000014
0.047299999999999905
0.04730000000000003
0.0476
0.048400000000000075
0.05030000000000005
0.0501
0.0513
0.05499999999999998
0.05470000000000002
0.05349999999999998
0.056800000000000024
0.05589999999999998
0.054499999999999854
0.055100000000000066
0.05809999999999999
0.06040000000000002
0.0645999999999995
0.06889999999999971
0.07229999999999952
0.07509999999999944
0.07819999999999988
0.07989999999999965
0.08310000000000017
0.08379999999999997
0.08669999999999989
0.08779999999999999
0.08959999999999999
0.08949999999999987
0.0925999999999999
0.09290000000000023
0.09309999999999996
0.09509999999999982
0.0973000000000001
0.10110000000000001
0.0996999999999997
0.1027000000000001
0.10530000000000002
0.10690000000000023
0.1086
0.10770000000000005
0.10749999999999992
0.10849999999999992
0.10810000000000014
0.11229999999999993
0.11519999999999996
0.11619999999999993
0.1159
0.11640000000000005
0.11649999999999995
0.119
0.1197
0.12209999999999997
0.1238999999999996
0.1275000000000003
0.13040000000000015
0.13170000000000057
0.1329999999999999
0.13370000000000046
0.13239999999999977
0.13199999999999917
0.1314000000000002
0.13099999999999953
0.1329000000000001
0.1332000000000002
0.13270000000000065
0.13479999999999925
0.13629999999999873
0.13740000000000008
0.13919999999999913
0.14209999999999992
0.14160000000000122
0.14369999999999983
0.14329999999999957
0.14619999999999944
0.14429999999999937
0.14440000000000044
0.14519999999999975
0.1472000000000003
0.15020000000000044
0.15080000000000027
0.1492999999999996
0.15200000000000036
0.15399999999999978
0.15230000000000007
0.1557999999999999
0.15320000000000025
0.15389999999999962
0.15360000000000013
0.15679999999999997
0.1592999999999995
0.16439999999999969
0.16769999999999974
0.1674000000000003
0.16980000000000003
0.17209999999999975
0.17390000000000033
0.1784999999999996
0.18190000000000017
0.18609999999999918
0.18609999999999974
0.19180000000000008
0.19189999999999982
0.1927
0.19600000000000034
0.19799999999999965
0.19750000000000012
0.19789999999999947
0.20040000000000016
0.20169999999999993
0.20520000000000005
0.20769999999999983
0.20979999999999996
0.21060000000000004
0.20789999999999986
0.2087999999999999
0.21100000000000005
0.21279999999999982
0.2158000000000001
0.21509999999999954
0.21949999999999956
0.22119999999999995
0.2239
0.2210999999999999
0.2225999999999999
0.22219999999999987
0.22050000000000014
0.2223000000000002
0.22290000000000032
0.22589999999999977
0.2249
0.22730000000000017
0.22850000000000023
0.22970000000000027
0.2302
0.22869999999999982
0.23190000000000027
0.2328
0.2301999999999999
0.2302000000000006
0.23080000000000003
0.2323999999999999
0.2361000000000005
0.2362999999999999
0.23360000000000017
0.23339999999999986
0.23430000000000023
0.23680000000000045
0.23489999999999972
0.2360000000000001
0.23749999999999954
0.24119999999999955
0.24319999999999992
0.2470000000000002
0.246000000000001
0.2436
0.2422000000000002
0.24499999999999922
0.24799999999999994
0.2488000000000002
0.2503
