225.0
225.0
227.1803
229.1907
231.1592
232.9589
234.5272
236.0902
237.6767
239.0531
240.3008
241.6867
242.8416
244.0051
245.0608
246.1027
246.9953
247.9363
248.6815
249.4134
250.1315
250.7772
251.4613
252.006
252.7613
253.3961
253.9182
254.4779
254.9197
255.4519
255.8713
256.3105
256.6746
257.0502
257.4789
257.8721
258.3277
258.5678
258.896
259.2009
259.5395
259.9382
260.2172
260.4758
260.8251
261.041
261.2808
261.5171
261.7961
262.0585
262.1442
262.4387
262.5789
262.7264
262.8734
262.8292
262.8791
262.9708
263.0496
263.0139
263.1187
263.2369
263.465
263.4293
263.4774
263.5032
263.4274
263.3398
263.3976
263.4617
263.4353
263.498
263.4796
263.448
263.5475
263.4995
263.5408
263.4947
263.5324
263.6227
263.6249
263.4957
263.585
263.5851
263.5606
263.5462
263.6252
263.5043
263.4884
263.5926
263.5238
263.3305
263.2989
263.2889
263.267
263.1937
263.1035
263.005
262.9678
262.9216
262.9744
262.9198
262.8892
262.7726
262.7664
262.752
262.7639
262.6859
262.7142
262.6081
262.5357
262.4364
262.4157
262.2897
262.2699
262.2406
262.3168
262.2322
262.2045
262.1144
262.0261
261.9572
261.9486
261.8877
261.8196
261.8535
261.8659
261.7197
261.0392
260.3105
259.55
258.8357
258.2134
257.4196
256.7267
256.0695
255.2684
254.4752
253.6015
252.8936
252.1921
251.2784
250.6568
249.882
249.017
248.3161
247.5478
246.8079
246.0551
245.5076
244.698
243.9646
243.2293
242.4301
241.6015
240.817
240.0053
239.2025
238.4248
237.6618
236.97
236.154
235.4688
234.6156
233.924
233.2161
232.5105
231.8606
231.0891
230.3677
229.7223
228.9819
228.226
227.6633
226.8382
226.0621
225.2511
224.4552
223.6845
222.7921
221.9977
221.3094
220.6397
219.7643
218.9661
218.2456
217.4283
216.7633
215.9553
215.1714
214.4735
213.7402
213.0309
212.2979
211.4955
210.6454
209.7942
209.1606
208.4388
207.7673
