6.0
6.0
5.966799999999984
5.930000000000016
5.894900000000008
5.8605
5.8276999999999965
5.796600000000016
5.762600000000016
5.727599999999991
5.692200000000009
5.656800000000008
5.624700000000015
5.590999999999987
5.558100000000008
5.527200000000003
5.496
5.465500000000007
5.431599999999992
5.3990000000000125
5.366799999999992
5.331399999999997
5.3015000000000025
5.2698000000000205
5.23699999999999
5.206499999999995
5.178899999999979
5.148100000000014
5.118399999999987
5.092299999999997
5.062100000000031
5.0307999999999975
5.005599999999993
4.976099999999987
4.949500000000003
4.917900000000008
4.8885999999999905
4.85990000000002
4.8273999999999875
4.798300000000009
4.771799999999998
4.745100000000001
4.719499999999989
4.690100000000011
4.663599999999999
4.636500000000009
4.60909999999999
4.578600000000019
4.5493000000000245
4.522300000000016
4.496400000000004
4.469999999999987
4.445500000000014
4.421200000000002
4.4146000000000205
4.411
4.408399999999989
4.405300000000003
4.405400000000007
4.402899999999988
4.400599999999992
4.401599999999986
4.400999999999999
4.400100000000006
4.399400000000017
4.399900000000008
4.400000000000004
4.400700000000004
4.402800000000011
4.405699999999972
4.404600000000004
4.4067
4.406999999999984
4.407599999999974
4.411199999999986
4.412999999999999
4.413099999999987
4.41350000000001
4.414700000000017
4.415999999999984
4.416900000000008
4.420300000000016
4.424600000000033
4.42950000000002
4.4338000000000175
4.435700000000002
4.43639999999998
4.4419999999999975
4.445300000000021
4.451999999999985
4.456999999999984
4.459500000000033
4.462100000000012
4.465799999999996
4.468700000000007
4.470900000000003
4.476599999999991
4.477799999999999
4.480199999999998
4.484699999999985
4.487300000000016
4.4911999999999965
4.493800000000005
4.497600000000005
4.500799999999986
4.504300000000014
4.507800000000003
4.510000000000024
4.513299999999953
4.514600000000033
4.517599999999992
4.520600000000008
4.525800000000015
4.530200000000005
4.534099999999997
4.541799999999999
4.543699999999993
4.548699999999978
4.551499999999998
4.554799999999991
4.557400000000013
4.5604000000000005
4.563599999999997
4.5660999999999925
4.568600000000011
4.570399999999996
4.576600000000005
4.576900000000019
4.573200000000009
4.5659999999999865
4.552899999999972
4.540799999999995
4.534900000000006
4.522799999999993
4.511400000000005
4.497899999999988
4.484899999999992
4.475199999999971
4.4634999999999705
4.454399999999993
4.439199999999996
4.427099999999998
4.415299999999996
4.401000000000011
4.384000000000013
4.3708
4.3561999999999985
4.340800000000016
4.322799999999978
4.308800000000011
4.293199999999982
4.276399999999978
4.264399999999989
4.250600000000004
4.234099999999999
4.218099999999993
4.2059000000000175
4.193999999999997
4.1775999999999955
4.162799999999983
4.143999999999997
4.127099999999996
4.110800000000014
4.094599999999976
4.077599999999956
4.060100000000008
4.04000000000001
4.0229
4.007700000000004
3.9926
3.9746
3.9587000000000008
3.9421
3.9295000000000013
3.913
3.8974000000000015
3.8815
3.867299999999997
3.8511
3.8345
3.818199999999999
3.8007
3.7825
3.766400000000003
3.7495
3.731599999999998
3.717099999999997
3.6974
3.6809000000000016
3.661900000000004
3.645099999999998
3.6278000000000024
3.6117
3.594300000000001
3.5775000000000006
3.5628999999999955
3.548099999999998
3.5307999999999926
3.5097999999999985
3.4910999999999954
