9.0
9.0
3.1762
1.0546
0.3404
0.1342
0.08
0.0583
0.0498
0.0505
0.0544
0.0574
0.0547
0.0515
0.0521
0.0465
0.048
0.0487
0.05
0.0527
0.048
0.0475
0.0453
0.0517
0.0483
0.044
0.0486
0.0454
0.0497
0.0476
0.0456
0.0456
0.046
0.0441
0.0435
0.0422
0.0454
0.0456
0.0401
0.0437
0.0439
0.0412
0.0425
0.0434
0.0456
0.046
0.0438
0.0372
0.0381
0.0444
0.0451
0.0406
0.0404
0.0439
0.0517
0.0559
0.0556
0.0486
0.0504
0.0469
0.0491
0.0491
0.0499
0.0449
0.0415
0.0443
0.044
0.0411
0.0403
0.0421
0.0425
0.0443
0.0434
0.046
0.0447
0.0428
0.0449
0.045
0.0454
0.0431
0.0406
0.0412
0.0401
0.0393
0.0414
0.0413
0.0383
0.0352
0.0349
0.0397
0.042
0.0375
0.0377
0.0413
0.0395
0.0389
0.0389
0.041
0.0392
0.0383
0.0343
0.0376
0.0375
0.0365
0.0388
0.0359
0.0381
0.0358
0.0352
0.0371
0.0345
0.0343
0.0372
0.0411
0.0367
0.0353
0.0351
0.0369
0.0359
0.0352
0.0382
0.0376
0.0403
0.0371
0.0375
0.0355
0.0382
0.0409
0.0439
0.0432
0.0484
0.0461
0.048
0.0476
0.048
0.0513
0.0519
0.0461
0.0475
0.0453
0.0499
0.0475
0.0494
0.0507
0.0516
0.0505
0.0487
0.0477
0.0477
0.048
0.0458
0.0468
0.0501
0.0485
0.0489
0.0505
0.0493
0.0507
0.0512
0.0491
0.0495
0.05
0.0493
0.0547
0.0506
0.0537
0.0559
0.0545
0.0508
0.0544
0.0515
0.0502
0.0541
0.0545
0.0519
0.0521
0.0502
0.0498
0.0514
0.0536
0.0496
0.0558
0.0512
0.049
0.0514
0.0515
0.0511
0.0479
0.0485
0.0497
0.0528
0.0522
0.0502
0.0506
0.0492
0.0496
0.0524
0.0471
0.0477
0.0485
