12167.0
12167.0
12100.4602
12034.2144
11964.1793
11893.8158
11832.1608
11771.1459
11712.7172
11646.4082
11592.6179
11536.9987
11483.5504
11427.9382
11364.514
11307.5038
11255.9211
11207.0588
11154.9007
11106.2157
11055.026
11008.3781
10965.0134
10923.6557
10883.8599
10838.924
10794.3332
10748.6109
10705.4428
10667.0451
10625.9884
10583.1737
10543.1212
10495.3851
10455.8803
10418.3874
10381.8425
10339.1079
10305.1481
10262.9755
10218.9421
10180.2755
10143.3661
10103.1804
10067.7337
10029.0841
9995.0177
9959.9656
9929.7913
9888.8955
9858.5682
9819.6398
9781.7984
9745.9266
9714.3912
9682.7589
9649.2405
9613.6271
9586.1719
9557.7157
9532.8337
9499.0424
9468.6623
9440.3344
9409.7143
9376.3904
9354.3697
9320.5049
9288.223
9264.8246
9238.246
9208.5688
9170.734
9141.4017
9112.9898
9086.5722
9052.748
9022.7227
8991.5172
8966.5259
8942.9024
8910.5652
8879.4017
8857.7869
8834.5995
8807.416
8782.9024
8755.722
8732.0989
8703.3848
8680.1957
8660.6401
8637.7003
8610.3763
8592.2697
8563.2349
8537.6903
8515.3221
8489.9513
8464.2428
8441.0781
8416.8436
8391.3361
8364.7178
8336.1752
8311.767
8282.2688
8254.0658
8224.2872
8196.991
8173.7207
8148.388
8123.1175
8098.7439
8073.5147
8048.9919
8029.914
8007.435
7980.3398
7957.3298
7933.4138
7910.7136
7887.3626
7861.5681
7834.7422
7812.7795
7786.2006
7749.0377
7702.9664
7661.481
7614.515
7560.2656
7514.5892
7476.3378
7432.7635
7387.455
7348.2616
7298.6424
7252.8449
7212.3792
7168.6742
7129.5878
7088.7364
7048.0367
7013.7963
6976.7231
6937.0393
6896.2926
6859.3463
6816.7801
6780.0664
6736.0289
6687.1607
6650.081
6615.0602
6575.8764
6544.158
6507.8721
6469.1921
6430.0429
6391.084
6357.7135
6322.8121
6292.9929
6263.421
6228.3516
6200.8379
6169.913
6132.2104
6098.2753
6063.163
6029.0928
6000.1695
5970.3955
5939.732
5903.9296
5879.8894
5848.9365
5820.0458
5792.5451
5766.616
5737.3975
5708.3584
5684.6988
5650.5158
5617.4327
5589.0928
5556.0285
5524.352
5495.3344
5461.9043
5433.8522
5407.2906
5381.2252
5351.0992
5321.2491
5291.3154
5265.1137
5239.095
5209.926
