81.0
81.0
81.5875
82.1878
82.7824
83.2793
83.8121
84.2184
84.698
85.1706
85.5904
86.0734
86.5204
86.9859
87.3662
87.776
88.1832
88.5666
88.9199
89.2907
89.7285
90.0915
90.4841
90.7523
91.2548
91.7614
92.1419
92.5225
92.828
93.284
93.6417
94.0683
94.3253
94.6163
95.038
95.4016
95.7754
96.1926
96.4948
96.8068
97.2
97.5628
97.8715
98.2096
98.6614
99.0506
99.4516
99.8216
100.2362
100.6055
100.979
101.4302
101.7967
102.1483
102.4074
102.6522
102.978
103.2726
103.5096
103.7325
103.9398
104.2409
104.4874
104.7477
104.9897
105.2388
105.4711
105.7543
105.9989
106.3078
106.5305
106.7597
107.0827
107.3538
107.6077
107.7869
108.1117
108.3223
108.6252
108.847
109.2117
109.5706
109.8128
110.1534
110.5204
110.8742
111.1325
111.5679
111.8645
112.2472
112.5604
112.9832
113.4001
113.7773
114.1761
114.5946
115.0197
115.4404
115.8581
116.3031
116.6509
117.0242
117.4531
117.9298
118.3577
118.8743
119.3986
119.8589
120.3362
120.702
121.1196
121.5464
122.0705
122.5672
122.9902
123.4263
123.8975
124.2758
124.5646
125.1124
125.473
126.0034
126.4398
126.9395
127.411
127.9702
128.6211
129.3629
130.235
131.1506
132.1696
132.9818
133.7857
134.6965
135.7049
136.5304
137.4373
138.3225
139.3385
140.2397
141.2341
142.1046
143.1197
143.9675
144.827
145.8383
146.7297
147.6408
148.5379
149.5367
150.5789
151.4998
152.3355
153.2882
154.1651
154.9524
155.7855
156.7711
157.7841
158.829
159.8318
160.7625
161.773
162.6837
163.7114
164.6395
165.5253
166.5426
167.5379
168.4882
169.4361
170.3694
171.2172
172.0926
173.0546
174.0049
174.8126
175.7313
176.5559
177.4561
178.4553
179.3329
180.2587
181.1377
182.096
182.9286
183.9334
184.8865
185.8412
186.6326
187.4628
188.3074
189.3475
190.3186
191.1218
192.0905
193.1519
194.0172
194.878
195.8245
