49.0
49.0
48.8562
48.7136
48.5654
48.4373
48.3046
48.2252
48.1226
47.99
47.9263
47.8586
47.8393
47.7867
47.7276
47.7098
47.734
47.7492
47.7758
47.8349
47.844
47.8357
47.8857
47.9317
47.9441
47.9521
47.9928
48.0963
48.1088
48.1551
48.244
48.3249
48.4113
48.5174
48.6788
48.8425
48.9742
49.0928
49.2546
49.3703
49.4689
49.5853
49.7421
49.926
50.097
50.3141
50.5004
50.6684
50.8813
51.1259
51.327
51.4501
51.5991
51.7628
51.916
52.02
52.1458
52.2314
52.3273
52.4175
52.4959
52.6112
52.7442
52.8355
52.929
53.0424
53.0337
53.1003
53.1528
53.1916
53.2303
53.2795
53.3348
53.4046
53.5105
53.5526
53.5889
53.6173
53.6898
53.7266
53.767
53.8132
53.8591
53.8523
53.879
53.8823
53.9018
53.941
54.0548
54.0359
54.0684
54.0882
54.0385
54.1012
54.1176
54.1211
54.1892
54.2081
54.2076
54.2142
54.2012
54.2594
54.3068
54.3085
54.3085
54.354
54.3842
54.3988
54.4084
54.4173
54.4612
54.4383
54.4528
54.4991
54.5048
54.5194
54.5139
54.5717
54.5745
54.5758
54.5855
54.59
54.6039
54.6136
54.6049
54.5433
54.5712
54.5744
54.4756
54.41
54.3537
54.3095
54.3591
54.2677
54.1739
54.1428
54.124
54.1112
54.1028
54.0641
54.0517
54.0964
54.069
54.0864
54.1178
54.0771
54.0736
54.1283
54.0774
54.0682
54.0363
54.0468
54.0961
54.0824
54.0514
54.1454
54.152
54.133
54.1971
54.2655
54.2574
54.2833
54.2279
54.3386
54.343
54.4054
54.4258
54.4846
54.5047
54.5258
54.564
54.5965
54.6207
54.6792
54.7773
54.8425
54.9242
54.9303
54.9649
55.0769
55.0987
55.1504
55.2354
55.293
55.3091
55.2688
55.3143
55.3813
55.4622
55.4934
55.5286
55.483
55.5028
55.5528
55.6076
55.66
55.7304
55.7352
55.7536
55.7257
