1.0
1.0
0.9802
0.9579
0.9367
0.9172
0.899
0.8823
0.8631
0.8444
0.8299
0.8117
0.7924
0.7774
0.7666
0.7507
0.7375
0.7249
0.7097
0.6963
0.6852
0.6743
0.6611
0.6482
0.6363
0.6223
0.6083
0.5976
0.5874
0.5785
0.5729
0.5613
0.5517
0.5413
0.5351
0.5235
0.5152
0.51
0.5001
0.4923
0.4885
0.4807
0.476
0.4725
0.4616
0.4554
0.4554
0.4501
0.4451
0.4372
0.4334
0.4244
0.418
0.4129
0.4081
0.4063
0.402
0.399
0.3968
0.3919
0.3883
0.3851
0.3817
0.3835
0.3813
0.3796
0.3796
0.3787
0.3785
0.3756
0.3733
0.3755
0.3769
0.3762
0.378
0.3793
0.3777
0.3757
0.3776
0.3805
0.3786
0.3772
0.3771
0.3734
0.3702
0.3703
0.3717
0.37
0.3721
0.3701
0.3683
0.3677
0.3685
0.3667
0.3658
0.3689
0.3688
0.3738
0.3748
0.3768
0.3775
0.3783
0.376
0.375
0.3784
0.3793
0.3844
0.3836
0.3842
0.3855
0.3871
0.3824
0.3824
0.379
0.3788
0.3746
0.3795
0.3756
0.3764
0.3748
0.3742
0.3748
0.3676
0.3674
0.3627
0.3588
0.3592
0.3579
0.3576
0.3579
0.3594
0.3618
0.3566
0.3602
0.3603
0.3622
0.3633
0.3646
0.3664
0.3676
0.3695
0.3715
0.3719
0.3732
0.3738
0.3777
0.3825
0.3858
0.3906
0.3957
0.3979
0.4001
0.4005
0.4029
0.4042
0.4051
0.4104
0.4141
0.4128
0.4154
0.4155
0.415
0.4118
0.4148
0.4109
0.4131
0.4086
0.4097
0.4104
0.4052
0.4025
0.4014
0.4054
0.4075
0.4043
0.411
0.4088
0.4108
0.4155
0.4159
0.4169
0.4149
0.415
0.4199
0.4223
0.4198
0.4216
0.4239
0.4217
0.4224
0.4242
0.4246
0.4234
0.4264
0.4271
0.4327
0.4305
0.4334
0.4348
0.4315
