343.0
343.0
341.7024
340.4306
339.124
338.0497
336.9336
336.3686
335.5732
334.5
334.1619
333.754
333.8549
333.5917
333.3364
333.5274
334.0844
334.5716
335.185
336.2117
336.7468
337.0725
337.9251
338.8057
339.2835
339.7833
340.6358
342.2191
342.7184
343.5527
344.9438
346.2013
347.5547
349.155
351.3134
353.5073
355.4178
357.098
359.285
361.0019
362.4259
364.1183
366.2261
368.6992
370.9908
373.8039
376.3814
378.632
381.4633
384.6727
387.2284
389.1281
391.1731
393.409
395.5526
397.1718
398.945
400.4218
401.9551
403.4553
404.7567
406.4784
408.3854
409.8525
411.4616
413.2458
413.5745
414.7105
415.6996
416.4938
417.3301
418.2765
419.2756
420.5178
422.2525
422.9836
423.8077
424.4345
425.8014
426.6786
427.633
428.6404
429.5865
429.9483
430.6714
431.1401
431.6386
432.642
434.4962
434.6567
435.4694
436.1934
436.1403
437.4232
437.9642
438.3765
439.4604
439.9951
440.377
440.6908
440.9566
442.1822
443.0656
443.3485
443.8593
444.6888
445.3632
446.132
446.5572
447.0505
447.803
447.8339
448.404
449.5579
450.0428
450.6048
450.7861
451.8485
452.3395
452.6972
453.1617
453.5302
454.2283
454.6718
455.0627
454.6685
455.3478
455.881
455.0122
454.7216
454.5149
454.4961
455.7823
455.2413
454.7497
454.9782
455.2894
455.5742
456.0212
456.2233
456.8519
458.004
458.2366
459.0828
460.0934
460.0705
460.5368
461.5007
461.5304
461.9762
462.1299
462.8982
464.0763
464.4296
464.4782
466.3412
467.1982
467.4634
468.7717
470.0499
470.5356
471.2381
470.9815
473.0568
473.7116
475.092
476.1524
477.3554
477.9891
478.8684
479.856
480.7485
481.6029
482.8002
484.6377
486.1583
487.7978
488.5719
489.4721
491.2691
491.9585
493.042
494.631
495.7484
496.3277
495.97
496.9381
498.4877
499.907
500.7918
501.6536
501.5504
502.0014
503.1412
504.1846
505.3764
506.6844
507.3788
508.052
507.9995
