18.0
18.0
17.950699999999973
17.900599999999926
17.852500000000123
17.806600000000063
17.763299999999884
17.717100000000016
17.66680000000004
17.619999999999944
17.574800000000028
17.525900000000036
17.479499999999952
17.432299999999984
17.3886
17.345500000000083
17.299800000000033
17.252599999999997
17.204900000000002
17.155999999999903
17.110499999999966
17.071999999999967
17.028999999999936
16.985800000000005
16.942599999999956
16.90180000000004
16.859500000000068
16.81619999999992
16.773499999999974
16.73260000000001
16.69049999999993
16.647400000000086
16.602300000000024
16.55920000000001
16.51709999999993
16.47279999999993
16.431400000000068
16.38620000000003
16.347000000000044
16.306400000000025
16.26199999999997
16.21609999999997
16.172500000000007
16.125400000000067
16.080100000000055
16.038299999999936
15.996000000000002
15.9596
15.915
15.8738
15.8307
15.7865
15.7435
15.696
15.632399999999993
15.567199999999998
15.503199999999994
15.442900000000003
15.386200000000006
15.323000000000002
15.263700000000004
15.210799999999997
15.148200000000003
15.085699999999994
15.023599999999988
14.965100000000005
14.901000000000003
14.841299999999995
14.779700000000012
14.720999999999991
14.664599999999995
14.603399999999988
14.542400000000002
14.481500000000011
14.426199999999982
14.364600000000017
14.310899999999979
14.254700000000009
14.191799999999994
14.1401
14.094299999999977
14.0377
13.979200000000006
13.924700000000012
13.866199999999994
13.8107
13.755899999999977
13.699300000000024
13.638500000000018
13.584500000000018
13.525899999999995
13.468500000000024
13.4099
13.350199999999983
13.294500000000003
13.234899999999994
13.179899999999995
13.128199999999977
13.072399999999966
13.01770000000003
12.965899999999998
12.909099999999974
12.851799999999997
12.801199999999977
12.75100000000001
12.688799999999983
12.6336
12.576699999999988
12.520400000000059
12.465699999999979
12.408000000000017
12.350700000000014
12.2948
12.23960000000003
12.191500000000001
12.138299999999951
12.08560000000002
12.03279999999998
11.9836
11.92730000000001
11.877299999999963
11.819600000000014
11.763900000000012
11.707099999999997
11.6493
11.590300000000052
11.539299999999988
11.48920000000001
11.448299999999973
11.405900000000019
11.369500000000013
11.327700000000009
11.281800000000013
11.240500000000008
11.204700000000011
11.167299999999978
11.126200000000017
11.090299999999985
11.045499999999988
11.005499999999966
10.966199999999965
10.923299999999996
10.884399999999975
10.845700000000024
10.80560000000006
10.76199999999996
10.720399999999998
10.685700000000013
10.648100000000024
10.608299999999977
10.568900000000028
10.527700000000038
10.488699999999984
10.447400000000055
10.410999999999946
10.373000000000003
10.333799999999972
10.296999999999988
10.252299999999991
10.212499999999979
10.170100000000001
10.130999999999954
10.098700000000017
10.059399999999995
10.02289999999999
9.983300000000014
9.94559999999999
9.90439999999995
9.869200000000006
9.829899999999979
9.789900000000019
9.754000000000005
9.715700000000028
9.673400000000033
9.634100000000021
9.591700000000044
9.549500000000036
9.514000000000006
9.4802
9.443600000000062
9.402900000000018
9.365299999999982
9.327800000000007
9.28930000000001
9.253799999999995
9.216799999999973
9.17189999999997
9.131400000000017
9.09390000000003
9.05019999999997
9.010999999999985
8.969800000000006
8.930199999999912
8.891000000000023
8.852700000000002
8.817399999999996
8.779600000000086
8.743200000000018
8.701199999999929
8.666400000000039
