216.0
216.0
216.8179
218.0897
218.6609
220.0549
221.1029
222.4954
223.9193
225.7374
226.8378
228.4994
229.8211
231.525
233.8507
236.2627
238.3011
240.2016
242.2565
244.7932
246.6842
248.9164
250.8116
253.7001
255.7993
257.9839
260.7393
263.5646
266.5798
269.327
271.7602
274.9629
278.1244
281.1005
284.2745
287.548
290.2148
292.755
295.8358
299.4247
302.8767
306.2777
309.5535
313.3885
316.0373
318.3244
321.5278
326.2144
329.9064
333.8282
338.3206
342.696
346.8644
350.7644
356.8949
362.1077
366.7679
372.0833
377.6763
383.2492
388.0024
392.9542
398.8872
404.5366
409.8198
415.1029
420.5534
426.3969
432.4517
437.1532
442.7073
447.9042
453.1825
458.7133
463.7838
469.4518
475.1577
480.7081
486.0207
490.4066
495.8576
501.8853
506.5144
511.7203
517.3501
523.4795
528.279
533.6262
539.079
544.7238
551.0491
557.0745
562.1225
568.26
574.2124
580.6043
587.1075
593.6792
599.724
605.5013
611.7787
617.085
623.8778
629.5335
634.497
640.7411
646.664
652.5548
659.4791
665.8713
672.5333
678.8648
684.6146
689.6029
695.9218
702.6588
708.9852
715.1258
720.9745
727.0227
732.6891
738.1629
744.8099
751.0324
757.7242
765.017
770.2076
776.087
778.6839
780.7167
782.7776
786.4392
789.2094
792.7695
796.0698
800.0482
802.8077
805.5038
808.5938
813.2318
817.6786
820.6384
823.3593
828.0323
833.1892
834.728
839.7931
842.1327
845.5932
850.0268
853.1187
856.5913
860.045
862.2227
867.9771
870.1514
873.7013
878.4684
881.148
885.3574
887.7907
889.9278
893.0161
896.9187
899.9077
903.9511
907.3833
911.4947
916.8456
919.8763
923.4127
927.5614
933.3592
937.5776
941.7397
944.411
946.1373
949.0776
951.1846
953.6262
957.2552
960.8171
964.5158
967.2559
970.0553
972.9364
976.1691
978.6675
981.5089
984.7986
988.6131
991.1419
993.7988
998.1723
1000.2263
1003.5317
1008.69
1013.5895
1017.6927
1020.9687
