3375.0
3375.0
3381.879
3394.1835
3408.5168
3419.5095
3430.3063
3442.4178
3456.25
3468.0066
3479.697
3493.8391
3503.4632
3519.6526
3537.7483
3553.5057
3568.9559
3581.2075
3592.9663
3610.8784
3623.233
3637.6058
3652.8819
3664.5063
3676.2133
3693.0702
3708.2426
3723.0521
3737.504
3754.2783
3764.0438
3777.3712
3792.0391
3806.0309
3822.0911
3837.1791
3850.2848
3868.0298
3881.4916
3898.702
3911.3948
3922.6388
3935.9901
3948.6584
3958.2327
3968.8943
3984.8202
3995.4634
4008.7294
4020.7997
4035.3451
4046.0887
4057.1928
4069.6009
4082.7384
4096.2415
4110.1013
4123.2115
4136.0912
4147.7993
4159.6108
4170.4206
4181.6878
4192.7831
4203.6871
4213.2224
4219.6778
4228.1882
4236.4238
4242.6769
4252.4843
4262.7329
4275.8056
4283.9982
4289.9849
4299.3533
4307.9903
4317.1087
4326.7146
4333.743
4338.0911
4345.2256
4353.1257
4357.2858
4361.9376
4367.0186
4373.0913
4379.7692
4384.6395
4391.1803
4394.3553
4397.3463
4405.3896
4410.9682
4415.4264
4418.1764
4421.9182
4427.3711
4432.6502
4436.1379
4439.9517
4443.0778
4447.2737
4450.2
4455.4368
4454.8923
4458.9202
4462.6245
4466.1181
4469.6605
4475.0595
4479.4158
4481.255
4486.557
4488.0569
4491.7612
4495.5271
4495.7491
4496.0977
4496.006
4500.2907
4505.4331
4506.2175
4507.0677
4508.5477
4510.4036
4514.3139
4509.4003
4501.2606
4489.7715
4481.8935
4473.2358
4463.5973
4452.7305
4440.2114
4427.6209
4416.6099
4408.7375
4399.0334
4392.2307
4381.1927
4372.5812
4361.9103
4351.51
4339.3616
4330.6821
4319.7246
4312.6403
4304.1966
4293.5009
4287.8752
4277.5581
4264.958
4256.705
4249.916
4239.3778
4231.4678
4223.1111
4213.1701
4201.8971
4192.9607
4185.0021
4178.3338
4169.0874
4155.2791
4142.8129
4133.6533
4125.0111
4116.506
4106.2244
4096.7974
4089.6492
4078.8696
4066.2509
4055.3551
4044.9894
4035.9875
4027.4549
4018.1492
4012.8979
4005.9172
3997.4794
3987.8265
3982.5066
3971.6823
3965.8813
3957.407
3947.0552
3938.5719
3927.7674
3920.4946
3909.5029
3901.2285
3891.5424
3879.7627
3869.7009
3861.1011
3851.3142
3842.5041
3831.0932
