3375.0
3375.0
3369.3925
3363.4611
3357.0333
3352.8392
3346.9113
3340.2647
3334.2323
3329.1632
3323.7155
3317.5737
3312.5046
3306.6193
3300.7244
3294.776
3289.4375
3283.4164
3277.8923
3273.3531
3268.4516
3262.9912
3256.8822
3252.1573
3246.7713
3241.5025
3236.3394
3231.9054
3226.642
3220.9188
3214.7414
3209.4466
3204.4687
3199.4998
3193.9274
3188.7973
3184.8212
3177.6134
3172.2213
3166.644
3162.348
3156.3183
3151.0703
3145.9468
3141.2326
3136.3242
3131.5894
3126.6101
3121.6189
3116.6094
3111.6848
3107.1749
3101.7689
3097.0917
3093.5043
3090.2871
3086.8878
3083.7818
3080.4563
3077.6544
3074.2651
3070.995
3068.2284
3065.6014
3063.1397
3060.6814
3057.7057
3054.242
3051.3186
3047.7029
3044.4881
3041.5069
3038.7085
3036.2286
3033.7704
3030.707
3027.9517
3025.0182
3022.4602
3019.94
3017.4679
3014.5503
3011.4417
3008.4017
3005.7516
3003.3979
3000.8729
2997.9078
2994.7338
2991.9768
2989.801
2987.413
2985.3921
2982.954
2979.79
2976.1831
2973.6844
2971.2976
2968.5339
2965.7865
2963.4609
2960.4419
2957.4726
2955.4001
2952.8198
2949.9058
2947.0351
2944.8274
2942.3853
2939.8956
2937.1704
2934.1224
2931.7806
2928.7675
2926.052
2923.429
2920.8078
2918.5856
2915.635
2912.8628
2910.4824
2908.078
2905.7897
2904.2443
2901.4861
2899.473
2896.5014
2892.7944
2882.3776
2871.9558
2861.6052
2849.6851
2837.4427
2824.4784
2811.8863
2800.2386
2789.5933
2776.0068
2765.0402
2754.384
2742.0304
2731.6029
2720.6316
2709.8921
2698.6657
2686.8779
2675.5847
2664.1119
2653.3695
2641.4091
2631.632
2619.9658
2609.3726
2599.0998
2588.9146
2577.9644
2566.9888
2555.3119
2543.472
2532.7004
2523.3997
2512.0942
2500.1341
2488.5374
2477.7757
2466.8549
2456.0166
2446.2566
2435.9038
2424.6961
2412.2923
2402.2284
2391.5627
2379.9782
2369.453
2359.3316
2348.1499
2336.513
2327.3203
2317.4843
2307.5488
2297.435
2288.0934
2277.2431
2266.2094
2256.5869
2246.5786
2236.6715
2227.3502
2217.4047
2207.3287
2198.302
2188.2854
2178.9514
2169.7667
2159.5592
2150.5549
2141.1115
2130.7103
2121.6039
