1000.0
1000.0
992.9597
986.7633
981.5307
974.5737
970.6326
964.7031
959.5535
954.5602
949.491
944.1632
940.0985
936.3476
934.03
929.7759
925.3476
921.849
918.9833
914.1077
910.3319
906.09
903.5739
900.5517
896.6437
893.8637
892.0242
889.9001
888.3013
886.205
884.055
880.8284
878.5634
876.3137
873.2819
871.2537
868.2893
866.2701
865.4264
864.3831
861.51
858.429
856.8511
856.0261
855.4311
854.202
853.2334
851.4846
849.9183
848.9639
848.5998
846.3351
846.0358
845.6038
849.3786
854.4981
859.2495
864.5365
868.7262
873.5071
879.3816
883.5469
888.8034
893.9111
898.8197
904.2849
909.0672
915.3172
921.3225
927.0718
933.5244
940.4379
947.5301
954.2765
961.6196
968.0982
976.6232
983.7226
990.174
998.1312
1006.7585
1015.2523
1022.7552
1030.1906
1038.3389
1047.4795
1055.265
1063.7225
1072.6069
1081.9235
1092.0518
1100.5463
1111.4024
1119.0216
1128.6836
1138.9331
1149.5214
1160.4514
1169.3858
1179.8048
1190.6339
1201.0884
1211.9942
1221.993
1233.3776
1244.9792
1256.9822
1268.8473
1278.496
1292.7235
1305.6567
1317.1216
1328.3245
1340.8681
1352.5476
1364.9207
1377.6186
1390.4745
1401.9223
1414.3291
1428.1258
1439.428
1452.2996
1464.3014
1477.6019
1489.888
1502.3099
1515.5273
1529.869
1544.3868
1558.7048
1574.4271
1591.5948
1607.4697
1623.5054
1640.0186
1656.0681
1674.0736
1693.8966
1710.5323
1729.9507
1747.2431
1765.0107
1785.4788
1807.2167
1824.6347
1845.2203
1866.3765
1886.8324
1908.0144
1929.1177
1950.1418
1970.0362
1991.4137
2014.3253
2036.2049
2059.1648
2081.8493
2105.2724
2128.753
2150.1521
2171.7115
2196.1332
2218.691
2242.9243
2264.5018
2287.6204
2311.6598
2337.7183
2361.8058
2388.1129
2414.9049
2439.8842
2466.295
2494.394
2520.0956
2547.4432
2577.8193
2605.3025
2635.831
2663.115
2689.0849
2717.239
2743.8268
2771.1178
2801.2244
2831.4073
2859.5547
2890.8664
2919.34
2953.6444
2986.7188
3019.8918
3051.1738
3085.6005
3116.9424
3151.0346
3183.9587
3219.8681
3249.6731
