1.0
1.0
0.9073
0.8182
0.7382
0.6696
0.6293
0.5915
0.5476
0.4979
0.4699
0.4433
0.4241
0.3895
0.3632
0.36
0.3498
0.3227
0.3185
0.3114
0.3052
0.3019
0.2987
0.3004
0.3045
0.3052
0.3253
0.3325
0.3336
0.3346
0.3412
0.3408
0.3589
0.3593
0.3722
0.3682
0.3734
0.3507
0.3442
0.3594
0.3741
0.3914
0.3926
0.3856
0.4065
0.4068
0.4108
0.4178
0.4274
0.4356
0.4332
0.4459
0.4566
0.445
0.4467
0.4619
0.4821
0.4908
0.4928
0.4904
0.5031
0.5121
0.5284
0.5409
0.5408
0.5447
0.5527
0.5628
0.5613
0.549
0.5356
0.5491
0.5635
0.5743
0.5711
0.5728
0.5566
0.5567
0.548
0.5404
0.5237
0.5191
0.5027
0.4979
0.4786
0.4552
0.46
0.4523
0.4531
0.4588
0.4563
0.4394
0.4366
0.4376
0.4438
0.4359
0.4345
0.4214
0.4068
0.3955
0.3855
0.3745
0.3569
0.3487
0.3461
0.347
0.3522
0.3447
0.3333
0.3452
0.3416
0.3423
0.3412
0.3367
0.3436
0.3355
0.3344
0.3333
0.3222
0.3131
0.3025
0.2889
0.2863
0.2833
0.2709
0.2611
0.2606
0.2594
0.2643
0.2823
0.3042
0.3205
0.3342
0.344
0.355
0.3763
0.3831
0.4025
0.4209
0.4473
0.4585
0.4807
0.4964
0.5093
0.5326
0.5476
0.5653
0.5797
0.6033
0.6389
0.6664
0.6918
0.7146
0.7354
0.7711
0.796
0.8248
0.8458
0.8644
0.8916
0.8974
0.935
0.9624
0.991
1.0066
1.0652
1.1179
1.1428
1.1602
1.1943
1.2232
1.2556
1.3025
1.332
1.3472
1.3528
1.3887
1.4154
1.441
1.4865
1.5185
1.5633
1.6173
1.637
1.6717
1.6978
1.7291
1.7637
1.7995
1.824
1.8332
1.8668
1.9184
1.9467
1.9685
1.9799
2.0014
2.0721
2.1003
2.1268
