216.0
216.0
213.0904
209.894
206.8901
204.0711
201.4949
199.0476
196.289
193.4982
190.8006
188.0994
185.6535
183.191
180.8595
178.6248
176.4054
174.3403
171.9988
169.8008
167.728
165.3118
163.2755
161.2944
159.1244
157.2735
155.6637
153.8359
152.023
150.4909
148.7711
146.854
145.5034
143.8329
142.4335
140.8083
139.2778
137.8535
136.1326
134.5525
133.2678
131.9331
130.6889
129.2285
127.9912
126.6747
125.3969
123.9966
122.5267
121.3183
120.1584
119.001
117.8881
116.9236
116.6746
116.7856
116.9756
117.0427
117.4082
117.5041
117.6392
117.9168
118.2072
118.3857
118.6196
119.0863
119.4974
119.8131
120.4158
120.9881
121.1808
121.5759
121.8738
122.1918
122.7702
123.0432
123.1633
123.5531
123.8789
124.3224
124.7547
125.1481
125.8484
126.5829
127.255
127.7777
128.2272
129.044
129.6809
130.5834
131.1674
131.6907
132.1967
132.9582
133.4189
133.9749
134.8158
135.1752
135.5706
136.1157
136.6451
137.2328
137.782
138.3474
139.0898
139.5955
140.2254
140.7106
141.1693
141.587
142.1906
142.8014
143.391
143.9162
144.6953
145.5712
146.0411
146.8165
147.4217
148.0706
148.5964
149.1358
149.8968
150.3739
150.9386
151.4018
152.128
152.5027
152.706
152.5992
152.1229
151.7934
151.7011
151.2996
150.8898
150.1533
149.7065
149.3284
148.9531
148.8342
148.2178
147.8733
147.2723
146.6328
145.759
145.2592
144.4784
143.7712
143.0512
142.5362
141.704
140.9234
140.3732
139.7114
138.9749
138.2401
137.6951
137.0388
136.1158
135.3378
134.3704
133.4331
132.7304
132.0224
131.2104
130.2131
129.2138
128.2655
127.6335
126.7994
125.7446
124.9523
124.1047
123.6505
122.8852
122.0668
121.1611
120.4617
119.7393
118.8857
118.2412
117.4755
116.6053
115.8992
115.1077
114.2978
113.5537
112.6004
111.9239
111.1789
110.3833
109.5056
109.0035
107.9913
107.1645
106.5439
105.8811
105.0616
104.1508
103.3461
