289.0
289.0
290.9436
293.1836
295.447
297.7022
300.2362
302.8379
305.3286
307.6739
310.3255
312.8521
315.4294
318.1766
320.8243
323.6205
326.232
329.0002
331.7957
334.6393
337.3735
340.2886
343.2136
346.2017
349.0622
352.2757
355.5325
358.9408
362.09
365.2874
368.3688
371.7194
374.8262
377.9276
381.0857
384.3734
387.4208
390.7799
394.0991
397.6842
401.0965
404.4416
408.136
411.7831
415.5794
418.9318
422.5197
426.0898
429.9501
433.5687
437.1576
440.8185
444.546
448.1948
450.4325
453.0262
455.7743
458.4484
460.7087
463.2206
465.3962
467.8295
470.3988
472.7126
475.1978
477.6321
480.2249
482.6654
484.9506
487.3175
489.8404
492.3282
494.4938
496.8147
499.2272
501.4288
503.9514
506.0047
508.2962
510.737
512.7875
515.0593
517.077
519.1865
521.471
523.5705
525.6394
527.8297
529.8522
531.4966
533.7876
535.9605
537.9138
540.0451
542.2742
544.4713
546.5794
548.6499
550.5695
552.7279
554.6714
556.6255
558.5749
560.4038
562.2095
564.2636
566.0645
567.9893
570.0314
571.6365
573.333
574.9601
576.9029
578.5071
580.2843
582.5026
584.5805
586.6435
588.4263
590.354
591.9867
593.9777
595.8415
597.6198
599.335
601.2296
602.9443
604.8831
607.1939
609.6196
611.8813
614.1166
616.1956
618.4363
620.5537
622.8691
625.1599
627.2738
629.4565
631.6425
633.8445
636.2069
638.3318
640.3425
642.4439
644.3597
646.3001
648.5176
650.7625
652.9891
654.9362
656.9585
658.9546
661.155
663.2727
665.2512
667.2579
669.3654
671.3522
673.4461
675.4635
677.611
679.6735
681.4769
683.4763
685.2657
687.3669
689.1693
691.0952
693.1255
694.7868
696.6821
698.5771
700.5783
702.6382
704.6738
706.4124
708.5902
710.4134
712.3212
714.315
716.1143
717.969
719.7208
721.5698
723.346
725.1194
726.9266
728.9758
730.8976
732.8022
734.5632
736.2167
737.7878
739.5473
741.2413
743.1097
744.6469
746.3124
748.0224
