289.0
289.0
286.4312
283.7512
280.9346
278.2839
275.6104
273.0012
270.384
267.6377
264.8294
262.0782
259.562
257.0641
254.4346
251.7776
249.2755
246.6802
244.2566
241.5728
238.8939
236.2593
233.6194
231.2615
228.6394
226.1493
223.5896
221.0192
218.5484
215.9907
213.6396
211.365
208.9899
206.4795
204.2927
201.7715
199.5282
197.2267
194.989
192.7719
190.5325
188.1237
185.8571
183.5948
181.4292
179.1979
176.9165
174.5822
172.4237
170.3497
168.1768
166.0508
163.9389
162.1092
160.994
159.8447
158.963
157.9245
156.9337
155.7897
154.7944
153.7878
152.8688
151.8954
150.925
149.9186
148.9509
147.9699
146.9106
146.0318
144.9603
143.924
142.8892
141.898
140.8636
139.9892
139.0759
138.107
137.1324
136.2437
135.2374
134.2984
133.4097
132.4876
131.5272
130.6642
129.7801
128.9723
128.1492
127.2798
126.3875
125.4855
124.4581
123.7182
122.9939
122.1583
121.3627
120.5322
119.7765
119.024
118.1145
117.3207
116.6551
115.7702
114.9081
114.143
113.4265
112.5647
111.8138
111.1623
110.348
109.7433
108.9408
108.2517
107.4794
106.8172
106.0184
105.3739
104.6441
103.9073
103.1219
102.4379
101.7711
101.0006
100.3359
99.7491
99.1808
98.2527
97.091
96.0173
94.8929
93.7067
92.6825
91.5936
90.4966
89.3587
88.2455
87.3322
86.2524
85.1572
84.0677
83.0678
82.0874
81.13
80.136
79.2681
78.399
77.5155
76.5815
75.7927
74.7787
73.8742
73.0012
72.1502
71.3134
70.4981
69.6333
68.83
68.027
67.2637
66.5696
65.729
64.9181
64.1495
63.537
62.7749
62.0263
61.3122
60.6206
59.9023
59.1959
58.5739
57.9214
57.2866
56.5376
55.8548
55.2481
54.5323
53.8196
53.13
52.461
51.8249
51.2307
50.5331
49.9245
49.4001
48.8497
48.2697
47.6176
46.9504
46.3901
45.8411
45.2417
44.7124
44.1649
43.7257
43.1364
42.674
42.2384
41.6074
