196.0
196.0
195.8489
195.6388
195.2341
194.8672
194.6362
194.3244
193.7718
193.3619
192.8646
192.4368
191.9778
191.2511
190.5721
189.9638
189.5069
188.7055
187.9216
187.2371
186.7571
185.9249
185.1002
184.3101
183.4279
182.6034
181.8575
181.0697
180.242
179.1479
178.1482
177.3117
176.3747
175.4091
174.6003
173.5329
172.5827
171.632
170.6428
169.5114
168.5088
167.4292
166.4592
165.3642
164.4006
163.35
162.2417
161.1091
159.9561
158.9361
157.8912
156.9605
155.7693
154.8617
153.9901
153.1345
152.1531
151.5234
150.6454
149.8178
148.7364
147.6977
146.7926
145.9023
144.9989
144.1004
143.152
142.1629
141.0292
140.0641
139.2191
138.2883
137.2552
136.2935
135.5037
134.6231
133.6788
132.7163
131.7371
130.6982
129.9111
129.0828
127.9456
127.018
125.9625
124.9404
123.9175
122.9663
121.8878
120.9873
119.9776
119.1875
118.1954
117.2755
116.301
115.402
114.316
113.4091
112.5015
111.5866
110.6688
109.6049
108.6758
107.6758
106.8296
105.8702
105.0061
104.0568
103.0826
102.1018
101.2227
100.3599
99.4503
98.6707
97.8892
97.0632
96.1507
95.245
94.3623
93.4274
92.5882
91.7508
90.8724
89.9932
89.1613
88.3779
87.4556
86.7468
85.7852
84.8618
83.9361
83.0876
82.277
81.4716
80.5772
79.6676
78.8022
77.9545
77.0738
76.3072
75.4353
74.5149
73.644
72.8789
72.054
71.1091
70.2123
69.4652
68.5032
67.6524
66.763
65.8995
65.1575
64.4045
63.6122
62.8171
62.0015
61.2334
60.4342
59.6625
58.9297
58.1552
57.4178
56.6744
55.9025
55.1302
54.4278
53.7334
53.0503
52.3338
51.6311
50.9129
50.1719
49.3804
48.695
47.9876
47.3316
46.5986
45.9461
45.3252
44.7163
44.0818
43.4452
42.7086
41.9692
41.3863
40.715
40.1526
39.4755
38.9072
38.3313
37.8152
37.227
36.6524
36.0985
35.6007
35.0261
34.499
33.96
33.4436
