343.0
343.0
342.7831
342.6628
343.1529
343.5306
343.6982
344.1733
344.6863
345.0336
345.5592
346.2696
347.4538
347.755
348.221
349.2206
349.9235
350.7695
351.4421
352.1867
353.5508
354.7339
356.3584
357.7122
359.0495
360.7124
362.4078
363.8433
365.0266
366.4131
367.7394
368.8573
369.7984
371.69
373.0094
374.9056
376.6516
378.0918
380.1597
382.4853
384.9799
386.7722
388.9964
391.1878
393.7745
395.4211
397.9465
399.7019
402.5281
404.6714
406.5414
408.5832
410.5792
413.959
417.5643
420.7014
424.0471
427.5498
430.9244
434.581
438.8682
442.917
446.4468
450.31
454.1943
458.6976
462.0906
465.68
469.3845
472.525
476.719
481.4229
485.207
489.2482
493.4831
497.8445
502.0422
506.3538
510.3917
514.2993
519.4188
523.721
528.2686
532.7145
537.074
541.1807
545.8369
551.1434
555.4842
559.9245
564.8638
569.738
574.4964
579.7242
584.04
588.9761
593.0399
598.3071
603.7398
607.4339
612.4649
617.0685
621.754
627.2006
632.1787
637.3082
642.6576
647.6465
652.2909
657.7033
663.9784
669.0513
674.1969
680.1347
685.1842
690.4243
695.9328
701.4254
706.7053
711.6523
717.8792
724.1326
730.3257
736.103
741.9583
747.7671
753.2324
759.7151
765.9053
771.7944
778.3318
784.3966
790.6646
796.7759
802.648
808.2793
814.0757
818.9725
824.4864
830.0439
835.7746
842.3788
848.0444
853.734
859.6135
866.3221
871.2188
876.9317
883.8819
890.405
896.0736
903.6415
910.4079
917.7294
924.5516
931.7798
939.4435
946.6235
952.5419
959.3829
967.4514
974.4486
981.3575
987.1489
993.4927
1001.1129
1008.2606
1015.9751
1021.6874
1029.7443
1036.7467
1043.6084
1051.016
1058.3771
1065.3864
1073.6223
1081.5476
1089.5105
1094.8883
1101.4925
1108.4687
1116.0016
1123.9236
1131.1745
1138.449
1146.6181
1154.3555
1162.545
1169.8791
1177.5005
1185.2507
1192.0015
1200.3011
1208.5276
1214.5481
1221.7726
1231.263
1240.9414
1247.7189
1256.9527
