4.0
4.0
4.063200000000019
4.130100000000008
4.1985000000000205
4.26529999999999
4.321599999999996
4.383499999999968
4.445699999999996
4.513900000000003
4.571299999999999
4.639700000000032
4.706799999999999
4.769500000000005
4.824200000000008
4.884199999999986
4.944899999999986
4.99660000000002
5.061300000000012
5.116699999999999
5.173799999999992
5.242299999999998
5.298100000000011
5.349999999999999
5.407499999999995
5.462200000000013
5.523199999999977
5.580900000000001
5.642900000000003
5.697099999999996
5.756499999999991
5.817300000000017
5.872300000000006
5.9262000000000015
5.983399999999996
6.044199999999991
6.1018999999999926
6.153900000000009
6.210200000000016
6.2671000000000125
6.318299999999998
6.374999999999984
6.425999999999988
6.479100000000015
6.5341000000000085
6.590000000000015
6.6402999999999945
6.7000999999999955
6.748799999999998
6.799000000000012
6.852700000000015
6.904300000000003
6.9553
7.006899999999997
7.050799999999991
7.102399999999991
7.151099999999994
7.202999999999997
7.252000000000007
7.3028999999999975
7.3531999999999975
7.408
7.4572
7.511200000000003
7.563799999999997
7.612200000000003
7.6665
7.7211
7.772699999999997
7.8297
7.891200000000003
7.945099999999993
7.996800000000006
8.062999999999986
8.11519999999993
8.175100000000036
8.22889999999998
8.293900000000034
8.345299999999959
8.404999999999994
8.461999999999993
8.525800000000002
8.58340000000001
8.64400000000002
8.700600000000014
8.76889999999999
8.831299999999978
8.901500000000002
8.962100000000007
9.020100000000062
9.083499999999956
9.148699999999995
9.218300000000042
9.28789999999999
9.353999999999973
9.415600000000012
9.486599999999946
9.548699999999993
9.613500000000021
9.67169999999995
9.738800000000014
9.806299999999998
9.874700000000004
9.947199999999972
10.013399999999985
10.07900000000001
10.14839999999999
10.212900000000019
10.272600000000013
10.338100000000031
10.40460000000004
10.471800000000007
10.543699999999951
10.611400000000016
10.679299999999957
10.744900000000015
10.81420000000001
10.878200000000042
10.948300000000009
11.02340000000001
11.089499999999967
11.16089999999999
11.228399999999999
11.296299999999986
11.375299999999948
11.444299999999986
11.514400000000018
11.570700000000024
11.617600000000012
11.652399999999975
11.698000000000004
11.739200000000015
11.784699999999997
11.825299999999974
11.860999999999985
11.900100000000007
11.939200000000003
11.976500000000023
12.010600000000023
12.054000000000036
12.08329999999999
12.121699999999993
12.158199999999992
12.193600000000028
12.230900000000025
12.27070000000003
12.31070000000003
12.333799999999956
12.373
12.402500000000014
12.434499999999977
12.468099999999973
12.50010000000001
12.522000000000025
12.557200000000014
12.585200000000013
12.613700000000032
12.650800000000027
12.675000000000015
12.700599999999998
12.731399999999976
12.759900000000012
12.785299999999985
12.818700000000023
12.854500000000021
12.880499999999968
12.909300000000023
12.933500000000013
12.961900000000012
12.983599999999976
13.00819999999998
13.0326
13.0584
13.080600000000016
13.111600000000008
13.144799999999965
13.163999999999994
13.19070000000004
13.214300000000023
13.24360000000003
13.272800000000018
13.299699999999977
13.326599999999967
13.340799999999994
13.363499999999988
13.383800000000026
13.404000000000012
13.426599999999988
13.444999999999988
13.473300000000005
13.493999999999996
13.516900000000012
13.5375
13.555900000000017
13.579000000000006
13.59929999999999
13.621599999999988
13.644900000000005
13.662300000000014
13.682899999999997
