17.0
17.0
16.89809999999998
16.800199999999975
16.69779999999998
16.59930000000015
16.489500000000046
16.389500000000012
16.293000000000006
16.19319999999992
16.093300000000173
15.990499999999948
15.8888
15.783
15.6828
15.578799999999994
15.4793
15.380100000000006
15.277400000000013
15.173700000000004
15.0735
14.9738
14.873099999999994
14.774899999999988
14.678799999999997
14.578300000000002
14.471599999999993
14.3747
14.2729
14.165900000000006
14.068199999999988
13.972799999999994
13.877199999999982
13.77139999999998
13.668100000000003
13.5651
13.470899999999995
13.372800000000026
13.2724
13.1705
13.067300000000023
12.964000000000002
12.8639
12.771100000000002
12.671300000000018
12.568600000000023
12.476000000000024
12.382000000000005
12.28299999999999
12.17489999999999
12.078499999999996
11.982099999999985
11.883800000000026
11.787700000000047
11.692600000000025
11.601400000000035
11.509500000000005
11.42119999999996
11.326399999999984
11.229499999999998
11.131499999999994
11.034100000000002
10.936399999999985
10.837099999999957
10.743799999999986
10.648300000000027
10.554200000000003
10.457499999999975
10.364799999999995
10.266300000000003
10.17359999999999
10.076400000000007
9.98
9.888900000000012
9.800300000000044
9.705500000000013
9.607600000000046
9.512800000000002
9.415800000000024
9.320600000000022
9.228499999999972
9.134699999999999
9.042199999999987
8.949500000000025
8.859599999999961
8.77040000000001
8.677199999999928
8.580199999999977
8.483900000000007
8.386600000000008
8.28999999999996
8.201400000000023
8.10519999999996
8.010099999999989
7.9103
7.8162
7.7325
7.638500000000001
7.547799999999997
7.456400000000005
7.3582000000000045
7.262099999999987
7.175400000000006
7.08820000000001
6.996499999999994
6.906699999999983
6.813699999999997
6.724
6.633800000000016
6.549899999999994
6.457099999999998
6.361000000000007
6.27360000000001
6.185400000000013
6.10550000000002
6.0168999999999935
5.931300000000005
5.83420000000001
5.7450000000000125
5.657000000000009
5.575899999999987
5.490299999999996
5.405600000000007
5.3211
5.231100000000032
5.148100000000008
5.060500000000004
4.988800000000015
4.937199999999986
4.893400000000011
4.849700000000021
4.803200000000009
4.759100000000016
4.716699999999996
4.673000000000012
4.629800000000006
4.589500000000014
4.545400000000001
4.507200000000006
4.464199999999986
4.425299999999992
4.379400000000008
4.337999999999994
4.295899999999984
4.2555999999999905
4.2144999999999975
4.17599999999998
4.131700000000012
4.093799999999984
4.048300000000009
4.006199999999984
3.9616
3.9203999999999994
3.8798
3.8411000000000013
3.8000000000000016
3.7626
3.7218000000000013
3.6806999999999994
3.6419000000000015
3.6041000000000016
3.5657000000000014
3.527700000000002
3.4920000000000013
3.4566
3.420499999999997
3.3845000000000045
3.3436999999999943
3.3100999999999976
3.2706999999999997
3.231900000000008
3.191499999999996
3.154999999999998
3.119800000000002
3.0853999999999995
3.0542000000000007
3.024100000000007
2.990500000000004
2.957900000000004
2.924900000000009
2.8915000000000033
2.8592999999999997
2.8243999999999923
2.7903
2.7566000000000015
2.7252999999999923
2.693399999999999
2.657099999999998
2.622600000000002
2.589800000000006
2.56029999999999
2.5315000000000096
2.5016999999999974
2.4702999999999977
2.438899999999999
2.4085000000000063
2.3757000000000024
2.3493000000000066
2.3191999999999924
2.289600000000012
