4.0
4.0
3.9112
3.8108
3.7413
3.6615
3.5972
3.5457
3.4922
3.4617
3.4009
3.3832
3.3552
3.3395
3.3177
3.3086
3.2921
3.2882
3.2739
3.281
3.2775
3.2725
3.2556
3.2666
3.2765
3.2806
3.2827
3.3042
3.3058
3.3103
3.3344
3.3511
3.3689
3.3748
3.396
3.4011
3.4271
3.4397
3.4504
3.4921
3.492
3.5254
3.5582
3.5928
3.601
3.6509
3.6996
3.7471
3.7884
3.852
3.897
3.9448
3.9729
4.0198
4.1138
4.1995
4.2839
4.3922
4.4875
4.5713
4.6578
4.7578
4.8594
4.9484
5.0286
5.1324
5.2128
5.2803
5.3691
5.4503
5.5289
5.6517
5.7421
5.8165
5.9141
5.9928
6.0662
6.1558
6.2492
6.3133
6.3913
6.4843
6.5441
6.5919
6.6868
6.7767
6.8419
6.9239
7.0084
7.0736
7.1508
7.2352
7.3059
7.3726
7.4565
7.5384
7.6167
7.668
7.734
7.8198
7.8834
7.957
8.0122
8.0861
8.1597
8.2352
8.2899
8.3605
8.4012
8.4661
8.5413
8.602
8.6818
8.7621
8.8328
8.9226
8.9861
9.0571
9.0984
9.1793
9.2548
9.3127
9.3549
9.4342
9.4854
9.5735
9.6479
9.6943
9.7213
9.801
9.8198
9.8733
9.8898
9.9096
9.9206
9.9482
9.98
9.9908
10.0155
10.0462
10.0595
10.0862
10.1083
10.1448
10.174
10.2252
10.2637
10.2712
10.2644
10.3027
10.3125
10.3196
10.3309
10.3454
10.3732
10.3697
10.3992
10.4228
10.4653
10.4854
10.5184
10.5145
10.5509
10.6036
10.5964
10.5975
10.6322
10.6693
10.6662
10.6516
10.6804
10.6801
10.6987
10.7287
10.807
10.7901
10.8229
10.8504
10.846
10.854
10.861
10.8826
10.8929
10.9161
10.9246
10.9421
10.9295
10.9361
10.9502
10.9807
10.9944
10.9994
10.993
10.9841
11.0106
11.0251
11.0239
11.0232
11.0052
11.0018
