30.0
30.0
29.9884
29.97990000000001
29.9701
29.953599999999987
29.933999999999976
29.9109
29.897199999999987
29.881999999999987
29.872600000000013
29.854700000000012
29.836500000000022
29.821100000000012
29.801099999999995
29.78089999999999
29.759999999999987
29.744
29.7237
29.701900000000013
29.68179999999999
29.6642
29.647000000000006
29.631099999999975
29.6143
29.594000000000012
29.577199999999987
29.557100000000013
29.534600000000022
29.5111
29.492799999999995
29.463000000000036
29.4379
29.412599999999966
29.39160000000001
29.368800000000007
29.34730000000002
29.320900000000012
29.290900000000022
29.265700000000024
29.23160000000001
29.21189999999999
29.1857
29.160700000000013
29.1339
29.114699999999978
29.089000000000013
29.059699999999964
29.03379999999999
29.00609999999999
28.9821
28.957999999999988
28.931599999999978
28.90539999999999
28.8981
28.891100000000034
28.884500000000024
28.875599999999988
28.85790000000001
28.84609999999997
28.83060000000002
28.81660000000001
28.80030000000001
28.78689999999997
28.77100000000001
28.74889999999998
28.72850000000001
28.706499999999952
28.686200000000028
28.66929999999998
28.654800000000023
28.632799999999982
28.615999999999993
28.59270000000001
28.568999999999964
28.54840000000001
28.523899999999976
28.500599999999977
28.483200000000053
28.450699999999987
28.425699999999978
28.3994
28.378299999999978
28.349200000000007
28.323699999999977
28.29850000000001
28.275599999999994
28.252999999999954
28.22420000000001
28.196799999999993
28.165699999999994
28.13380000000003
28.101200000000023
28.071299999999965
28.044599999999978
28.01710000000001
27.986099999999976
27.95769999999997
27.9281
27.895100000000024
27.866299999999978
27.830000000000005
27.797200000000064
27.76459999999995
27.725800000000017
27.688999999999965
27.658000000000012
27.621599999999987
27.5922
27.561600000000077
27.526900000000012
27.493199999999987
27.457599999999964
27.424399999999988
27.391099999999987
27.357199999999942
27.3226
27.292799999999943
27.25910000000001
27.226899999999954
27.19669999999996
27.1635
27.126300000000004
27.09220000000003
27.052799999999966
27.017199999999978
26.98489999999999
26.940100000000022
26.882499999999983
26.8301
26.777199999999954
26.72539999999994
26.67530000000004
26.62310000000001
26.572399999999984
26.5209
26.473499999999987
26.422500000000042
26.370799999999964
26.328499999999966
26.276400000000017
26.22800000000005
26.17830000000005
26.130500000000012
26.07679999999994
26.029300000000056
25.989399999999968
25.947300000000016
25.898799999999998
25.852600000000027
25.81030000000003
25.76060000000001
25.716000000000015
25.667600000000064
25.62409999999995
25.57500000000004
25.532200000000014
25.487599999999958
25.44440000000007
25.404900000000055
25.357199999999974
25.31010000000005
25.269199999999927
25.223999999999997
25.18169999999998
25.13409999999993
25.08950000000002
25.04689999999999
25.00710000000001
24.96210000000008
24.9195
24.875699999999988
24.824999999999967
24.783599999999943
24.74619999999992
24.711199999999938
24.66379999999997
24.617100000000008
24.576200000000004
24.53549999999998
24.491099999999967
24.44649999999999
24.40140000000004
24.356399999999958
24.310899999999954
24.26159999999997
24.225299999999958
24.1837999999999
24.143699999999978
24.100099999999994
24.056599999999925
24.01799999999984
23.977600000000034
23.93020000000001
23.885100000000033
23.845900000000036
23.79730000000004
23.75450000000004
23.71170000000002
23.66959999999995
