8.0
8.0
7.9498
7.84
7.8173
7.7527
7.7504
7.7733
7.8036
7.8813
7.8433
7.9406
8.0304
8.1241
8.2249
8.3332
8.4247
8.5328
8.6225
8.7758
8.8789
9.0119
9.058
9.2268
9.4007
9.5088
9.6307
9.7952
9.8934
10.0035
10.1842
10.3673
10.5373
10.653
10.8072
10.8801
11.0325
11.1447
11.2352
11.5009
11.5662
11.802
12.0484
12.2768
12.3504
12.6001
12.8696
13.1647
13.4442
13.7986
14.0604
14.3452
14.5289
14.7818
15.2184
15.6645
16.0379
16.5922
17.0597
17.5087
17.9564
18.5272
19.0478
19.4874
19.8978
20.4814
20.9058
21.2293
21.7985
22.2591
22.7001
23.4287
23.9361
24.3413
24.9043
25.3206
25.7462
26.2464
26.835
27.2189
27.7187
28.2981
28.6641
28.9161
29.506
30.1299
30.5467
31.1059
31.6054
32.017
32.4914
32.9824
33.4463
33.9516
34.4601
34.9964
35.4949
35.7794
36.2102
36.742
37.2198
37.6778
38.1158
38.6233
39.0863
39.637
40.1315
40.5285
40.744
41.2339
41.7777
42.1338
42.6964
43.2685
43.829
44.4854
44.9033
45.4535
45.812
46.4275
46.9634
47.3287
47.6431
48.2478
48.63
49.2425
49.8693
50.2269
50.4617
51.0562
51.2934
51.7873
51.9416
52.1868
52.33
52.5944
52.9506
53.1086
53.3563
53.6698
53.9279
54.25
54.5301
55.0438
55.278
55.6918
56.0823
56.1522
56.1486
56.6197
56.8649
56.9396
57.1551
57.3356
57.5714
57.5197
57.7856
57.9996
58.4351
58.6806
58.9134
58.8903
59.3413
59.9254
59.9192
59.9929
60.353
60.7303
60.7612
60.7074
61.032
61.0281
61.2109
61.4987
62.3104
62.2129
62.6225
62.9406
62.9198
62.9962
63.071
63.358
63.5943
63.9513
63.9584
64.0701
64.0127
64.2083
64.4766
64.8185
65.0602
65.1538
65.3008
65.3925
65.7124
65.9771
66.0041
66.1184
66.0152
66.0938
