14.0
14.0
13.98809999999999
13.974799999999997
13.954499999999994
13.935599999999997
13.921800000000006
13.905599999999994
13.880400000000018
13.86049999999998
13.837599999999995
13.817000000000005
13.795600000000006
13.764699999999994
13.735300000000006
13.707199999999995
13.685900000000029
13.652700000000022
13.6192
13.590100000000014
13.567699999999983
13.5333
13.497600000000011
13.4639
13.426899999999995
13.391600000000002
13.359899999999994
13.325899999999985
13.289999999999994
13.244099999999971
13.201199999999965
13.164699999999986
13.124500000000006
13.0835
13.048299999999987
13.002099999999999
12.961100000000005
12.919400000000062
12.876799999999996
12.827799999999982
12.784599999999989
12.737200000000046
12.694999999999975
12.646599999999982
12.603400000000002
12.556800000000035
12.506499999999999
12.454699999999992
12.403500000000008
12.35649999999998
12.309600000000039
12.266899999999975
12.213100000000034
12.17029999999996
12.129299999999994
12.089899999999972
12.045700000000016
12.014999999999985
11.975400000000011
11.935399999999944
11.886000000000003
11.837899999999959
11.795000000000039
11.7527
11.710099999999983
11.666200000000005
11.619600000000013
11.573099999999988
11.519599999999969
11.472899999999992
11.430499999999999
11.385900000000015
11.334800000000056
11.287700000000042
11.248299999999965
11.204500000000008
11.156199999999965
11.109299999999974
11.059299999999988
11.00720000000003
10.965699999999975
10.92299999999999
10.867000000000022
10.818799999999996
10.762899999999947
10.7102
10.656099999999995
10.606299999999957
10.548200000000012
10.500500000000022
10.446400000000008
10.402300000000011
10.349800000000052
10.298900000000012
10.247000000000025
10.198799999999979
10.139799999999997
10.08970000000001
10.03770000000002
9.984800000000012
9.934199999999995
9.874100000000018
9.820600000000018
9.764800000000019
9.714999999999996
9.659799999999985
9.610500000000007
9.55660000000002
9.499399999999968
9.444199999999988
9.393700000000003
9.343900000000039
9.291500000000076
9.244099999999978
9.19519999999998
9.144999999999985
9.08889999999997
9.03239999999996
8.975900000000061
8.918600000000026
8.86739999999998
8.8148
8.760399999999985
8.703399999999986
8.64729999999998
8.594100000000015
8.534999999999977
8.487399999999974
8.424400000000073
8.362599999999977
8.301099999999987
8.242600000000015
8.189000000000032
8.134000000000016
8.074999999999985
8.015200000000009
7.955200000000003
7.8979
7.8386
7.7842
7.721499999999997
7.654899999999997
7.591799999999991
7.5355
7.474400000000001
7.409699999999997
7.343899999999999
7.287199999999997
7.2198000000000055
7.155000000000006
7.0918
7.026500000000003
6.970300000000014
6.9143000000000026
6.853599999999994
6.792899999999997
6.7306999999999855
6.670999999999987
6.6092
6.548500000000007
6.492699999999988
6.435200000000018
6.375200000000013
6.315400000000001
6.2523000000000035
6.191200000000017
6.132400000000004
6.074600000000022
6.017699999999992
5.957199999999979
5.900100000000014
5.842699999999996
5.7821000000000025
5.717599999999988
5.659400000000019
5.600399999999995
5.544999999999998
5.4836
5.4257000000000115
5.3709999999999996
5.317100000000002
5.263399999999997
5.208799999999994
5.146999999999997
5.081799999999992
5.030099999999987
4.969999999999995
4.917799999999986
4.858499999999972
4.806400000000008
4.75309999999999
4.7062
4.653400000000007
4.599000000000018
4.549099999999988
4.500300000000033
4.44889999999999
4.396800000000007
4.343400000000009
4.294000000000016
