5.0
5.0
5.005400000000003
5.008799999999995
5.013099999999993
5.013999999999975
5.021199999999998
5.031200000000018
5.034899999999992
5.035700000000009
5.041100000000003
5.04780000000002
5.053199999999983
5.061499999999994
5.067299999999969
5.073599999999998
5.078599999999979
5.086700000000003
5.089999999999996
5.093299999999981
5.102000000000016
5.110800000000005
5.112300000000008
5.118500000000018
5.13030000000001
5.139900000000003
5.1458000000000075
5.154400000000005
5.162099999999976
5.170800000000004
5.182700000000004
5.187900000000014
5.197599999999979
5.203199999999977
5.206499999999982
5.21300000000001
5.219699999999985
5.230900000000009
5.238000000000011
5.247399999999991
5.254600000000012
5.260599999999999
5.268599999999999
5.277800000000021
5.284899999999995
5.290600000000004
5.296100000000017
5.301600000000008
5.310899999999997
5.318799999999996
5.324400000000006
5.331500000000001
5.33890000000001
5.3448000000000055
5.3402999999999885
5.3350000000000035
5.328800000000012
5.325599999999998
5.319799999999991
5.319500000000002
5.311600000000015
5.306600000000012
5.3013000000000075
5.295700000000002
5.295700000000002
5.294099999999996
5.293299999999997
5.2928999999999915
5.288799999999983
5.284999999999983
5.281999999999987
5.2795999999999905
5.271899999999995
5.2651000000000066
5.266100000000007
5.265200000000013
5.265300000000023
5.265199999999978
5.26200000000002
5.256699999999992
5.256500000000026
5.258600000000008
5.256300000000012
5.25469999999998
5.253900000000007
5.251500000000002
5.243800000000003
5.242100000000007
5.241799999999984
5.239699999999987
5.242000000000025
5.238300000000012
5.2393000000000045
5.236299999999996
5.236099999999993
5.236599999999993
5.2360999999999915
5.237500000000007
5.241699999999982
5.239400000000011
5.231500000000006
5.232199999999996
5.231400000000005
5.231999999999991
5.234599999999989
5.239400000000023
5.240699999999995
5.241499999999998
5.246199999999994
5.244899999999992
5.246199999999996
5.2470999999999925
5.246600000000043
5.244600000000008
5.242500000000008
5.242599999999989
5.244599999999999
5.2468000000000075
5.248600000000002
5.251200000000004
5.250599999999991
5.252299999999985
5.255900000000004
5.25719999999999
5.255899999999996
5.255500000000002
5.256499999999985
5.253600000000019
5.236399999999987
5.2270000000000065
5.214800000000004
5.200199999999987
5.1890999999999945
5.168900000000001
5.161299999999982
5.152300000000004
5.138700000000007
5.122000000000025
5.109800000000005
5.103899999999994
5.096399999999989
5.08999999999998
5.085199999999995
5.0708999999999955
5.063100000000008
5.052699999999995
5.042099999999991
5.035299999999997
5.026300000000009
5.018699999999987
5.010100000000001
4.997700000000003
4.984900000000016
4.976299999999996
4.9691999999999945
4.958399999999997
4.948900000000011
4.937900000000017
4.930499999999997
4.921699999999972
4.916100000000012
4.906999999999994
4.9008000000000385
4.890600000000013
4.878799999999993
4.866399999999997
4.853400000000032
4.848499999999976
4.839200000000003
4.830299999999973
4.825400000000001
4.817000000000003
4.813100000000009
4.805099999999997
4.796700000000003
4.789500000000021
4.780099999999978
4.777999999999988
4.771500000000007
4.763399999999983
4.75700000000002
4.743100000000011
4.734499999999998
4.723500000000001
4.7172000000000045
4.706499999999995
4.698500000000011
4.691800000000005
4.681500000000005
4.677499999999993
4.667600000000006
4.6621999999999915
4.656099999999991
4.646399999999975
4.639499999999994
4.6365000000000025
4.632999999999983
4.6259999999999755
4.6169999999999956
4.610499999999989
