0.0
0.0
1.0E-4
2.0E-4
3.0E-4
9.0E-4
0.0017
0.002
0.0029
0.0032
0.0041
0.0051
0.0054
0.0063
0.007
0.0079
0.0085
0.0102
0.011
0.0117
0.0126
0.0144
0.0152
0.0163
0.0168
0.0179
0.0194
0.0212
0.0221
0.0234
0.0254
0.0272
0.0278
0.0299
0.031
0.0335
0.0349
0.0357
0.0372
0.0385
0.0397
0.0414
0.0423
0.0452
0.0463
0.0468
0.0493
0.0501
0.0527
0.0537
0.0555
0.0579
0.0588
0.0611
0.0632
0.0645
0.0665
0.0708
0.0732
0.0761
0.0795
0.0817
0.0843
0.0881
0.0951
0.1
0.1033
0.1052
0.1101
0.1165
0.1181
0.1218
0.1275
0.1333
0.1377
0.1401
0.1469
0.1506
0.1557
0.1585
0.1618
0.1668
0.1735
0.1791
0.1836
0.1892
0.1965
0.2024
0.2093
0.2171
0.2251
0.2316
0.2367
0.2461
0.2575
0.2663
0.2734
0.2795
0.2871
0.3001
0.3065
0.3121
0.3225
0.3336
0.3437
0.3533
0.3618
0.3703
0.3772
0.3838
0.3929
0.4055
0.4145
0.4268
0.4336
0.4365
0.4497
0.4643
0.4852
0.4984
0.5074
0.5219
0.5275
0.5334
0.5415
0.5531
0.5664
0.5762
0.5831
0.6155
0.6312
0.648
0.659
0.6751
0.6898
0.7053
0.7143
0.7373
0.7537
0.7739
0.7964
0.8172
0.836
0.8472
0.8712
0.8848
0.9051
0.9303
0.959
0.9682
0.9892
1.0073
1.029
1.0447
1.0611
1.0833
1.1003
1.1148
1.1311
1.1485
1.16
1.1724
1.1903
1.2097
1.2261
1.2445
1.265
1.2888
1.3027
1.3236
1.3479
1.369
1.3851
1.3943
1.4109
1.4317
1.4552
1.4682
1.4922
1.5065
1.5299
1.5459
1.5687
1.5893
1.6033
1.6231
1.6379
1.6566
1.6774
1.7026
1.7166
1.734
1.7595
1.7728
1.7886
1.8002
1.8151
1.8247
1.8477
1.8618
