32768.0
32768.0
32720.462
32687.3282
32654.7597
32608.44
32573.6963
32539.4183
32517.3712
32489.9037
32457.9125
32427.3047
32395.4395
32372.9741
32342.37
32306.4016
32280.5149
32252.9465
32227.9637
32200.1924
32171.9251
32145.5997
32125.6416
32093.3925
32073.5317
32058.29
32034.2775
32017.2665
31991.1264
31977.3257
31955.8418
31935.5806
31907.075
31888.9061
31862.8027
31842.1553
31821.2379
31794.0294
31780.7701
31766.7455
31748.9649
31732.3233
31705.4221
31683.554
31660.5503
31636.8685
31618.771
31607.4825
31596.3101
31586.122
31583.2946
31570.1584
31552.5942
31535.5846
31504.6441
31470.6609
31424.969
31379.5208
31343.9819
31300.5388
31259.0033
31217.5961
31176.0521
31132.2167
31087.4097
31042.5699
31001.4192
30955.3412
30909.4136
30874.9542
30834.9671
30794.5386
30745.2638
30696.6381
30651.8339
30609.1277
30563.5429
30515.1958
30464.5067
30423.6384
30373.2999
30330.5716
30280.479
30225.3529
30183.4169
30139.8285
30100.2221
30046.47
29997.4313
29954.0414
29905.4323
29860.9615
29810.6974
29767.7861
29722.2736
29676.4171
29631.4277
29589.9687
29546.6609
29485.3627
29442.7324
29398.3093
29356.2064
29312.5785
29271.63
29230.8825
29184.3744
29146.0083
29101.0498
29067.5021
29025.7932
28979.1496
28935.7158
28889.0129
28843.4298
28796.9689
28759.5182
28723.1507
28676.5062
28639.3247
28594.3447
28553.6043
28510.2565
28470.5912
28423.1371
28373.5984
28327.4895
28290.816
28279.4548
28279.9376
28281.3445
28283.7335
28286.247
28290.6682
28294.243
28295.0838
28299.2095
28303.5712
28308.8572
28310.8013
28313.9525
28321.535
28322.6862
28328.4391
28338.0226
28343.08
28351.8821
28362.2898
28373.2928
28380.1463
28388.7126
28395.7399
28405.3037
28416.5132
28422.8279
28425.1268
28433.2789
28435.0651
28446.231
28451.6084
28457.9052
28461.3753
28459.3336
28468.3803
28473.9869
28478.013
28489.7322
28494.4156
28496.432
28500.9589
28508.6303
28512.6792
28512.7044
28519.4677
28529.4578
28533.6472
28543.3729
28551.4266
28559.1214
28569.5955
28576.6759
28589.2268
28596.0164
28602.7105
28609.4642
28615.2815
28620.2147
28627.4942
28637.4424
28641.7562
28648.0559
28652.0429
28656.9736
28661.4541
28666.8905
28671.8117
28681.6445
28690.1499
28695.8411
28711.763
