15.0
15.0
15.005399999999991
15.018299999999991
15.034400000000005
15.0459
15.057099999999991
15.069600000000012
15.085000000000006
15.0972
15.1098
15.126100000000003
15.1352
15.154
15.1747
15.1929
15.2099
15.223300000000009
15.235900000000012
15.257199999999994
15.2704
15.2864
15.303900000000002
15.3165
15.329500000000003
15.349199999999998
15.365000000000006
15.382099999999994
15.398
15.4161
15.426799999999995
15.4414
15.457899999999997
15.473299999999995
15.492500000000005
15.510299999999997
15.524600000000003
15.544399999999998
15.559
15.5794
15.592400000000007
15.605
15.6195
15.6326
15.6429
15.6533
15.672
15.6832
15.6988
15.7121
15.7285
15.7399
15.7524
15.7657
15.7812
15.7969
15.8129
15.8287
15.8438
15.8573
15.8716
15.8844
15.8968
15.9095
15.9217
15.9332
15.9404
15.95
15.959
15.9655
15.9767
15.9887
16.004199999999926
16.013400000000086
16.019899999999936
16.030099999999877
16.03969999999994
16.05009999999997
16.060200000000062
16.0674
16.07149999999997
16.079199999999958
16.08810000000008
16.092600000000036
16.097400000000054
16.10300000000003
16.110300000000045
16.118000000000094
16.122899999999984
16.12970000000002
16.1319
16.134899999999973
16.144200000000065
16.150600000000065
16.155599999999954
16.15699999999991
16.160199999999815
16.16630000000003
16.17140000000004
16.174900000000065
16.17870000000013
16.181799999999928
16.18610000000004
16.188600000000037
16.194599999999955
16.193100000000047
16.19620000000005
16.19909999999997
16.202500000000125
16.206099999999946
16.21110000000002
16.216200000000086
16.217000000000017
16.222199999999937
16.222700000000046
16.226199999999967
16.2289
16.22829999999994
16.227699999999967
16.226599999999895
16.230900000000094
16.23670000000004
16.236900000000105
16.2375000000001
16.239100000000064
16.240399999999973
16.244699999999916
16.23729999999994
16.223999999999894
16.207500000000024
16.195500000000102
16.181999999999977
16.16690000000002
16.151700000000034
16.133599999999923
16.115499999999972
16.100100000000072
16.087700000000062
16.07240000000003
16.060500000000076
16.043899999999923
16.03040000000001
16.014899999999905
15.999999999999908
15.982399999999954
15.968100000000023
15.951600000000003
15.9389
15.925800000000002
15.9101
15.8998
15.8847
15.8648
15.851
15.839
15.8218
15.809
15.7959
15.7795
15.763099999999998
15.7487
15.7353
15.7252
15.7116
15.6907
15.6715
15.6577
15.644100000000005
15.630199999999995
15.614600000000006
15.5998
15.589200000000003
15.5718
15.5525
15.5341
15.517800000000006
15.5027
15.4877
15.472400000000006
15.460899999999993
15.447999999999993
15.4336
15.4179
15.408
15.3915
15.380500000000003
15.366799999999994
15.3488
15.3339
15.3162
15.303400000000009
15.2857
15.271499999999989
15.2544
15.236499999999998
15.2199
15.2043
15.185999999999991
15.1713
15.1532
