27.0
27.0
26.7047
26.4316
26.1504
25.912
25.6997
25.4433
25.2754
25.0889
24.8402
24.8246
24.6895
24.529
24.436
24.3061
24.1738
24.1274
24.0654
24.0158
23.8843
23.8654
23.7295
23.6407
23.5967
23.5377
23.4241
23.344
23.4179
23.3309
23.3748
23.3332
23.2146
23.0764
23.0266
22.9325
22.8855
22.884
22.8834
22.8675
22.8984
22.9422
22.9169
22.8287
22.7504
22.7781
22.7773
22.8708
22.983
23.0407
23.1941
23.2557
23.3462
23.4218
23.5112
23.5418
23.7528
23.9555
24.0235
24.1259
24.1611
24.2083
24.3588
24.5219
24.5616
24.62
24.7562
24.873
25.026
25.048
25.1485
25.1565
25.3028
25.4732
25.44
25.6208
25.6688
25.7688
25.835
25.975
26.0275
26.1398
26.2793
26.3634
26.4207
26.5386
26.6166
26.7129
26.9632
27.1541
27.2814
27.4875
27.7044
27.8454
27.9744
28.1021
28.1821
28.3689
28.527
28.7268
28.9178
29.0664
29.2636
29.4141
29.4818
29.6228
29.8109
30.0648
30.2201
30.4266
30.5941
30.6845
30.9799
31.0455
31.2013
31.2901
31.4665
31.6339
31.7422
31.9182
31.9502
32.143
32.2323
32.4121
32.6204
32.7426
32.9916
33.2587
33.2616
33.5271
33.6421
33.8316
33.9654
34.2379
34.4431
34.4208
34.3675
34.5329
34.7059
35.0391
35.2095
35.2811
35.4303
35.3603
35.4927
35.5871
35.7965
36.0198
36.0484
36.1397
36.2517
36.5117
36.7424
36.88
36.9598
37.0445
37.3958
37.657
37.8736
38.0111
38.2739
38.2565
38.3333
38.6216
38.6937
38.8405
38.9703
39.2085
39.3323
39.4761
39.6228
39.7436
39.7719
39.8649
40.1669
40.5908
40.7764
40.8616
41.2298
41.4467
41.5321
41.6177
41.8137
42.0961
42.1996
42.2392
42.3113
42.3405
42.4969
42.5939
42.7985
42.9049
43.0943
43.0727
43.3463
43.2555
43.4368
43.5113
43.6947
43.9185
