16.0
16.0
16.6416
17.3207
18.0205
18.7051
19.3044
19.9605
20.6295
21.3653
21.9825
22.7281
23.4452
24.1403
24.7684
25.4456
26.1443
26.764
27.5079
28.1675
28.8598
29.6823
30.3647
31.0236
31.7379
32.4322
33.1924
33.9151
34.7001
35.3985
36.1769
36.9913
37.7229
38.4626
39.2254
40.0428
40.8437
41.5889
42.3768
43.1705
43.8831
44.7054
45.4616
46.2399
47.0415
47.848
48.5937
49.4805
50.218
51.009
51.8397
52.6299
53.4577
54.2509
54.975
55.8006
56.5697
57.4052
58.2088
59.0423
59.881
60.7524
61.5976
62.527
63.4288
64.2506
65.1797
66.1113
66.9659
67.9315
69.0086
69.9671
70.8836
72.074
73.043
74.1073
75.1005
76.2829
77.2433
78.342
79.4224
80.6104
81.7186
82.878
83.9742
85.2839
86.4911
87.8425
89.0217
90.1707
91.4687
92.7635
94.1291
95.5181
96.8664
98.1638
99.5968
100.8505
102.2091
103.4661
104.9356
106.3911
107.8565
109.392
110.8336
112.2332
113.7894
115.2317
116.5834
118.0597
119.563
121.1614
122.7983
124.3696
125.9835
127.5057
129.115
130.5886
132.2679
134.0068
135.6371
137.3223
138.982
140.6193
142.5187
144.2455
145.993
147.4677
148.7688
149.7934
151.092
152.3204
153.5527
154.7251
155.7912
156.8847
158.023
159.0609
160.1372
161.3392
162.2579
163.3787
164.4494
165.5298
166.6035
167.7863
168.8619
169.5784
170.723
171.6577
172.6073
173.5857
174.6501
175.371
176.4104
177.2768
178.0855
179.285
180.056
180.8184
181.787
182.7081
183.5687
184.6077
185.7583
186.5049
187.4183
188.1811
189.1119
189.8894
190.7134
191.5436
192.3344
193.1198
194.1496
195.1772
195.8642
196.6901
197.4119
198.4012
199.3114
200.2355
201.1214
201.6788
202.3905
203.0692
203.7092
204.4918
205.1548
206.1341
206.831
207.6445
208.3367
208.9803
209.8608
210.5847
211.415
212.2459
212.8199
213.5071
