1024.0
1024.0
1022.9866
1022.2768
1021.5761
1020.585
1019.8361
1019.0953
1018.613
1018.0167
1017.3253
1016.6611
1015.9711
1015.4813
1014.8204
1014.0366
1013.4697
1012.8693
1012.3213
1011.7156
1011.0921
1010.5175
1010.07
1009.3603
1008.9171
1008.57
1008.0357
1007.6541
1007.0784
1006.7591
1006.2768
1005.823
1005.194
1004.7845
1004.2123
1003.7419
1003.2685
1002.6688
1002.3617
1002.0369
1001.6347
1001.2509
1000.6577
1000.1652
999.6483
999.1209
998.7122
998.4385
998.1757
997.9328
997.8398
997.5372
997.1314
996.7376
996.0423
995.2927
994.2966
993.3062
992.5247
991.5714
990.6635
989.7539
988.8429
987.8887
986.8995
985.9159
985.0188
984.0096
983.0144
982.2482
981.3691
980.4732
979.393
978.3165
977.3397
976.3983
975.3949
974.3276
973.2101
972.3096
971.2023
970.2636
969.1562
967.9543
967.0335
966.0763
965.1929
964.006
962.9191
961.9614
960.8793
959.9003
958.7946
957.8361
956.8248
955.8035
954.7947
953.8795
952.9195
951.5625
950.6128
949.6257
948.6824
947.7103
946.7976
945.8871
944.8408
943.9749
942.976
942.2111
941.2668
940.222
939.2424
938.2183
937.1942
936.1423
935.2988
934.4731
933.4376
932.5911
931.5773
930.6471
929.6753
928.7898
927.7207
926.6056
925.5699
924.7412
924.4656
924.4648
924.4773
924.5157
924.5466
924.6256
924.6834
924.6802
924.7647
924.8396
924.9518
924.9763
925.0293
925.176
925.182
925.2845
925.471
925.5626
925.7349
925.9428
926.1602
926.2807
926.45
926.5841
926.7737
926.9966
927.1109
927.1454
927.3041
927.3239
927.552
927.6528
927.7706
927.8363
927.7808
927.9675
928.0709
928.136
928.3734
928.455
928.4894
928.5727
928.7237
928.8078
928.7896
928.9215
929.125
929.1954
929.4021
929.56
929.7108
929.9133
930.0391
930.2886
930.4174
930.5415
930.6726
930.7809
930.8719
931.0148
931.2204
931.2976
931.4115
931.4731
931.5788
931.6555
931.7639
931.8543
932.0527
932.2119
932.3169
932.6456
