64.0
64.0
68.7486
73.8021
79.0851
84.2921
89.0284
94.2275
99.6333
105.6241
110.6291
116.8037
122.734
128.6593
134.1218
140.006
146.2023
151.8772
158.5095
164.5595
171.0804
178.8061
185.2861
191.7562
198.7371
205.618
213.11
220.2813
228.1085
235.1671
243.2509
251.9481
259.6849
267.669
275.7686
284.5504
293.4395
301.8903
310.6748
319.4809
327.4959
337.0164
345.747
354.8415
364.2367
373.5128
382.4203
392.9345
401.859
411.7852
422.1613
431.9305
442.6789
452.7553
462.4016
473.1158
483.1269
494.1036
504.7432
515.6577
526.9058
538.282
549.8608
562.5898
575.1422
586.4262
599.0691
611.8479
623.4345
636.8607
652.2306
665.9669
679.1016
696.4136
710.8568
726.2707
741.0167
758.4589
772.9019
789.4004
806.024
823.99
841.282
859.3042
876.4608
896.8211
916.0583
937.3691
955.9865
974.6421
996.3823
1017.5567
1039.5659
1062.3029
1084.8678
1106.9866
1130.4138
1151.0259
1174.4595
1196.4315
1222.3616
1247.8007
1273.4315
1299.8596
1325.508
1349.6492
1377.747
1404.0363
1428.4362
1455.3691
1482.9372
1513.4064
1543.6997
1573.4938
1604.3297
1632.9259
1663.225
1691.2466
1724.1241
1757.108
1789.6527
1822.3083
1855.731
1888.1545
1925.4173
1960.5833
1996.1116
2026.6737
2055.1078
2078.221
2106.88
2134.9952
2161.8157
2188.4045
2212.8206
2237.3109
2263.6864
2286.3215
2311.6942
2338.4808
2360.1041
2386.0547
2410.4596
2435.4712
2460.1475
2487.4285
2510.7179
2527.3754
2553.7372
2576.5799
2598.7513
2621.2915
2648.0691
2666.3214
2690.5918
2711.7314
2730.7829
2760.2824
2778.447
2796.214
2819.2482
2841.8025
2863.6259
2888.8809
2917.0627
2934.2967
2957.1141
2976.2285
3001.0861
3021.6944
3043.6442
3065.1126
3084.7308
3106.38
3132.5188
3157.4184
3176.0904
3196.9101
3215.4077
3241.615
3264.053
3288.6817
3312.216
3328.0306
3345.7923
3363.8954
3380.3364
3401.5654
3419.003
3444.9315
3462.792
3485.0179
3502.7157
3520.4761
3545.3572
3565.4613
3588.5836
3611.4861
3625.6443
3643.4855
