17.0
17.0
17.05380000000003
17.115599999999958
17.17839999999999
17.24039999999998
17.310000000000013
17.381500000000013
17.449400000000008
17.51329999999996
17.585699999999964
17.654100000000017
17.72319999999995
17.79719999999997
17.86769999999993
17.942100000000014
18.011200000000073
18.084600000000034
18.159099999999967
18.23510000000003
18.30689999999995
18.382799999999968
18.458999999999996
18.536500000000117
18.60999999999997
18.693300000000036
18.77690000000005
18.864000000000022
18.94319999999988
19.023600000000165
19.10099999999993
19.185399999999955
19.26340000000007
19.34019999999995
19.418500000000016
19.499400000000133
19.574600000000114
19.656899999999954
19.737899999999957
19.825600000000122
19.908300000000047
19.98900000000002
20.077599999999897
20.165699999999987
20.255800000000132
20.335599999999936
20.41970000000004
20.50439999999999
20.595299999999984
20.68069999999994
20.763999999999896
20.84869999999992
20.934399999999975
21.018799999999995
21.06909999999998
21.12879999999996
21.19089999999995
21.25180000000009
21.302700000000048
21.35980000000002
21.408599999999897
21.462899999999955
21.520800000000026
21.57299999999997
21.628400000000013
21.68290000000012
21.740500000000004
21.79480000000002
21.845600000000058
21.897499999999955
21.95339999999995
22.008199999999903
22.055399999999935
22.106100000000012
22.158600000000106
22.20599999999993
22.260800000000025
22.30529999999998
22.354000000000056
22.40640000000001
22.449700000000025
22.49809999999999
22.541200000000092
22.585900000000013
22.634800000000016
22.679499999999962
22.723000000000056
22.770099999999978
22.81280000000003
22.846599999999967
22.89479999999996
22.939900000000055
22.980600000000077
23.024899999999953
23.070599999999963
23.11610000000002
23.15980000000005
23.202700000000043
23.24229999999995
23.28689999999997
23.326999999999945
23.36749999999996
23.40690000000001
23.44499999999999
23.481900000000017
23.523999999999955
23.561099999999886
23.60010000000002
23.641200000000033
23.673700000000004
23.708200000000037
23.740700000000054
23.77989999999995
23.81209999999995
23.848499999999998
23.89380000000003
23.93570000000001
23.9765
24.013100000000012
24.052000000000007
24.08429999999997
24.12470000000005
24.16189999999991
24.19800000000004
24.231799999999986
24.269000000000055
24.302499999999934
24.340900000000033
24.38670000000002
24.434200000000082
24.478899999999996
24.52299999999998
24.564000000000025
24.607699999999998
24.649100000000054
24.695300000000042
24.741100000000092
24.783200000000033
24.826099999999993
24.868700000000153
24.910500000000095
24.956500000000005
24.9978
25.03750000000006
25.078900000000015
25.11570000000004
25.153299999999966
25.19600000000002
25.239300000000014
25.281900000000043
25.319200000000006
25.358899999999924
25.397400000000033
25.439400000000063
25.47929999999995
25.516399999999976
25.55509999999998
25.596000000000057
25.633400000000055
25.673499999999937
25.71190000000012
25.752800000000022
25.79189999999997
25.825899999999983
25.863699999999938
25.897499999999926
25.937499999999943
25.971500000000027
26.008199999999945
26.046099999999967
26.077399999999987
26.113099999999964
26.148699999999938
26.185899999999982
26.224800000000013
26.26400000000001
26.296599999999987
26.337799999999966
26.371400000000012
26.406999999999954
26.443999999999917
26.477700000000045
26.511999999999954
26.544600000000013
26.57900000000004
26.612799999999975
26.645399999999977
26.679
26.717400000000033
26.753000000000025
26.787400000000066
26.820600000000024
26.851299999999995
26.88020000000007
26.912900000000057
26.944299999999977
26.97869999999997
27.006899999999987
27.03739999999994
27.068600000000053
