3375.0
3375.0
3426.4149
3474.0405
3520.6748
3563.3581
3600.6142
3637.7136
3675.4041
3708.1553
3737.888
3771.0263
3798.7584
3826.6115
3852.0622
3877.2909
3898.8179
3921.4643
3939.5893
3957.3216
3975.0009
3990.9074
4007.7307
4021.3754
4040.0853
4055.8395
4068.8764
4082.8103
4094.0523
4107.3487
4117.9799
4129.1223
4138.2622
4147.881
4159.0419
4169.2023
4180.8095
4187.2116
4195.925
4203.9113
4212.8177
4222.8568
4230.1494
4237.077
4246.2789
4252.1372
4258.634
4265.0323
4272.7695
4279.7177
4282.371
4290.1769
4294.3509
4298.5978
4302.925
4302.61
4304.4929
4307.4396
4310.3262
4310.1903
4313.5855
4317.2883
4323.7688
4323.6719
4325.4402
4326.9896
4325.9554
4324.8132
4326.7206
4329.3067
4328.9839
4331.2966
4331.4674
4331.484
4334.6589
4334.3113
4336.2032
4335.7353
4337.1938
4340.2531
4340.7967
4338.2233
4341.7092
4342.3803
4342.504
4342.8824
4345.44
4343.2321
4343.7452
4346.9522
4345.9064
4341.6787
4341.8205
4342.2453
4342.3476
4341.0709
4339.4737
4337.7022
4337.8922
4337.6652
4339.7268
4339.3818
4339.4164
4337.2866
4337.8734
4338.3932
4339.6853
4338.4957
4339.932
4337.9563
4337.0457
4335.4024
4335.8031
4333.4085
4333.9801
4334.2982
4337.1978
4336.1396
4336.2739
4334.8888
4333.7033
4332.7426
4333.2424
4332.7017
4331.6194
4333.2975
4334.4535
4331.9851
4316.8676
4299.9243
4282.4846
4266.2553
4251.9504
4233.7806
4218.4777
4204.0285
4186.0174
4168.4604
4148.9617
4133.1552
4117.5383
4096.3228
4082.982
4065.799
4046.5224
4031.2825
4014.2634
3997.5595
3981.2873
3969.5486
3952.0672
3935.8832
3919.3627
3901.2831
3883.0471
3865.5918
3847.8669
3830.3109
3813.5582
3796.9448
3781.9304
3763.8406
3748.9502
3730.5628
3716.0918
3700.8201
3685.8173
3671.9466
3655.6781
3640.2573
3626.4545
3610.6997
3594.6452
3582.5073
3565.1568
3548.8455
3531.8965
3514.3286
3497.7595
3479.1043
3462.1585
3447.5274
3433.9197
3415.2201
3398.1929
3383.1768
3365.8141
3352.1945
3335.2137
3318.7826
3304.1723
3288.6792
3273.7319
3258.5239
3242.1655
3224.2004
3206.3432
3193.093
3178.3708
3164.7585
