3.0
3.0
1.4076000000000037
0.5398000000000044
0.20260000000000025
0.09399999999999978
0.06559999999999998
0.05230000000000005
0.04639999999999997
0.04770000000000003
0.04940000000000016
0.05060000000000002
0.049300000000000094
0.048500000000000064
0.04809999999999995
0.041700000000000105
0.04440000000000002
0.0440999999999999
0.04500000000000009
0.04769999999999994
0.043799999999999985
0.04489999999999985
0.04190000000000027
0.04729999999999997
0.04269999999999985
0.04020000000000002
0.04480000000000008
0.04039999999999987
0.04390000000000006
0.04360000000000001
0.043000000000000024
0.04199999999999997
0.04179999999999995
0.04090000000000003
0.03969999999999993
0.038400000000000066
0.04260000000000006
0.0426
0.037900000000000045
0.04049999999999995
0.040300000000000176
0.038999999999999854
0.03969999999999999
0.041399999999999985
0.042399999999999986
0.04279999999999998
0.04099999999999998
0.03520000000000022
0.03509999999999997
0.04159999999999997
0.04109999999999979
0.038600000000000044
0.03720000000000003
0.041299999999999996
0.04710000000000005
0.04889999999999997
0.04840000000000001
0.04500000000000009
0.046200000000000095
0.04429999999999997
0.04489999999999975
0.045300000000000104
0.04709999999999997
0.04209999999999999
0.039500000000000195
0.0410999999999999
0.041600000000000206
0.040100000000000094
0.037300000000000194
0.0393
0.03970000000000012
0.0411
0.039600000000000087
0.04139999999999997
0.04050000000000001
0.03879999999999982
0.040700000000000056
0.040999999999999884
0.041399999999999944
0.040699999999999875
0.03819999999999979
0.037799999999999896
0.036700000000000024
0.036100000000000236
0.03839999999999994
0.03769999999999998
0.03569999999999995
0.03300000000000014
0.03130000000000001
0.03610000000000013
0.03760000000000009
0.033899999999999986
0.034499999999999975
0.03749999999999999
0.03670000000000011
0.03669999999999995
0.036700000000000135
0.039199999999999895
0.03680000000000004
0.0361
0.033099999999999956
0.035399999999999904
0.03610000000000007
0.034700000000000016
0.03720000000000016
0.034300000000000115
0.035300000000000116
0.03359999999999991
0.03320000000000027
0.03469999999999991
0.031899999999999935
0.03210000000000013
0.03519999999999999
0.038699999999999825
0.03450000000000004
0.03350000000000008
0.03350000000000008
0.03389999999999992
0.0333000000000001
0.03359999999999986
0.036199999999999906
0.036199999999999996
0.037900000000000045
0.03430000000000012
0.03469999999999989
0.03369999999999998
0.03439999999999987
0.03730000000000015
0.04069999999999992
0.03959999999999993
0.04479999999999992
0.043299999999999915
0.04319999999999982
0.043399999999999855
0.04479999999999998
0.047100000000000065
0.04729999999999999
0.042500000000000066
0.04470000000000006
0.04289999999999983
0.04609999999999995
0.04370000000000015
0.045600000000000016
0.04710000000000002
0.04760000000000007
0.04510000000000009
0.04469999999999998
0.04449999999999998
0.04450000000000006
0.04460000000000008
0.042800000000000005
0.04320000000000003
0.04630000000000011
0.04510000000000009
0.04550000000000007
0.046700000000000005
0.04509999999999998
0.04610000000000001
0.04600000000000012
0.045500000000000054
0.04389999999999998
0.0442000000000001
0.043700000000000024
0.0473
0.04560000000000007
0.04749999999999999
0.05049999999999983
0.04909999999999998
0.0462000000000001
0.04900000000000012
0.0473000000000001
0.04580000000000011
0.04849999999999992
0.04930000000000009
0.048099999999999976
0.04730000000000001
0.04580000000000002
0.04579999999999989
0.04640000000000006
0.04740000000000007
0.04479999999999998
0.05040000000000006
0.04719999999999996
0.045200000000000094
0.047000000000000035
0.04729999999999984
0.04689999999999999
0.045300000000000104
0.04590000000000004
0.045500000000000096
0.04639999999999999
0.046999999999999834
0.046200000000000165
0.046200000000000206
0.04540000000000016
0.04619999999999999
0.046799999999999946
0.04309999999999994
0.04450000000000002
0.044100000000000174
