27000.0
27000.0
26980.7374
26968.9455
26953.4137
26920.6744
26878.761
26827.6707
26801.6704
26771.624
26756.3554
26718.9935
26680.1877
26649.6893
26605.9833
26562.2261
26515.9344
26481.9314
26437.5477
26387.2819
26343.3484
26305.1822
26269.4632
26235.3835
26200.6237
26152.5002
26117.357
26072.3309
26020.3802
25967.6839
25927.7698
25858.716
25802.4859
25745.7156
25699.5792
25647.6786
25599.8023
25537.0669
25466.2789
25410.3229
25332.956
25289.1363
25232.5397
25176.6355
25116.2991
25073.2419
25015.3948
24949.6523
24890.8678
24829.0971
24775.7271
24721.6952
24664.7162
24606.4714
24595.4595
24585.2837
24572.8901
24555.9816
24519.7989
24498.3809
24465.5376
24437.818
24399.2589
24371.3461
24337.1986
24286.8623
24242.7095
24192.5167
24147.4352
24113.3413
24083.6832
24034.2518
23997.5624
23945.9433
23891.919
23846.5096
23791.7249
23739.9966
23702.4174
23630.2445
23574.2845
23515.7708
23468.9671
23404.2268
23347.9087
23292.8347
23242.9542
23193.2582
23130.0458
23071.0024
23003.4263
22934.7028
22860.851
22796.2323
22736.2848
22676.1523
22610.1633
22548.5905
22485.4301
22412.4353
22350.5957
22269.4586
22199.866
22131.8162
22047.4012
21967.2122
21899.836
21819.4446
21755.1492
21689.7612
21616.9951
21543.627
21467.6182
21396.4892
21326.4089
21255.269
21181.618
21119.094
21047.5307
20979.2941
20915.3075
20845.9935
20768.6655
20698.5526
20616.672
20541.9874
20474.1683
20383.0693
20265.4597
20158.9589
20051.989
19948.0898
19846.5077
19743.8993
19642.2788
19539.2781
19441.4307
19340.1693
19240.2008
19155.7475
19053.9918
18962.3426
18865.9383
18774.5297
18671.0258
18580.4941
18505.5388
18429.1959
18339.3826
18251.9032
18174.1165
18082.0796
18000.1248
17912.144
17833.9475
17744.3892
17667.8608
17587.3418
17511.4142
17441.5923
17358.4734
17272.2243
17197.4474
17121.0822
17044.9797
16959.0469
16878.9995
16804.8959
16739.2551
16661.3055
16591.3185
16515.9573
16427.9892
16357.7388
16292.617
16236.0566
16156.517
16076.0151
16007.0882
15939.1065
15861.8865
15787.0507
15711.531
15634.6344
15557.2951
15475.3374
15417.1755
15350.2544
15283.9431
15211.3859
15141.2066
15077.4204
15012.0904
14935.1176
14862.0183
14799.0355
14720.0173
14653.1315
14583.9585
14519.1152
