729.0
729.0
731.7671
735.036
737.3865
739.6476
744.3905
748.3064
750.6162
755.6337
760.5858
764.61
770.067
776.197
780.472
787.6591
793.1352
801.369
809.2645
815.1273
824.518
830.2355
839.5891
847.34
857.8358
866.846
877.4581
884.0533
892.4492
902.6861
912.3498
922.2375
932.5331
940.6316
950.8798
963.5743
976.0452
985.7825
997.9185
1009.9227
1021.0522
1032.3683
1046.2168
1059.6814
1075.019
1087.9485
1100.0653
1113.2302
1126.199
1140.2262
1153.5954
1170.7142
1185.0665
1197.5901
1217.2923
1234.5378
1252.0388
1271.4376
1287.8198
1306.1234
1322.4515
1338.5738
1356.6782
1374.0672
1391.0498
1410.2225
1428.0227
1447.2075
1466.1023
1484.8562
1503.7857
1521.5937
1540.7505
1559.0792
1574.8601
1592.3483
1610.1871
1628.7417
1646.4525
1665.2094
1685.1553
1704.4442
1724.4707
1743.4539
1764.1745
1784.1903
1803.1093
1821.7049
1839.6747
1860.8135
1886.1576
1905.9778
1927.7393
1951.1111
1969.9731
1990.8012
2011.0806
2032.1398
2053.9651
2072.9887
2093.1699
2114.2508
2134.705
2155.3072
2177.9243
2200.2661
2220.1932
2241.1747
2262.4742
2282.886
2303.8933
2327.0552
2348.8346
2374.7363
2398.9495
2429.1787
2450.5886
2476.3351
2498.2226
2518.1383
2541.1146
2563.1679
2583.8479
2610.0765
2634.457
2658.5791
2682.9658
2709.0332
2732.5148
2761.3595
2791.3184
2821.2221
2851.1165
2879.3739
2906.7984
2934.7312
2963.4512
2992.6309
3021.2715
3053.9244
3083.8259
3108.4051
3137.1727
3166.6606
3196.6691
3224.2547
3254.2104
3285.0437
3318.2269
3345.2737
3375.5946
3396.9266
3426.9686
3455.9613
3485.0808
3515.4161
3546.4156
3575.0456
3605.6617
3634.0898
3664.5991
3697.1427
3724.8848
3755.1531
3789.8351
3819.1734
3844.2626
3875.5962
3906.595
3939.508
3975.4706
4004.8929
4036.3666
4067.5628
4101.5832
4133.1767
4166.631
4200.748
4234.8435
4264.2105
4300.2803
4332.6262
4360.8856
4391.6547
4423.826
4458.0477
4489.1584
4520.1764
4554.5349
4585.273
4614.4395
4645.2705
4678.0953
4713.8627
4746.6105
4782.5925
4815.6353
4848.4225
4886.7207
4920.2198
