27.0
27.0
8.0616
2.4592
0.7
0.2422
0.113
0.0715
0.0566
0.0561
0.0644
0.0722
0.0655
0.0575
0.0607
0.0573
0.0558
0.0585
0.0606
0.0639
0.057
0.0527
0.0521
0.0605
0.0619
0.0516
0.0568
0.0554
0.0625
0.0568
0.0508
0.0528
0.0556
0.0511
0.0517
0.0504
0.0516
0.0522
0.0445
0.0501
0.0511
0.0462
0.0481
0.048
0.0526
0.0524
0.05
0.0412
0.0441
0.05
0.0531
0.0446
0.0468
0.0491
0.0615
0.0717
0.0736
0.0564
0.0594
0.0521
0.0575
0.0567
0.0555
0.0511
0.0455
0.0507
0.0488
0.0431
0.0463
0.0483
0.0487
0.0519
0.0516
0.0564
0.0543
0.0514
0.0533
0.053
0.0552
0.0485
0.0466
0.0486
0.0475
0.0469
0.0474
0.0491
0.0435
0.0396
0.0451
0.0499
0.0532
0.0453
0.0447
0.0495
0.0463
0.0433
0.0433
0.0446
0.044
0.0427
0.0367
0.042
0.0403
0.0401
0.042
0.0391
0.0437
0.0402
0.0392
0.0419
0.0421
0.0393
0.0412
0.0459
0.0411
0.0389
0.0383
0.0435
0.0417
0.039
0.0422
0.0404
0.0451
0.0427
0.0437
0.0391
0.047
0.0493
0.0509
0.051
0.0556
0.0517
0.0582
0.056
0.0544
0.0597
0.0611
0.0533
0.0531
0.0501
0.0575
0.0551
0.057
0.0579
0.0596
0.0613
0.0591
0.0547
0.0547
0.0554
0.0524
0.0546
0.0589
0.0559
0.0557
0.0581
0.0583
0.0611
0.0622
0.0563
0.0613
0.0628
0.0617
0.0725
0.063
0.0679
0.0673
0.0671
0.0618
0.0664
0.0605
0.059
0.0653
0.0661
0.0601
0.0629
0.0602
0.0584
0.0638
0.0678
0.0598
0.0672
0.0598
0.0566
0.0608
0.0605
0.0595
0.0531
0.0543
0.0587
0.068
0.0644
0.0588
0.06
0.0568
0.057
0.0648
0.0551
0.0547
0.0585
