3.0
3.0
2.9816000000000025
2.9654000000000034
2.9513000000000065
2.9366000000000048
2.9205999999999954
2.906199999999998
2.8906000000000027
2.8780000000000063
2.867399999999994
2.8538000000000023
2.843099999999993
2.8326000000000033
2.8225999999999996
2.814499999999998
2.8072999999999935
2.8013000000000026
2.791100000000002
2.7864999999999966
2.781400000000002
2.775099999999997
2.7730000000000006
2.767799999999999
2.764200000000002
2.7565000000000026
2.753700000000003
2.7511999999999985
2.749899999999994
2.7428999999999917
2.738699999999991
2.7332
2.729000000000006
2.729200000000002
2.728500000000004
2.724599999999996
2.7225000000000064
2.721399999999991
2.720099999999991
2.71860000000001
2.7148000000000114
2.711999999999993
2.7081000000000013
2.699200000000006
2.699600000000004
2.698899999999999
2.697600000000003
2.696799999999999
2.6963999999999966
2.694199999999998
2.6937999999999898
2.696400000000006
2.697700000000006
2.7013000000000034
2.714200000000003
2.7331000000000025
2.747399999999993
2.762399999999999
2.779700000000002
2.7972000000000024
2.8099999999999987
2.823599999999997
2.838600000000001
2.853300000000003
2.8689000000000076
2.8831000000000024
2.898800000000009
2.915599999999998
2.929099999999995
2.9422999999999857
2.953100000000003
2.9703000000000115
2.9869999999999974
3.0041999999999893
3.02039999999999
3.035999999999995
3.0526999999999878
3.068799999999991
3.0851000000000037
3.0987000000000005
3.1154000000000006
3.1312999999999946
3.149800000000003
3.1656999999999895
3.1820000000000004
3.1963000000000057
3.212100000000007
3.2299999999999915
3.2488000000000015
3.265499999999994
3.284499999999981
3.3053999999999957
3.321999999999992
3.3410000000000015
3.3604000000000016
3.379000000000003
3.3958000000000035
3.4136999999999955
3.4313999999999987
3.4475000000000016
3.46779999999999
3.4882000000000044
3.509500000000009
3.5304000000000015
3.547399999999999
3.5656999999999948
3.5825000000000014
3.5996000000000015
3.619099999999997
3.6411
3.6610999999999985
3.6817
3.7043000000000013
3.7225
3.7387000000000015
3.7601
3.7826000000000013
3.804300000000001
3.823200000000001
3.8429
3.8614999999999986
3.881
3.9039999999999986
3.923299999999997
3.9465000000000043
3.9662000000000015
3.9866000000000037
4.012599999999974
4.035999999999981
4.062500000000014
4.0895000000000135
4.117700000000005
4.1451000000000064
4.174800000000007
4.208199999999992
4.236700000000016
4.264399999999987
4.292899999999995
4.325299999999973
4.35369999999999
4.385699999999979
4.414399999999991
4.444200000000038
4.477600000000001
4.508200000000021
4.538100000000014
4.570400000000006
4.606099999999982
4.638500000000007
4.673200000000015
4.703900000000002
4.739899999999985
4.773499999999978
4.809599999999977
4.845499999999978
4.883099999999989
4.9169999999999865
4.954500000000007
4.989299999999997
5.024800000000006
5.058900000000016
5.0925
5.125200000000008
5.1600000000000055
5.1932
5.232199999999987
5.263299999999998
5.2993
5.334099999999995
5.372099999999971
5.406799999999971
5.442899999999997
5.475999999999997
5.510099999999995
5.54280000000002
5.578200000000001
5.609900000000008
5.64560000000002
5.681299999999993
5.716700000000006
5.756300000000016
5.7918999999999965
5.829900000000001
5.866100000000019
5.902200000000005
5.936899999999996
5.976600000000008
6.008000000000002
6.046300000000012
6.082500000000009
6.1166000000000045
6.1507
6.189799999999984
6.223699999999982
6.258599999999997
6.291900000000005
6.326899999999985
6.361499999999996
6.397199999999988
6.431700000000009
