12167.0
12167.0
12146.9194
12128.244
12109.9517
12094.2235
12079.8505
12062.7318
12044.819
12023.6367
12018.0688
12010.8713
12002.5876
11993.3983
11982.6084
11984.7159
11983.6806
11981.0085
11976.2253
11977.6886
11981.5561
11978.4884
11981.2009
11988.5735
11990.8456
11991.9046
11994.5973
11995.7639
11997.6899
12000.6676
12002.7429
12012.6321
12025.9597
12028.4535
12040.0777
12048.2069
12061.7708
12071.641
12074.1294
12084.3787
12101.9121
12107.7598
12116.4898
12128.8948
12136.6048
12148.8129
12171.2679
12189.2248
12199.9339
12210.5869
12226.4053
12237.8889
12250.1776
12267.3115
12283.1547
12299.8827
12312.5519
12330.7995
12343.7434
12356.8581
12369.0017
12381.2565
12392.9384
12399.6821
12417.9608
12435.346
12444.0241
12463.4187
12469.5564
12484.9916
12499.2003
12514.4491
12525.735
12536.6962
12548.1773
12565.5892
12578.8719
12591.3448
12604.7713
12617.8434
12629.641
12648.2842
12659.1833
12670.3586
12686.9402
12694.7295
12712.8908
12723.5804
12728.2509
12746.1669
12760.1989
12775.5369
12786.3453
12800.8746
12812.1163
12823.5933
12834.336
12844.5527
12855.9449
12870.0764
12878.1714
12890.9599
12894.119
12904.7198
12919.7685
12928.0636
12941.9623
12950.9223
12962.6815
12973.4785
12984.2295
12997.2001
13007.5764
13015.2198
13021.5273
13034.1325
13038.6084
13050.0635
13057.8374
13061.4656
13073.6824
13094.7769
13107.5035
13111.6346
13120.3437
13128.8414
13131.6682
13136.2461
13147.1272
13159.2841
13171.7393
13181.764
13191.9326
13198.0922
13207.9253
13219.3678
13230.6413
13240.1918
13242.8787
13245.8296
13252.6192
13258.6005
13262.9289
13264.6154
13271.7431
13279.5044
13284.4938
13287.2777
13287.8428
13293.5765
13298.3829
13303.0605
13305.6697
13309.2849
13312.8445
13319.2015
13324.4659
13325.2463
13326.7637
13332.1631
13333.623
13340.9248
13342.0065
13345.1013
13346.908
13349.1215
13353.7034
13356.1885
13358.7074
13363.784
13362.4489
13366.5439
13368.8006
13363.3589
13357.5549
13358.5845
13362.7044
13366.461
13368.0344
13367.786
13371.9202
13373.0437
13382.543
13382.2251
13382.5449
13384.0153
13382.5208
13383.9803
13374.4856
13373.384
13371.3189
13369.101
13368.227
13372.2818
13372.6292
13367.8996
13369.9147
13370.8479
13365.3115
13366.856
