23.0
23.0
22.95579999999994
22.911600000000025
22.86470000000011
22.81699999999999
22.775399999999973
22.733700000000013
22.693399999999944
22.647799999999986
22.610300000000052
22.571500000000032
22.534000000000013
22.495000000000005
22.450599999999987
22.410399999999946
22.3731000000001
22.337600000000016
22.300300000000004
22.265099999999915
22.227799999999974
22.193300000000033
22.161200000000093
22.130300000000005
22.100100000000033
22.066999999999965
22.033400000000086
21.999300000000034
21.966399999999915
21.937500000000068
21.9063999999999
21.874099999999885
21.843400000000006
21.807899999999982
21.777100000000022
21.74820000000003
21.71990000000005
21.687300000000025
21.660500000000006
21.6283
21.594100000000036
21.56329999999996
21.533500000000007
21.50159999999996
21.472899999999953
21.442299999999975
21.414499999999936
21.386199999999914
21.361900000000027
21.329700000000038
21.30480000000005
21.272600000000022
21.24200000000007
21.212400000000056
21.18660000000007
21.16109999999993
21.132900000000006
21.103699999999982
21.08050000000001
21.05649999999993
21.035499999999946
21.00799999999997
20.98189999999993
20.957200000000014
20.93050000000005
20.90240000000006
20.88309999999995
20.8547
20.826399999999932
20.80520000000011
20.78200000000004
20.757399999999986
20.726200000000006
20.700899999999987
20.67560000000003
20.65139999999994
20.622800000000076
20.596299999999893
20.569200000000016
20.547499999999996
20.526199999999978
20.497800000000048
20.469500000000107
20.449300000000026
20.428499999999932
20.40519999999993
20.382999999999967
20.358599999999996
20.3365000000001
20.31139999999993
20.289499999999975
20.27050000000003
20.248299999999958
20.223100000000017
20.20470000000006
20.177499999999977
20.15389999999996
20.132099999999987
20.108299999999904
20.084000000000007
20.061300000000056
20.038599999999967
20.01370000000003
19.98980000000001
19.963399999999965
19.939799999999913
19.913000000000018
19.886599999999913
19.85840000000001
19.832800000000113
19.809499999999993
19.785399999999957
19.76109999999995
19.737900000000018
19.7147000000001
19.692300000000042
19.672800000000024
19.650600000000047
19.624999999999993
19.602200000000007
19.578800000000022
19.55620000000007
19.533199999999997
19.507499999999997
19.481799999999957
19.459300000000013
19.432799999999983
19.396100000000068
19.35080000000002
19.31040000000005
19.264999999999972
19.211799999999847
19.167200000000037
19.127999999999975
19.084899999999962
19.041600000000038
19.001199999999994
18.952199999999937
18.90649999999995
18.864600000000056
18.818599999999954
18.77780000000005
18.735400000000045
18.692900000000066
18.656099999999935
18.616099999999935
18.57369999999997
18.531599999999916
18.491899999999937
18.447100000000056
18.406599999999997
18.35989999999995
18.308299999999942
18.268999999999902
18.229999999999947
18.187200000000036
18.150600000000107
18.10950000000002
18.065900000000077
18.022900000000035
17.9812000000001
17.942499999999928
17.901099999999833
17.864099999999894
17.829600000000113
17.788200000000174
17.755699999999987
17.72000000000003
17.676999999999992
17.636499999999945
17.596000000000096
17.558399999999967
17.523299999999953
17.486499999999992
17.449400000000104
17.408800000000074
17.378800000000034
17.339099999999952
17.30300000000008
17.269700000000007
17.232400000000048
17.19490000000007
17.157999999999983
17.12579999999997
17.08220000000004
17.03870000000011
17.00020000000005
16.956899999999994
16.916000000000004
16.877199999999934
16.836499999999983
16.799599999999987
16.764599999999856
16.73080000000001
16.691200000000013
16.65209999999999
16.612200000000076
16.577099999999955
16.541399999999975
16.50119999999989
