36.0
36.0
35.5743
35.1494
34.7108
34.3339
34.0065
33.614
33.195
32.8257
32.5208
32.1465
31.8675
31.5709
31.2808
30.98
30.6766
30.425
30.1529
29.8418
29.5627
29.3062
29.0497
28.7231
28.4982
28.2265
27.9239
27.7258
27.484
27.2748
27.1012
26.957
26.7316
26.5374
26.3111
26.1225
25.9022
25.6815
25.5247
25.3269
25.2118
25.0625
24.9111
24.7251
24.511
24.3401
24.1503
24.0201
23.8258
23.7028
23.5709
23.422
23.2711
23.0959
23.0158
22.8873
22.7332
22.5922
22.4387
22.3116
22.201
22.0817
21.9464
21.7894
21.6407
21.5609
21.4072
21.2833
21.1439
20.9572
20.8108
20.6704
20.5162
20.359
20.1894
20.0271
19.9142
19.7061
19.5415
19.3766
19.245
19.1052
18.9477
18.8135
18.6316
18.4686
18.2818
18.1764
18.0075
17.8389
17.6873
17.5493
17.4032
17.2684
17.0941
16.9332
16.7904
16.6355
16.4863
16.3153
16.1791
16.0519
15.8611
15.7108
15.5908
15.4765
15.3469
15.1605
15.0408
14.8984
14.7975
14.6628
14.5753
14.4483
14.3284
14.1942
14.0653
13.9267
13.8076
13.6596
13.5371
13.3842
13.2566
13.1259
12.9854
12.8374
12.7221
12.6328
12.5167
12.4153
12.306
12.2016
12.1049
11.9992
11.907
11.7584
11.6739
11.5542
11.4362
11.3813
11.3089
11.2168
11.1508
11.0763
11.0327
10.9377
10.8703
10.808
10.7422
10.7059
10.6386
10.5922
10.5331
10.4461
10.3492
10.2912
10.2116
10.1514
10.095
10.0352
9.963
9.8992
9.8744
9.8278
9.7656
9.7133
9.6505
9.568
9.5259
9.4923
9.3995
9.3677
9.3218
9.2716
9.1959
9.1515
9.0874
9.0576
9.0204
8.97
8.9267
8.8677
8.8175
8.7776
8.7223
8.6732
8.6195
8.5994
8.5499
8.4869
8.4312
8.4134
8.3169
8.2833
8.2287
8.2117
8.1717
8.122
8.0876
8.0533
