32.0
32.0
31.9838
31.9724
31.9611
31.9452
31.9331
31.9211
31.9132
31.9035
31.8923
31.8815
31.8703
31.8623
31.8516
31.8388
31.8295
31.8197
31.8107
31.8008
31.7905
31.7811
31.7736
31.7619
31.7545
31.7486
31.7397
31.7333
31.7238
31.7183
31.7102
31.7026
31.6922
31.6853
31.6759
31.6679
31.6599
31.65
31.6447
31.6391
31.6323
31.625699999999995
31.6159
31.6076
31.5989
31.5901
31.5832
31.5783
31.5737
31.5694
31.5674
31.5622
31.5552
31.5484
31.5367
31.5243
31.508
31.4918
31.4789
31.4632
31.4483
31.4333
31.4183
31.4027
31.3863
31.3701
31.35540000000001
31.3388
31.3226
31.3098
31.2953
31.2804
31.262599999999996
31.2447
31.228700000000007
31.213099999999994
31.1965
31.1788
31.1603
31.1454
31.1271
31.111600000000006
31.0932
31.0735
31.0583
31.0425
31.0277
31.008000000000013
30.989899999999988
30.974
30.955900000000007
30.9397
30.9214
30.90530000000001
30.88840000000001
30.8713
30.8543
30.839099999999988
30.8231
30.800500000000007
30.784599999999987
30.76809999999999
30.752199999999988
30.735899999999987
30.720599999999994
30.705299999999983
30.687599999999993
30.672899999999988
30.656199999999995
30.643100000000008
30.62699999999999
30.609400000000004
30.592799999999993
30.5759
30.558599999999995
30.540699999999987
30.526400000000013
30.512299999999993
30.49500000000001
30.480500000000024
30.4633
30.447299999999988
30.4309
30.41599999999999
30.3979
30.379
30.36149999999999
30.3474
30.342399999999977
30.3422
30.342099999999988
30.342499999999994
30.342599999999994
30.343600000000006
30.3442
30.34380000000003
30.345099999999988
30.34600000000001
30.34780000000001
30.347900000000024
30.348500000000005
30.350600000000007
30.35040000000001
30.351700000000005
30.354400000000016
30.3556
30.35809999999999
30.361199999999975
30.3644
30.365900000000007
30.3684
30.37029999999999
30.373099999999994
30.376400000000007
30.3779
30.37819999999998
30.380499999999977
30.3805
30.38399999999999
30.38540000000001
30.38700000000001
30.387900000000013
30.38680000000001
30.38970000000002
30.391099999999994
30.391799999999993
30.395400000000006
30.39640000000001
30.39679999999999
30.397899999999993
30.400100000000016
30.401399999999978
30.40079999999999
30.402700000000006
30.405799999999996
30.406599999999983
30.4099
30.412200000000013
30.41439999999999
30.4173
30.418899999999983
30.422600000000006
30.424400000000013
30.426100000000012
30.42800000000001
30.429499999999994
30.4307
30.432799999999993
30.436
30.437000000000005
30.4385
30.4391
30.4408
30.44170000000001
30.443299999999994
30.444499999999994
30.447500000000012
30.4497
30.45109999999999
30.456200000000006
