12.0
12.0
11.908500000000034
11.821500000000015
11.728099999999984
11.64329999999995
11.557800000000027
11.47230000000001
11.393200000000036
11.310299999999998
11.22750000000003
11.144199999999998
11.057499999999989
10.977200000000021
10.88950000000001
10.805999999999987
10.72
10.632499999999975
10.549499999999979
10.465299999999981
10.381799999999993
10.294100000000052
10.212100000000005
10.131800000000004
10.054400000000008
9.964699999999988
9.883199999999999
9.807899999999991
9.729700000000001
9.64299999999997
9.560200000000012
9.479800000000031
9.404300000000024
9.3193
9.239999999999908
9.1582
9.072499999999973
8.99440000000001
8.911100000000022
8.828100000000008
8.742699999999974
8.661599999999996
8.582000000000058
8.496400000000055
8.40879999999996
8.325099999999997
8.251400000000007
8.168099999999939
8.088400000000004
8.009599999999999
7.9319
7.8477999999999986
7.771900000000003
7.693499999999996
7.6324999999999985
7.574399999999999
7.5153000000000025
7.4605
7.400700000000003
7.348
7.287199999999997
7.230200000000003
7.169200000000002
7.104200000000006
7.042899999999992
6.984099999999994
6.9204999999999925
6.856499999999999
6.795600000000006
6.731000000000009
6.670600000000008
6.610800000000007
6.548099999999991
6.487599999999987
6.4288000000000105
6.3699000000000074
6.3074000000000225
6.250399999999996
6.18720000000002
6.125399999999997
6.0703000000000005
6.007400000000014
5.9463
5.884500000000022
5.820700000000002
5.760399999999991
5.698899999999982
5.642399999999993
5.5800000000000285
5.521500000000011
5.4666000000000015
5.406099999999992
5.347599999999982
5.291000000000005
5.2328000000000054
5.173000000000006
5.114900000000012
5.0582
4.999700000000011
4.939300000000015
4.8825000000000225
4.826199999999986
4.7730000000000095
4.716400000000006
4.655100000000004
4.601700000000029
4.546300000000002
4.492299999999991
4.440199999999998
4.3892000000000175
4.333299999999985
4.278999999999998
4.221899999999991
4.1678000000000015
4.118999999999966
4.0677
4.013400000000027
3.961
3.9078
3.8544999999999994
3.7972999999999986
3.743800000000004
3.6927000000000043
3.643900000000001
3.592700000000002
3.546199999999997
3.4971999999999985
3.4547999999999957
3.4134999999999986
3.373399999999997
3.331400000000001
3.2912999999999983
3.2521999999999935
3.2114999999999925
3.173000000000009
3.1361999999999983
3.0990999999999995
3.0629999999999997
3.025899999999998
2.987200000000004
2.9526000000000003
2.917300000000001
2.8785000000000047
2.8440999999999956
2.809800000000003
2.774100000000013
2.7426000000000172
2.707700000000008
2.672700000000004
2.6397000000000035
2.6038000000000006
2.5690999999999997
2.536499999999994
2.505100000000004
2.4739000000000093
2.4405999999999914
2.410500000000001
2.3777999999999997
2.3467000000000056
2.314500000000001
2.28399999999999
2.2554999999999965
2.226299999999985
2.1962999999999937
2.1668999999999987
2.1409999999999956
2.110200000000012
2.0787999999999953
2.046599999999996
2.018200000000004
1.9879999999999995
1.9625999999999992
1.9325000000000014
1.9055000000000004
1.8791999999999995
1.8548999999999978
1.8327999999999987
1.8050000000000015
1.7772999999999992
1.7482000000000022
1.7273999999999994
1.6989
1.6696000000000033
1.6416999999999975
1.6167999999999971
1.591400000000003
1.5681000000000014
1.5439000000000036
1.5211999999999959
1.5002000000000002
1.4802
1.4562000000000028
1.436200000000003
1.4153999999999998
1.3911999999999956
1.3697000000000048
1.3486999999999958
1.3273999999999964
1.3063000000000027
1.2815000000000047
