1.0
1.0
0.9766
0.9524999999999997
0.9294999999999994
0.9087999999999998
0.8876000000000007
0.8673000000000011
0.8463000000000013
0.8257999999999982
0.8071000000000017
0.7876999999999991
0.7671999999999989
0.7492000000000006
0.732400000000002
0.7146999999999986
0.699099999999997
0.6828999999999995
0.6646999999999992
0.6501000000000006
0.6359999999999981
0.6214999999999994
0.6052999999999976
0.5899999999999979
0.5757000000000004
0.5617000000000034
0.5500999999999991
0.5382
0.5267999999999978
0.5142999999999988
0.5045000000000004
0.4929
0.4809000000000001
0.4705000000000001
0.4619
0.4497
0.4389999999999996
0.4301999999999998
0.4221000000000011
0.4137
0.4063000000000013
0.39729999999999915
0.38959999999999884
0.381299999999999
0.37219999999999975
0.3648000000000008
0.35940000000000044
0.35290000000000166
0.34609999999999896
0.3387999999999996
0.33380000000000076
0.3266000000000015
0.3202000000000009
0.3145000000000006
0.3108999999999978
0.3073000000000012
0.3036000000000002
0.30119999999999764
0.29899999999999954
0.29590000000000016
0.2928999999999997
0.2896999999999993
0.2869000000000009
0.28389999999999854
0.28110000000000024
0.27819999999999945
0.2764
0.2736999999999996
0.2710999999999983
0.26819999999999955
0.26529999999999965
0.2644999999999981
0.26350000000000057
0.26099999999999984
0.2597999999999995
0.2580999999999989
0.25590000000000007
0.2527000000000002
0.2504000000000001
0.2496999999999998
0.24779999999999955
0.24760000000000018
0.24630000000000027
0.2438000000000001
0.2418000000000001
0.2407
0.2391
0.23739999999999986
0.23709999999999992
0.2363
0.23510000000000006
0.23390000000000008
0.23230000000000017
0.2310999999999998
0.22959999999999994
0.22909999999999978
0.22779999999999992
0.22680000000000017
0.2253999999999999
0.22379999999999992
0.22329999999999983
0.22230000000000008
0.22059999999999955
0.21899999999999992
0.21880000000000013
0.21910000000000035
0.21880000000000008
0.21739999999999976
0.21679999999999983
0.21690000000000031
0.21670000000000017
0.21500000000000005
0.21380000000000035
0.2128000000000004
0.21199999999999986
0.21020000000000028
0.21029999999999963
0.20940000000000022
0.209
0.20739999999999978
0.20680000000000018
0.20620000000000027
0.20380000000000048
0.20300000000000012
0.2018999999999996
0.2010000000000002
0.2007999999999998
0.19949999999999998
0.19980000000000014
0.19890000000000002
0.19919999999999974
0.2004000000000002
0.19939999999999972
0.19940000000000005
0.1988999999999993
0.19900000000000026
0.2000999999999995
0.20019999999999988
0.2007999999999989
0.2007999999999998
0.2003000000000003
0.19989999999999972
0.2003000000000003
0.19979999999999964
0.20039999999999972
0.20129999999999987
0.20130000000000015
0.20100000000000012
0.20219999999999994
0.20249999999999985
0.20290000000000083
0.2033000000000004
0.2036999999999999
0.20490000000000022
0.20559999999999987
0.2058999999999997
0.20640000000000006
0.20589999999999992
0.20640000000000014
0.20719999999999983
0.2072999999999999
0.2067999999999999
0.20599999999999954
0.20600000000000004
0.20510000000000053
0.20430000000000065
0.20279999999999954
0.20209999999999967
0.20100000000000037
0.1999999999999999
0.20029999999999953
0.20040000000000022
0.20080000000000017
0.20049999999999962
0.20029999999999992
0.20100000000000012
0.2006000000000003
0.2008000000000003
0.20190000000000005
0.2011000000000001
0.20089999999999997
0.20069999999999932
0.20019999999999954
0.20090000000000022
0.20089999999999997
0.20079999999999956
0.2008000000000002
0.20189999999999986
0.20149999999999998
0.2021999999999996
0.20220000000000005
0.20380000000000015
0.20320000000000005
0.2032000000000004
0.20330000000000029
0.2034999999999999
0.20370000000000008
0.2036000000000003
0.20380000000000012
0.2035000000000002
