4913.0
4913.0
4965.5496
5026.3368
5087.467
5148.9378
5218.1316
5289.1843
5357.7476
5422.4051
5495.3799
5565.4707
5637.7318
5714.4456
5789.2239
5868.2769
5942.5276
6021.1326
6100.1755
6180.4223
6258.9159
6343.3488
6428.0298
6514.9741
6598.945
6692.5923
6788.4401
6889.1202
6983.571
7079.6604
7172.301
7272.8908
7366.3948
7461.0442
7557.3859
7658.583
7751.936
7855.8261
7958.8029
8069.8864
8176.4781
8281.5426
8398.312
8512.6845
8634.178
8740.9402
8856.9845
8971.185
9095.5563
9211.7963
9328.9942
9449.2079
9572.101
9691.9088
9767.4271
9853.21
9945.6511
10034.9752
10111.1763
10195.2136
10268.79
10351.6107
10438.362
10516.5486
10601.39
10684.1011
10772.9239
10856.3548
10934.5598
11016.7421
11103.501
11189.5532
11265.2712
11346.1389
11430.5568
11508.4182
11596.769
11668.5165
11750.5402
11837.19
11911.0255
11992.4087
12064.2382
12139.8901
12221.3014
12296.2615
12371.014
12448.6033
12521.4686
12582.0754
12664.9608
12744.5869
12815.8176
12894.1151
12976.6848
13057.5251
13135.2118
13211.3455
13282.1575
13361.7897
13433.6294
13505.4383
13579.1871
13646.0796
13713.4863
13789.9588
13856.7429
13929.2115
14006.685
14067.2431
14130.9616
14193.1379
14266.6843
14327.2607
14393.3439
14476.3818
14554.9781
14634.0671
14700.3683
14773.1908
14836.0593
14910.7865
14982.0263
15048.882
15115.1726
15188.4782
15255.1777
15329.8315
15418.5483
15512.8474
15600.2407
15686.5828
15766.9488
15854.4569
15937.0979
16025.8667
16113.2917
16194.1958
16278.9173
16364.5289
16452.7815
16545.2827
16628.6346
16706.3785
16787.5777
16863.6891
16939.9255
17027.6036
17116.2603
17204.9433
17282.1526
17360.9489
17439.8454
17527.7448
17613.3753
17693.288
17772.8345
17855.7954
17936.3138
18019.8037
18100.6213
18186.5306
18269.3361
18342.1363
18422.7991
18494.9427
18579.0673
18651.7127
18728.7414
18811.4917
18878.6606
18955.4309
19032.0115
19113.8461
19197.1074
19277.8154
19348.612
19436.462
19511.9642
19589.7358
19671.6758
19745.0337
19821.142
19892.7906
19968.6956
20039.9074
20113.3338
20187.273
20270.9676
20350.1402
20430.1228
20501.07
20569.0363
20634.0254
20706.2039
20775.8005
20853.1275
20916.8907
20986.0532
21057.4772
