15.0
15.0
15.008800000000006
15.018500000000007
15.027800000000015
15.038800000000005
15.049400000000002
15.057199999999995
15.0709
15.083299999999994
15.093200000000007
15.103700000000003
15.116
15.126800000000008
15.1395
15.147600000000006
15.158399999999995
15.168899999999994
15.179700000000011
15.18999999999999
15.198500000000003
15.2111
15.221599999999993
15.229900000000006
15.240300000000007
15.250100000000005
15.260400000000006
15.266399999999994
15.2761
15.2873
15.296699999999998
15.3066
15.315399999999995
15.324699999999996
15.334999999999994
15.345099999999997
15.3531
15.364099999999997
15.3723
15.3804
15.3889
15.3996
15.4099
15.4165
15.420899999999994
15.432099999999991
15.442300000000003
15.447200000000006
15.4528
15.461299999999994
15.4692
15.4753
15.4831
15.490700000000002
15.4952
15.501900000000008
15.5064
15.5111
15.5167
15.521900000000002
15.525899999999996
15.531899999999995
15.538299999999998
15.543599999999994
15.5474
15.5519
15.557500000000006
15.562099999999994
15.568400000000006
15.573899999999997
15.5781
15.582
15.585
15.5891
15.5927
15.598000000000003
15.6027
15.6087
15.613
15.6194
15.6244
15.628800000000004
15.6321
15.636399999999995
15.641699999999997
15.6468
15.6521
15.657899999999998
15.662700000000003
15.6687
15.6742
15.6802
15.684299999999997
15.686100000000003
15.6892
15.6926
15.6958
15.6988
15.703899999999997
15.7077
15.7105
15.7138
15.718699999999997
15.7213
15.725
15.7291
15.7342
15.7376
15.7397
15.7429
15.7454
15.7487
15.7529
15.7558
15.7583
15.7607
15.7632
15.7691
15.772
15.7749
15.778
15.781199999999997
15.7834
15.7851
15.7872
15.7886
15.7913
15.7942
15.7972
15.7995
15.8008
15.8027
15.8046
15.8069
15.8105
15.8118
15.8131
15.8155
15.8176
15.819
15.8213
15.823
15.8253
15.828
15.8294
15.8316
15.8339
15.8364
15.8374
15.8387
15.8401
15.8414
15.8417
15.8406
15.842
15.8441
15.845000000000002
15.8447
15.8454
15.8464
15.8477
15.8493
15.8509
15.8538
15.856
15.8558
15.8582
15.8585
15.8606
15.8619
15.8624
15.8637
15.8663
15.8665
15.8677
15.8697
15.8708
15.8716
15.8718
15.873
15.8742
15.8763
15.877
15.8786
15.8793
15.8805
15.8811
15.8801
15.8808
15.8806
15.8814
15.882
15.8824
15.8824
15.883
15.8843
15.8855
15.8849
15.8861
15.8869
