729.0
729.0
738.1627
747.4726
756.6654
764.5405
772.8033
779.361
786.8734
794.36
801.0956
808.6926
815.6374
822.9697
829.2432
835.722
842.2848
848.5792
854.3049
860.3405
867.5129
873.3935
879.9957
884.5785
892.5888
900.8322
907.3381
913.7747
919.2308
926.5656
932.7619
940.0129
944.6713
949.9949
957.1104
963.3308
970.1428
977.3286
982.6804
988.2744
995.0282
1001.4662
1007.1127
1013.0844
1020.8568
1027.5752
1034.8288
1041.6104
1048.754
1055.3239
1061.9208
1070.162
1076.6275
1082.7101
1087.6168
1092.2618
1098.3002
1104.0664
1108.805
1113.6495
1117.986
1123.8551
1128.5984
1133.5751
1138.5507
1143.711
1148.4153
1154.0675
1158.9777
1164.7636
1169.0005
1173.5591
1179.6119
1184.5444
1189.6741
1193.5171
1199.7649
1203.8015
1210.043
1214.6686
1221.9097
1228.9788
1233.907
1240.3376
1247.0918
1254.1612
1259.0423
1267.1597
1273.4365
1280.7614
1286.8166
1295.1526
1303.0639
1310.2789
1317.9875
1325.967
1334.2961
1342.3276
1350.0763
1358.7223
1365.5079
1372.6544
1381.0511
1390.3654
1398.4117
1408.0067
1417.9932
1427.1213
1436.6222
1443.81
1452.0458
1460.8626
1471.4235
1481.2108
1489.9876
1498.7203
1508.6113
1516.5048
1522.5746
1533.4806
1540.7708
1551.3824
1560.0284
1569.8965
1579.2854
1590.3316
1603.0629
1617.4817
1634.7164
1652.4726
1673.0068
1688.5352
1703.9733
1722.2675
1742.2447
1759.0816
1776.3393
1793.6809
1813.8781
1831.5309
1851.7079
1869.2444
1889.3891
1907.1909
1925.0316
1945.7395
1964.3945
1983.0834
2001.6903
2021.6055
2043.3797
2062.7242
2079.9599
2099.0954
2117.4715
2132.6426
2149.7743
2170.3573
2191.4513
2213.616
2234.6174
2254.5687
2275.7702
2295.2127
2317.4
2337.2917
2356.8837
2378.6082
2400.4309
2421.37
2442.9599
2463.7378
2481.284
2499.9746
2521.3366
2542.4863
2560.3752
2580.2443
2598.5849
2618.4893
2641.2117
2660.4173
2681.3743
2701.7387
2723.0848
2741.7012
2764.667
2786.1795
2808.075
2826.53
2845.4952
2864.096
2887.3995
2909.7712
2928.0008
2949.9367
2975.2701
2995.4084
3015.2998
3037.8261
