81.0
81.0
81.1015
81.2398
81.3081
81.3734
81.6225
81.8074
81.875
82.1437
82.3988
82.5748
82.8568
83.1874
83.394
83.8061
84.0868
84.5696
85.0313
85.3721
85.9234
86.2347
86.7771
87.199
87.8394
88.3462
88.9803
89.3369
89.817
90.3833
90.9294
91.4813
92.0701
92.5212
93.0874
93.8379
94.5394
95.0793
95.7705
96.4575
97.0766
97.7195
98.5044
99.2914
100.1758
100.8993
101.5759
102.2996
103.052
103.821
104.5482
105.5286
106.3147
106.9951
108.1097
109.098
110.0964
111.1702
112.0428
113.0544
113.9815
114.8622
115.8636
116.7864
117.688
118.6937
119.6587
120.6709
121.6871
122.6636
123.6599
124.5935
125.6087
126.555
127.4115
128.2909
129.2201
130.1861
131.0765
132.0356
133.0411
134.0422
135.0539
135.9939
137.0369
138.0441
138.9449
139.8347
140.7309
141.7601
143.0106
143.9776
145.0237
146.1449
147.0729
148.0462
149.0076
150.006
151.0797
151.9549
152.9313
153.9334
154.8834
155.8466
156.8921
157.9305
158.8328
159.8097
160.8106
161.7834
162.7627
163.8498
164.8734
166.0389
167.1853
168.5237
169.4844
170.6145
171.6052
172.5139
173.5158
174.5121
175.4129
176.6121
177.6798
178.7075
179.7526
180.9164
181.9694
183.2833
184.5658
185.8585
187.1445
188.3735
189.5764
190.792
192.0728
193.3719
194.6165
196.0054
197.2475
198.3161
199.5715
200.8352
202.0783
203.2401
204.5036
205.7859
207.1349
208.2597
209.5116
210.4348
211.6354
212.8337
214.0398
215.2773
216.547
217.6696
218.8907
220.0352
221.2653
222.6279
223.734
224.9925
226.3657
227.5256
228.4906
229.7432
230.9712
232.2808
233.7062
234.8835
236.1256
237.359
238.6502
239.8975
241.1828
242.5264
243.8589
245.0267
246.3949
247.6338
248.6986
249.8977
251.1306
252.3963
253.5628
254.7218
256.0239
257.1282
258.2327
259.3747
260.5691
261.9083
263.1403
264.4199
265.6783
266.8989
268.3275
269.5542
