4913.0
4913.0
4830.4269
4752.1958
4671.3694
4594.3173
4509.4101
4433.5871
4361.058
4287.0688
4213.8613
4139.4089
4066.6244
3991.5672
3921.7158
3850.066
3782.5097
3716.5083
3648.6134
3580.5777
3515.9475
3452.321
3388.9683
3328.3871
3269.7568
3208.9933
3145.7696
3088.8869
3030.2539
2969.3243
2915.1168
2862.6312
2810.4658
2753.765
2698.7035
2645.1195
2595.9717
2546.1984
2496.0958
2445.5885
2395.3145
2347.1758
2299.7027
2257.1695
2211.2297
2164.8772
2124.242
2083.0198
2041.0096
1995.0585
1954.2911
1914.7969
1875.6908
1837.5517
1800.4978
1764.9166
1729.7607
1696.6022
1661.3078
1625.1833
1590.0003
1555.9825
1521.7586
1488.9209
1458.059
1426.0549
1395.5378
1365.0775
1336.6942
1307.0835
1278.645
1248.8412
1220.525
1193.3487
1167.9167
1141.7081
1114.1668
1088.9548
1062.6558
1038.1358
1014.2795
990.2715
967.2068
944.7005
923.7174
903.1118
882.2094
860.8274
838.8971
817.7086
797.0236
778.998
759.061
739.9201
720.4961
702.4614
686.5641
669.2687
652.4758
636.2726
618.9784
602.1177
587.2596
572.8192
558.2375
543.6385
528.5977
514.6918
500.678
488.7315
474.7127
460.5688
448.7994
436.2912
425.2541
412.9999
402.1989
389.3404
378.9642
368.1104
358.3417
347.5173
337.643
328.1685
318.1077
308.9299
299.3041
291.9214
286.9498
282.2944
278.0693
273.578
269.5187
265.5265
261.5234
257.6252
253.7485
249.5956
245.874
242.3834
239.3673
235.3164
231.4794
227.4719
224.1358
220.5355
217.3098
213.3961
210.318
206.5405
202.9104
199.1176
195.5202
191.9774
189.1265
186.1058
183.3006
180.3996
177.2709
174.4391
171.5189
168.7349
165.6597
163.2852
160.494
157.7237
154.9721
151.8311
149.3075
146.4637
143.7399
140.7997
138.1982
135.9154
133.2116
131.198
129.2257
126.9805
124.8413
122.6273
120.3721
118.3359
115.9268
113.8605
111.9056
110.0569
108.297
105.9957
104.0976
102.017
100.1977
98.7133
97.1151
95.1721
93.5237
91.9987
89.8785
88.3347
86.6972
85.0068
