3.0
3.0
2.9436000000000044
2.8866999999999865
2.8282999999999996
2.774200000000006
2.716199999999997
2.657399999999999
2.6014999999999886
2.541499999999998
2.4806999999999992
2.4211999999999945
2.3600000000000008
2.301199999999999
2.2448000000000063
2.191499999999996
2.1354000000000064
2.074300000000011
2.0226999999999924
1.969
1.9135999999999986
1.862599999999999
1.8099
1.7596999999999985
1.714599999999997
1.6683000000000021
1.6227000000000045
1.5772999999999986
1.5326000000000022
1.4892999999999994
1.4451000000000012
1.4043
1.3611000000000038
1.3192999999999988
1.279400000000001
1.2425000000000015
1.2055000000000016
1.1673999999999995
1.1371000000000016
1.100999999999999
1.0650000000000028
1.0320999999999958
1.0001000000000007
0.9678
0.9365
0.9064000000000005
0.8755999999999993
0.8448000000000009
0.8204999999999971
0.7944000000000001
0.7702999999999982
0.7474999999999997
0.7234999999999997
0.7062999999999999
0.7001000000000009
0.6936000000000017
0.6877000000000009
0.6832999999999989
0.6772000000000007
0.671400000000001
0.6673999999999988
0.6639000000000007
0.6590999999999965
0.6542999999999998
0.6521999999999991
0.6469000000000008
0.6409999999999982
0.6362999999999992
0.6310999999999968
0.626600000000002
0.6235000000000037
0.6182999999999982
0.6137999999999983
0.6101999999999993
0.6070999999999961
0.6031999999999993
0.5989999999999984
0.5952999999999994
0.592799999999999
0.5879999999999989
0.5861000000000015
0.582300000000002
0.5772000000000007
0.5746000000000011
0.5684999999999976
0.5647999999999973
0.5612999999999996
0.5572000000000001
0.5538000000000024
0.5498999999999986
0.5459999999999994
0.5409000000000007
0.5372999999999999
0.5342999999999971
0.5309999999999979
0.5281999999999983
0.5255999999999988
0.5197999999999992
0.5176000000000007
0.515400000000002
0.5130999999999982
0.5097000000000016
0.5058000000000004
0.5054999999999987
0.5040999999999993
0.5013000000000004
0.4980999999999998
0.49500000000000055
0.4917
0.4886999999999998
0.4861
0.4837
0.48299999999999965
0.4798999999999999
0.4763000000000004
0.4747000000000003
0.4729000000000001
0.4698000000000004
0.46670000000000017
0.4664
0.4662
0.4647999999999998
0.4630000000000002
0.46309999999999973
0.4608999999999995
0.46
0.45829999999999993
0.45719999999999983
0.4535
0.45200000000000057
0.4499
0.44720000000000043
0.44690000000000035
0.44609999999999955
0.4450000000000002
0.4460999999999993
0.44499999999999984
0.44549999999999984
0.44789999999999963
0.44789999999999947
0.4466000000000004
0.4466
0.44639999999999963
0.4459999999999996
0.4464000000000002
0.44719999999999954
0.4488
0.4491000000000004
0.4504999999999999
0.4533000000000002
0.45430000000000037
0.4565000000000002
0.45619999999999983
0.4562
0.45899999999999963
0.46079999999999993
0.4647
0.4674
0.4700999999999998
0.4733000000000004
0.4745
0.4769000000000004
0.47729999999999984
0.4797000000000002
0.4804
0.4824
0.4858000000000003
0.48700000000000015
0.4898999999999999
0.49210000000000065
0.4923000000000002
0.49410000000000026
0.49809999999999927
0.5010000000000011
0.5047000000000014
0.5056000000000004
0.5077999999999968
0.5112999999999983
0.5141000000000004
0.5174999999999986
0.520700000000001
0.5256000000000014
0.5312999999999969
0.5356999999999998
0.5382999999999981
0.5421999999999974
0.5438999999999995
0.5482000000000018
0.5512999999999978
0.5553000000000021
0.5581999999999981
0.561999999999998
0.5653999999999977
0.5702999999999991
0.5735000000000031
0.5780999999999948
0.5824000000000005
0.586499999999999
0.5936999999999992
0.5970000000000009
