7.0
7.0
7.040799999999993
7.086900000000009
7.1294999999999975
7.174400000000005
7.2214
7.262099999999997
7.302700000000003
7.3445
7.385999999999998
7.428900000000003
7.470299999999995
7.513099999999999
7.549699999999995
7.5917
7.634
7.671800000000001
7.7102
7.7542
7.795899999999999
7.837600000000002
7.8738
7.9138
7.9506
7.989
8.025199999999975
8.064300000000038
8.100999999999937
8.138699999999965
8.177600000000014
8.2155
8.252999999999998
8.289599999999949
8.327899999999973
8.364199999999993
8.402100000000067
8.434900000000027
8.470999999999984
8.506499999999985
8.540900000000022
8.572900000000017
8.608699999999969
8.641600000000013
8.675499999999976
8.710399999999996
8.743499999999944
8.776799999999962
8.810200000000007
8.846699999999986
8.883800000000017
8.91749999999993
8.950799999999994
8.982599999999982
9.013599999999977
9.0419
9.074299999999974
9.102100000000013
9.130699999999985
9.161600000000004
9.190599999999936
9.219500000000009
9.247200000000023
9.27600000000003
9.304500000000024
9.333499999999978
9.363499999999979
9.3909
9.422500000000017
9.449200000000076
9.477000000000011
9.506099999999984
9.536499999999984
9.56409999999997
9.59130000000007
9.617699999999976
9.645899999999989
9.673100000000002
9.700299999999949
9.7276
9.752499999999921
9.781299999999993
9.805899999999959
9.83300000000002
9.860500000000009
9.884599999999944
9.91079999999996
9.936599999999995
9.961799999999988
9.989599999999992
10.015900000000027
10.04149999999998
10.066099999999977
10.092099999999958
10.116800000000007
10.143700000000004
10.168100000000019
10.193100000000054
10.220899999999938
10.245999999999997
10.272999999999989
10.298899999999989
10.320700000000022
10.345600000000008
10.373799999999994
10.3976
10.420599999999972
10.44469999999998
10.46729999999998
10.493200000000005
10.516999999999975
10.539299999999974
10.564199999999998
10.587399999999976
10.60929999999999
10.63380000000007
10.656500000000046
10.682500000000024
10.708300000000012
10.734100000000012
10.758100000000033
10.784300000000028
10.80779999999997
10.830800000000021
10.85529999999997
10.879900000000033
10.904899999999982
10.927200000000001
10.951500000000005
10.976600000000028
11.003200000000021
11.028600000000003
11.056200000000025
11.078699999999998
11.104899999999978
11.134700000000018
11.162699999999992
11.191299999999988
11.215800000000026
11.242699999999967
11.269699999999935
11.29749999999999
11.325999999999999
11.356200000000042
11.38430000000002
11.412899999999995
11.439199999999982
11.466199999999978
11.493399999999982
11.521500000000023
11.548800000000007
11.578100000000004
11.6061
11.6331
11.658900000000031
11.685900000000021
11.717699999999999
11.746199999999988
11.7743
11.801699999999986
11.827800000000005
11.852899999999988
11.881599999999969
11.906900000000004
11.932699999999997
11.959499999999965
11.989100000000022
12.019100000000005
12.048200000000007
12.073000000000015
12.10059999999998
12.12819999999999
12.159799999999981
12.18569999999999
12.215100000000014
12.24370000000001
12.270799999999934
12.29840000000001
12.325799999999981
12.353199999999982
12.378999999999989
12.407400000000047
12.437599999999984
12.464699999999983
12.493499999999976
12.521299999999973
12.550500000000028
12.578000000000024
12.606800000000009
12.634900000000009
12.660999999999953
12.691600000000001
12.722000000000047
12.74930000000001
12.776699999999982
12.802800000000017
12.829499999999989
12.859200000000007
12.88439999999997
12.916500000000024
