216.0
216.0
213.1677
210.3727
207.9679
205.8643
203.6351
201.5324
199.2475
197.1738
195.1154
193.1151
191.2186
189.1773
187.6504
185.7908
184.4421
182.9802
180.9825
179.6102
177.7466
176.1339
175.2656
173.6028
172.019
170.7223
169.2101
167.9072
166.571
164.9285
163.6852
162.1758
160.8773
159.5957
158.5726
157.508
156.446
155.8006
155.002
153.8379
153.0348
151.8678
150.8325
149.8802
149.4166
148.6483
147.7172
146.8896
145.9191
145.0837
144.1806
143.5926
143.0284
142.5983
143.3418
144.3176
145.0445
145.8595
146.7365
147.536
148.5373
149.4046
150.3937
151.1644
151.9959
152.7416
153.4852
154.2969
155.2812
156.3633
157.4154
158.9885
160.0119
161.2183
162.2353
163.1992
164.2653
165.6751
166.9268
168.3241
169.8414
171.2528
172.1759
173.3106
174.8204
175.8888
177.3579
178.7284
179.9319
181.8628
183.1126
184.4585
186.0002
188.1094
189.3414
191.4663
193.2029
195.1753
196.8695
198.585
200.5566
202.5041
204.1232
205.3647
206.8402
208.823
210.6555
212.6043
214.5803
216.473
218.3666
220.1985
222.1985
223.7882
225.5009
228.027
230.0842
231.997
234.0707
236.0316
237.408
239.6382
241.786
243.7077
245.7057
248.1762
250.0378
252.4517
255.3927
257.4393
260.4423
263.6985
266.6149
270.201
273.3341
276.3305
279.9884
283.0505
286.9801
290.3273
294.2828
297.4535
300.9154
304.4375
308.4152
312.8929
316.6208
320.0495
324.6605
328.2643
332.3303
336.6397
340.8045
345.3596
351.1151
356.1437
361.7859
366.2782
371.2046
376.199
381.554
386.492
391.5248
397.6524
402.3797
408.0592
413.9827
418.7077
424.5937
430.5664
435.811
442.0512
447.8895
453.9306
459.9528
466.2058
472.1828
478.2605
484.4465
490.4222
496.272
502.2012
508.4968
514.9013
521.3375
528.4366
535.0041
542.2203
549.4886
556.1233
563.4587
569.7649
575.8143
583.1139
590.9675
598.3577
605.7947
613.5067
620.6672
628.0129
