4.0
4.0
4.1659
4.3511
4.5312
4.736
4.9611
5.1866
5.3662
5.5835
5.7887
6.0089
6.2581
6.5178
6.7788
7.0432
7.3122
7.5921
7.873
8.152
8.4404
8.7272
8.9984
9.2914
9.5928
9.8907
10.1954
10.508
10.8352
11.1278
11.4459
11.7382
12.0573
12.3526
12.7019
13.0268
13.3356
13.6191
13.9874
14.3559
14.725
15.096
15.3952
15.7807
16.0982
16.4143
16.7758
17.1133
17.4489
17.7952
18.1346
18.4977
18.9267
19.2705
19.6545
20.1065
20.5025
20.8928
21.3328
21.7314
22.1196
22.5277
22.9031
23.3006
23.7065
24.1213
24.5313
24.9274
25.3299
25.7909
26.2363
26.6862
27.0944
27.4813
27.8772
28.3064
28.6913
29.1778
29.578
30.0117
30.4434
30.8424
31.2687
31.6542
32.075
32.5066
32.9297
33.3986
33.7916
34.1767
34.6194
35.0485
35.5124
35.957
36.3549
36.8201
37.2502
37.7639
38.1834
38.6473
39.1034
39.5649
39.992
40.4755
40.91
41.3915
41.8172
42.3371
42.8522
43.3074
43.8057
44.3107
44.7994
45.2624
45.7389
46.1992
46.6621
47.1255
47.5508
48.0645
48.5446
49.0178
49.5024
50.0062
50.5007
51.0315
51.4816
51.8725
52.0482
52.2707
52.4528
52.6725
52.9153
53.1506
53.47
53.6986
53.9392
54.2464
54.5268
54.6439
54.8746
55.1448
55.3924
55.6301
55.8588
56.0892
56.3564
56.5253
56.7396
57.036
57.2389
57.5642
57.995
58.2299
58.5525
58.8842
59.2385
59.4908
59.822
60.1954
60.5821
60.8831
61.2495
61.5762
61.9412
62.2384
62.4598
62.7978
63.192
63.5924
63.9294
64.3474
64.7341
64.9809
65.412
65.7199
65.9655
66.3149
66.7411
67.0362
67.3697
67.6208
68.0027
68.3506
68.7066
69.0393
69.3411
69.6938
70.1122
70.4878
70.8473
71.234
71.7027
72.0895
72.4868
72.8798
73.1974
73.5481
73.9825
74.3345
