81.0
81.0
81.9386
82.951
84.0166
85.0027
86.0182
87.1623
88.0984
89.1118
90.1949
91.3607
92.443
93.5808
94.7928
95.9502
97.1043
98.3755
99.58
100.7641
102.0774
103.1959
104.3471
105.6485
106.9916
108.2869
109.6314
110.9307
112.2707
113.704
115.0474
116.3902
117.8333
119.1841
120.6438
122.0428
123.4718
124.7124
126.1129
127.5632
129.0427
130.5431
132.1077
133.5508
135.1094
136.6286
138.2032
139.6869
141.2578
142.776
144.36
145.907
147.4661
148.88
150.3893
151.8667
153.4877
154.9165
156.3207
157.6325
159.1152
160.5065
161.7812
163.1178
164.4153
165.6401
166.9642
168.2971
169.5535
170.7269
171.9275
173.1017
174.2228
175.3504
176.6058
177.8386
179.041
180.2221
181.4166
182.5771
183.829
184.8416
186.0773
187.2261
188.3465
189.4745
190.5119
191.6047
192.684
193.7689
194.8585
195.9331
196.9933
198.0835
198.9042
199.8687
200.7091
201.6363
202.641
203.6077
204.6438
205.6291
206.5666
207.5467
208.2893
209.1667
210.1149
210.9458
211.8417
212.702
213.5885
214.4116
215.2889
216.2115
217.0675
217.8234
218.732
219.4766
220.2534
220.9819
221.6846
222.4644
223.2459
223.9535
224.7028
225.3676
226.0228
226.7674
227.384
228.0101
228.8406
229.6393
230.3256
231.0905
231.8101
232.4313
233.1193
233.8061
234.3764
235.1134
235.6735
236.2864
236.8941
237.4721
238.0206
238.56
239.2175
239.8627
240.3244
240.8875
241.4077
241.8845
242.4215
242.9194
243.461
243.9873
244.5427
245.0318
245.5554
246.1106
246.5559
246.9091
247.423
247.8781
248.3498
248.853
249.3675
249.6877
250.166
250.6901
251.2399
251.6159
252.0485
252.5045
252.9749
253.4597
253.9543
254.3455
254.7442
255.1944
255.6308
256.0498
256.4722
256.8264
257.2035
257.4821
257.792
258.1549
258.5045
258.8696
259.2123
259.6084
259.975
260.2502
260.5511
260.7992
261.1794
261.5554
261.8701
262.2436
