529.0
529.0
528.3826
527.7994
527.2287
526.7297
526.2733
525.7336
525.1618
524.4989
524.2828
524.0295
523.7422
523.4233
523.0584
523.0687
522.9922
522.8643
522.6715
522.6632
522.7309
522.5928
522.6165
522.7743
522.7914
522.766
522.7891
522.7701
522.7707
522.7982
522.8123
523.0385
523.3649
523.3783
523.6661
523.8349
524.1758
524.4068
524.4202
524.6539
525.1059
525.221
525.4166
525.7204
525.8874
526.1725
526.7593
527.2146
527.4593
527.7103
528.1049
528.3857
528.6762
529.0969
529.5101
529.9587
530.2711
530.7505
531.0784
531.4177
531.7363
532.0603
532.3512
532.5107
533.0028
533.4656
533.6805
534.1857
534.3232
534.73
535.1033
535.5121
535.7976
536.09
536.3833
536.8536
537.2085
537.5424
537.9079
538.2454
538.5492
539.0526
539.3369
539.6302
540.077
540.2613
540.7418
541.007
541.1043
541.5835
541.9471
542.3663
542.6335
543.015
543.3039
543.5985
543.8708
544.1133
544.4159
544.806
545.0014
545.3265
545.3896
545.6672
546.0655
546.2838
546.6711
546.9011
547.2045
547.4839
547.7547
548.0887
548.3486
548.5284
548.6821
549.0251
549.1424
549.4431
549.6314
549.7116
550.0446
550.6309
550.9669
551.0566
551.2821
551.4998
551.5604
551.6673
551.937
552.2717
552.5993
552.8658
553.1326
553.2766
553.5093
553.7954
554.0981
554.3412
554.3963
554.4556
554.6232
554.7631
554.8533
554.8616
555.0543
555.2562
555.3786
555.4445
555.4244
555.5519
555.6721
555.7825
555.8431
555.9283
556.0037
556.1651
556.2833
556.2773
556.3001
556.4071
556.4184
556.6022
556.6035
556.6637
556.7068
556.7419
556.8306
556.8793
556.9328
557.0614
556.9989
557.0855
557.1342
556.9667
556.7837
556.7995
556.8938
556.9646
556.9922
556.9614
557.0542
557.0767
557.3126
557.2833
557.2615
557.2667
557.1938
557.2087
556.9416
556.886
556.7929
556.7
556.6646
556.7514
556.7426
556.5838
556.6065
556.6109
556.4313
556.4698
