9.0
9.0
8.9011
8.8108
8.7156
8.633
8.5575
8.4675
8.4006
8.3265
8.24
8.2054
8.1435
8.0742
8.0226
7.9631
7.9038
7.8658
7.8192
7.7784
7.7213
7.686
7.6305
7.5857
7.5451
7.5035
7.4559
7.4112
7.3961
7.3539
7.332
7.3
7.2536
7.2006
7.1616
7.1107
7.0739
7.0478
7.0216
6.9937
6.9768
6.9576
6.9347
6.8981
6.856
6.8391
6.8185
6.8114
6.8116
6.7993
6.8039
6.7925
6.7878
6.7778
6.7784
6.7706
6.7924
6.8139
6.8139
6.8183
6.8089
6.8035
6.8134
6.8275
6.8236
6.8268
6.8392
6.8504
6.8564
6.8464
6.8507
6.8421
6.857
6.8764
6.8594
6.8774
6.8762
6.8804
6.8828
6.9
6.9015
6.9108
6.9229
6.9292
6.9269
6.9416
6.9436
6.9515
6.9828
7.0025
7.015
7.0419
7.0688
7.0792
7.0922
7.1049
7.1069
7.1345
7.1512
7.1742
7.1934
7.2136
7.234
7.2563
7.265
7.2842
7.3025
7.3298
7.3499
7.3784
7.3969
7.4049
7.4455
7.4463
7.4715
7.4795
7.4981
7.5165
7.5278
7.5518
7.5546
7.5786
7.5839
7.6063
7.6364
7.647
7.6758
7.7111
7.7024
7.7321
7.7415
7.7532
7.7644
7.7915
7.8153
7.801
7.7835
7.7961
7.8139
7.8501
7.8657
7.8699
7.8777
7.8669
7.8801
7.8897
7.9101
7.9274
7.9274
7.9327
7.9461
7.9757
7.9992
8.0072
8.0168
8.0301
8.0734
8.0994
8.1226
8.1321
8.1611
8.1535
8.1609
8.1874
8.1863
8.1963
8.2055
8.2279
8.2457
8.2625
8.2712
8.2766
8.2799
8.2865
8.3187
8.367
8.3824
8.397
8.4418
8.4701
8.4773
8.4831
8.4927
8.5215
8.5258
8.5314
8.5373
8.5345
8.5465
8.5517
8.5713
8.5727
8.5849
8.5827
8.6161
8.5987
8.6168
8.6199
8.6351
8.6487
