4913.0
4913.0
4851.0626
4786.6686
4719.2076
4656.2139
4592.5332
4531.2096
4469.566
4405.0021
4338.92
4275.3558
4217.5682
4160.1173
4099.8646
4039.3444
3982.5461
3923.916
3869.8116
3810.2252
3750.6229
3692.8591
3634.2998
3583.4693
3525.9606
3472.2957
3417.1306
3362.0466
3308.8542
3254.6895
3204.9372
3157.2536
3107.5749
3055.6885
3010.4961
2958.9461
2913.2946
2866.6431
2821.472
2777.3953
2732.5273
2684.9161
2640.1751
2596.1484
2554.2002
2510.8087
2466.9979
2422.0206
2380.7469
2341.7993
2300.5044
2260.4746
2220.9089
2186.9622
2166.5266
2145.4625
2129.7248
2111.3943
2093.7751
2073.6981
2056.3042
2038.129
2022.4586
2005.0778
1988.33
1970.9526
1954.4213
1937.6571
1919.0
1903.8882
1885.1625
1867.4086
1849.6814
1832.3794
1814.6548
1799.9518
1784.8151
1768.6414
1752.547
1738.0661
1721.1168
1705.8308
1691.5763
1676.4646
1660.7348
1646.6944
1632.3507
1619.4253
1606.2526
1592.3
1577.7081
1563.1177
1545.8295
1533.8438
1522.6661
1509.7639
1497.3127
1484.2026
1472.0391
1459.9088
1445.6299
1433.3935
1422.9355
1409.222
1395.7399
1383.8306
1373.0323
1359.4609
1348.0342
1338.6901
1326.1542
1317.3889
1305.3326
1294.8531
1283.08
1272.951
1260.2074
1250.7021
1240.3409
1229.4645
1217.7421
1207.3829
1197.7877
1186.3506
1176.9643
1168.9287
1161.145
1147.8525
1130.3218
1115.0515
1098.8255
1081.2043
1066.6671
1051.2438
1036.2962
1019.8663
1003.9389
991.5066
975.9892
960.3832
944.9181
931.3404
917.8554
905.2858
891.5006
880.3541
868.7836
857.0411
844.8477
834.5877
820.4719
808.664
797.1368
785.9896
775.163
765.2923
754.0677
743.543
733.1626
723.9803
715.881
705.186
694.6645
684.9039
677.414
667.4321
658.3655
649.5126
641.4074
632.6373
623.8623
616.4509
608.8766
601.2438
591.946
583.4458
576.0805
567.1225
557.7974
549.6514
541.3556
534.0913
527.3653
518.6789
511.3827
505.3247
499.4049
492.7333
484.8458
476.865
470.3953
463.5869
456.5783
450.9828
444.7967
440.5039
433.3326
428.0092
422.9878
415.5426
