15.0
15.0
14.991099999999989
14.981700000000004
14.9715
14.96480000000001
14.9553
14.944699999999994
14.935099999999988
14.926999999999994
14.918300000000006
14.908500000000005
14.900400000000007
14.89090000000001
14.8814
14.871799999999997
14.8631
14.853400000000011
14.844500000000009
14.837099999999994
14.82920000000001
14.8204
14.810400000000007
14.802699999999977
14.793900000000006
14.785300000000017
14.776799999999994
14.769599999999988
14.760999999999994
14.751600000000012
14.741600000000004
14.7328
14.7247
14.716600000000012
14.707399999999996
14.698899999999997
14.692400000000006
14.6804
14.671500000000005
14.662199999999986
14.654999999999994
14.645100000000003
14.636300000000006
14.62780000000001
14.62
14.611800000000002
14.603800000000012
14.59549999999999
14.587299999999994
14.57879999999999
14.570599999999997
14.563100000000006
14.554099999999986
14.546099999999988
14.540100000000006
14.534700000000006
14.529
14.523800000000014
14.518100000000006
14.513399999999994
14.50750000000001
14.502
14.4972
14.492799999999997
14.488700000000012
14.484400000000017
14.4793
14.473399999999994
14.4684
14.462300000000008
14.456899999999994
14.451700000000015
14.446900000000007
14.442599999999988
14.43840000000003
14.4332
14.428300000000005
14.423400000000006
14.419
14.414600000000018
14.410300000000008
14.40509999999998
14.399699999999998
14.394499999999988
14.3898
14.385700000000009
14.38129999999999
14.376000000000003
14.3706
14.365800000000014
14.362
14.357800000000003
14.3541
14.349599999999997
14.343999999999994
14.337700000000018
14.333200000000005
14.329000000000006
14.324099999999998
14.3193
14.315099999999994
14.309900000000011
14.304600000000006
14.300899999999988
14.29640000000001
14.291200000000012
14.286100000000006
14.28219999999999
14.277899999999997
14.27340000000001
14.2686
14.263199999999976
14.259
14.253699999999997
14.248999999999985
14.244400000000024
14.2398
14.235799999999994
14.230600000000006
14.225600000000018
14.221199999999989
14.216800000000012
14.212699999999995
14.209900000000008
14.205100000000014
14.201399999999982
14.196199999999997
14.189400000000006
14.17060000000002
14.1522
14.1336
14.112100000000018
14.0899
14.06639999999998
14.043100000000017
14.021599999999994
14.002300000000018
13.977600000000015
13.9574
13.938000000000006
13.914999999999976
13.895700000000035
13.875000000000012
13.855099999999991
13.834300000000011
13.811899999999994
13.790900000000015
13.769100000000021
13.748700000000023
13.725899999999989
13.707199999999988
13.685200000000027
13.6652
13.645199999999994
13.625200000000007
13.604
13.582600000000006
13.560099999999977
13.537200000000006
13.515800000000011
13.49769999999998
13.475200000000017
13.452100000000017
13.4294
13.408300000000018
13.38649999999999
13.365000000000006
13.345400000000012
13.324599999999982
13.302099999999989
13.276899999999994
13.25579999999996
13.234100000000009
13.210999999999977
13.189399999999994
13.168399999999995
13.1455
13.121600000000006
13.102899999999995
13.081700000000025
13.06119999999995
13.040000000000006
13.020000000000007
12.996700000000011
12.973600000000024
12.952899999999971
12.931599999999975
12.910100000000035
12.890000000000043
12.869100000000007
12.847899999999983
12.827800000000003
12.80599999999996
12.785200000000012
12.764900000000024
12.742399999999991
12.722499999999995
12.701499999999983
12.678500000000007
12.658500000000023
