27.0
27.0
25.9944
25.0015
24.0359
23.1646
22.3116
21.4524
20.6945
19.8791
19.0629
18.257
17.4692
16.7546
16.1132
15.5277
14.925
14.2501
13.6495
13.1158
12.5858
12.0686
11.5827
11.1401
10.7164
10.3065
9.9099
9.5291
9.125
8.7619
8.3811
8.0613
7.7481
7.4777
7.1978
6.9659
6.7177
6.4522
6.2467
5.997
5.7438
5.5237
5.3261
5.0904
4.9079
4.6912
4.4708
4.2906
4.1571
3.9936
3.8375
3.7223
3.5639
3.4729
3.4241
3.3834
3.3499
3.3149
3.2698
3.2292
3.2264
3.2067
3.1851
3.1599
3.1578
3.1207
3.086
3.0561
3.0293
3.0134
2.9941
2.9643
2.9484
2.91
2.8925
2.8796
2.8586
2.8375
2.8128
2.793
2.7887
2.7813
2.7624
2.7502
2.7117
2.693
2.6805
2.6698
2.6502
2.6313
2.6202
2.5929
2.5863
2.5689
2.5626
2.5478
2.5326
2.498
2.491
2.4594
2.4589
2.4309
2.4132
2.3997
2.3809
2.3523
2.3407
2.3316
2.3163
2.3031
2.2861
2.2795
2.2794
2.2559
2.2481
2.2327
2.2321
2.2098
2.1671
2.1662
2.1702
2.149
2.1484
2.1539
2.1289
2.1274
2.1251
2.1228
2.1029
2.0852
2.0771
2.0552
2.0519
2.0499
2.0392
2.0475
2.0476
2.0547
2.0667
2.0637
2.0474
2.0564
2.046
2.0474
2.0628
2.0714
2.0754
2.0799
2.0615
2.0829
2.0953
2.1245
2.1134
2.087
2.1186
2.1132
2.1315
2.148
2.1453
2.1647
2.1641
2.1917
2.1921
2.2089
2.2258
2.235
2.2564
2.2768
2.3007
2.3239
2.3595
2.3607
2.4067
2.4276
2.4637
2.488
2.495
2.5219
2.5481
2.5599
2.5685
2.6016
2.6337
2.6687
2.6971
2.7184
2.7309
2.7592
2.7689
2.8113
2.8304
2.8564
2.8856
2.9259
2.9771
3.0111
3.0322
3.0885
3.1605
3.192
