2.0
2.0
1.9551999999999994
1.9078000000000004
1.8682999999999992
1.8253
1.7839999999999983
1.7474999999999967
1.7088000000000014
1.6790999999999974
1.6405
1.6154000000000028
1.5858000000000045
1.5637000000000012
1.5367000000000037
1.5154
1.4941000000000015
1.4767999999999943
1.4573000000000036
1.4414000000000045
1.4274999999999995
1.410499999999994
1.3930000000000022
1.3835999999999975
1.3727000000000005
1.3632000000000006
1.351899999999995
1.3460000000000054
1.3373999999999968
1.330499999999998
1.326999999999999
1.3217000000000014
1.3183000000000016
1.3122000000000011
1.311599999999996
1.3076999999999983
1.309499999999999
1.307700000000003
1.3057999999999952
1.3092999999999995
1.3055999999999992
1.3098000000000096
1.3132000000000006
1.3148000000000006
1.3134000000000021
1.3248999999999986
1.3316000000000061
1.3369000000000024
1.3409999999999997
1.3509999999999986
1.3608000000000064
1.366000000000002
1.3685000000000007
1.3772000000000009
1.4028000000000003
1.4228999999999954
1.4453000000000007
1.469200000000001
1.4909000000000014
1.5091000000000008
1.529599999999999
1.5483999999999944
1.5716
1.5930000000000029
1.6116
1.6324000000000043
1.6494000000000029
1.6650999999999994
1.6798999999999966
1.6953000000000018
1.709699999999995
1.7314999999999994
1.7487000000000008
1.7638999999999965
1.7821000000000022
1.797
1.8086000000000022
1.8258
1.8425999999999996
1.8550999999999993
1.8683000000000003
1.8843
1.8957
1.9052999999999993
1.9210000000000003
1.9341
1.9447000000000008
1.9579
1.972
1.9827999999999986
1.9934000000000007
2.008000000000012
2.019500000000003
2.027399999999994
2.0421000000000036
2.0551999999999975
2.068300000000002
2.0773999999999804
2.0887999999999955
2.1034000000000033
2.112600000000002
2.123599999999996
2.1301999999999905
2.1402999999999937
2.152100000000008
2.162800000000006
2.1682999999999955
2.1818999999999984
2.1897999999999973
2.1961000000000115
2.2065000000000046
2.2169999999999948
2.2276000000000034
2.2387000000000095
2.247799999999988
2.2604000000000144
2.268500000000005
2.2774999999999985
2.282000000000007
2.2927000000000057
2.303599999999983
2.312500000000007
2.3172999999999933
2.3279999999999874
2.335800000000004
2.347699999999993
2.355899999999998
2.36010000000001
2.3614999999999955
2.371000000000023
2.37119999999999
2.37490000000001
2.376800000000001
2.3765999999999883
2.374600000000017
2.375599999999994
2.3766000000000016
2.376800000000002
2.3779000000000075
2.3806
2.380100000000005
2.380000000000006
2.380500000000013
2.381199999999996
2.383799999999996
2.387800000000004
2.3882999999999908
2.3873999999999915
2.3855999999999895
2.3874999999999957
2.3848999999999987
2.385199999999996
2.3840999999999877
2.3833999999999933
2.3852000000000055
2.3844999999999987
2.38640000000001
2.387999999999997
2.389099999999995
2.3909999999999965
2.3939999999999952
2.3942999999999937
2.396499999999995
2.4003999999999963
2.397200000000001
2.394099999999998
2.3971999999999984
2.399500000000004
2.398000000000002
2.395199999999983
2.395199999999998
2.3949000000000034
2.397100000000012
2.3993
2.4063999999999974
2.403099999999993
2.4052999999999947
2.4065999999999885
2.4044000000000065
2.4034000000000026
2.402599999999995
2.4021999999999974
2.4008999999999965
2.401500000000003
2.403199999999994
2.4057000000000004
2.4010999999999965
2.399300000000009
2.3964000000000105
2.3992999999999958
2.3992000000000036
2.397400000000006
2.395000000000011
2.3913000000000006
2.391399999999998
2.3914999999999873
2.389100000000003
2.3875999999999973
2.383399999999996
2.3797999999999915
