6.0
6.0
5.9971000000000085
5.998099999999982
5.992699999999989
5.99529999999999
5.994499999999982
5.996800000000029
5.999299999999995
6.004800000000001
6.004200000000007
6.009199999999989
6.010899999999999
6.017400000000005
6.0289
6.040300000000005
6.049499999999991
6.055200000000001
6.061699999999987
6.074200000000005
6.080599999999984
6.090399999999992
6.098000000000026
6.113700000000006
6.122499999999997
6.131499999999997
6.144300000000005
6.157999999999996
6.171999999999986
6.184400000000005
6.194200000000001
6.2091000000000145
6.225399999999992
6.239300000000024
6.255499999999995
6.2715999999999825
6.284600000000001
6.294599999999995
6.308800000000006
6.324099999999996
6.339300000000009
6.356299999999989
6.371700000000003
6.38829999999999
6.398899999999997
6.407799999999994
6.422199999999991
6.444400000000001
6.461999999999999
6.4802
6.5001999999999995
6.522599999999997
6.542599999999999
6.560599999999982
6.59390000000001
6.623899999999997
6.649099999999984
6.676700000000003
6.7059000000000015
6.7342000000000075
6.75999999999999
6.786399999999997
6.8148
6.8445999999999945
6.871800000000008
6.899500000000011
6.927200000000006
6.954299999999993
6.981499999999997
7.006000000000003
7.032299999999991
7.057199999999997
7.084299999999997
7.110100000000013
7.1346
7.160800000000009
7.184099999999997
7.209100000000006
7.230899999999998
7.251799999999997
7.2764
7.3017
7.320400000000005
7.3429
7.3669
7.396100000000003
7.414799999999988
7.439999999999996
7.463399999999996
7.4855999999999945
7.512099999999997
7.5363000000000016
7.5569
7.5828
7.604799999999997
7.6289
7.6526999999999985
7.6796
7.7028
7.722500000000001
7.7473
7.7676
7.7942
7.815900000000003
7.833
7.8581
7.88
7.9028
7.9283
7.9527
7.9775
8.00179999999998
8.021599999999967
8.0407
8.062000000000015
8.08619999999998
8.110199999999992
8.13200000000001
8.151699999999948
8.172300000000039
8.192099999999995
8.211299999999975
8.234299999999992
8.253399999999987
8.276800000000023
8.301800000000004
8.31979999999999
8.335400000000002
8.334300000000065
8.333100000000046
8.332999999999924
8.337599999999972
8.338800000000013
8.342700000000065
8.34599999999996
8.352399999999966
8.353699999999987
8.350999999999985
8.35340000000003
8.362399999999987
8.371599999999981
8.376400000000015
8.378100000000021
8.387299999999973
8.392000000000051
8.390600000000042
8.40010000000002
8.400900000000002
8.404200000000007
8.410400000000022
8.412899999999961
8.417500000000004
8.422399999999975
8.424499999999979
8.436900000000003
8.440400000000034
8.4425
8.452199999999989
8.455799999999943
8.462799999999985
8.46190000000006
8.46239999999997
8.464899999999961
8.472899999999981
8.476300000000002
8.480499999999966
8.48370000000001
8.489300000000014
8.500199999999971
8.50389999999998
8.509299999999973
8.512599999999978
8.525799999999983
8.529199999999976
8.534499999999982
8.536999999999935
8.538900000000003
8.541599999999972
8.542599999999998
8.542800000000016
8.549599999999979
8.55350000000001
8.558599999999997
8.562699999999957
8.56910000000003
8.570199999999984
8.573099999999956
8.570699999999954
8.572899999999965
8.579400000000032
8.58269999999997
8.586699999999992
8.58979999999997
8.59889999999997
8.60029999999996
8.606299999999937
8.616000000000014
8.623699999999953
8.627699999999976
8.632500000000068
