0.0
0.0
9.999999999999999E-5
1.999999999999997E-4
2.9999999999999954E-4
9.000000000000004E-4
0.0016999999999999964
0.002000000000000007
0.002900000000000002
0.0031999999999999954
0.004099999999999994
0.004500000000000003
0.004800000000000001
0.005699999999999981
0.006399999999999996
0.0073
0.007899999999999999
0.008999999999999985
0.009800000000000102
0.010500000000000015
0.011400000000000025
0.013199999999999988
0.014000000000000005
0.015100000000000011
0.015600000000000011
0.01670000000000006
0.018200000000000063
0.019400000000000056
0.020300000000000016
0.021599999999999994
0.02359999999999998
0.024800000000000058
0.02540000000000005
0.02689999999999999
0.028
0.029899999999999954
0.03130000000000013
0.03210000000000006
0.03360000000000021
0.034899999999999876
0.03549999999999996
0.03660000000000002
0.03750000000000002
0.03979999999999985
0.0408999999999999
0.04140000000000007
0.04329999999999988
0.04410000000000005
0.04550000000000016
0.04649999999999998
0.04830000000000007
0.05010000000000011
0.050999999999999865
0.052699999999999934
0.05419999999999998
0.054900000000000025
0.0569000000000001
0.05879999999999999
0.06059999999999998
0.06289999999999973
0.06450000000000004
0.06609999999999988
0.06749999999999964
0.07010000000000027
0.07409999999999985
0.07720000000000009
0.07990000000000028
0.08180000000000014
0.08369999999999982
0.08650000000000023
0.08870000000000007
0.0912
0.09449999999999988
0.09729999999999989
0.10050000000000045
0.10289999999999987
0.10609999999999978
0.10860000000000015
0.11190000000000004
0.11409999999999994
0.11619999999999991
0.1206
0.12309999999999997
0.1257000000000004
0.12840000000000099
0.1321999999999997
0.13529999999999928
0.1387999999999993
0.1414999999999998
0.14570000000000022
0.14889999999999998
0.15240000000000054
0.1557000000000005
0.1596999999999996
0.16390000000000018
0.16790000000000035
0.170200000000001
0.17329999999999982
0.1761000000000001
0.18069999999999956
0.1841000000000001
0.1879000000000003
0.19169999999999915
0.19680000000000053
0.19969999999999982
0.20329999999999984
0.20639999999999986
0.21069999999999964
0.2145999999999999
0.21879999999999983
0.22249999999999995
0.22669999999999996
0.22969999999999982
0.2336
0.2380000000000001
0.2403
0.2445000000000002
0.24770000000000028
0.2535999999999995
0.2584000000000003
0.26320000000000054
0.26750000000000046
0.2713000000000001
0.2741999999999996
0.27810000000000173
0.28189999999999926
0.2861999999999996
0.2894
0.2921000000000008
0.2992999999999993
0.3042
0.31019999999999875
0.31399999999999945
0.3175000000000011
0.32199999999999984
0.32670000000000077
0.3303000000000001
0.33410000000000056
0.33909999999999896
0.3449000000000003
0.3500000000000002
0.3552000000000008
0.3596000000000008
0.36360000000000003
0.3678000000000005
0.3711999999999995
0.37590000000000057
0.3807000000000004
0.3866000000000014
0.3891999999999995
0.3945999999999988
0.39829999999999915
0.4025999999999998
0.4074999999999993
0.4119000000000004
0.41490000000000016
0.4186999999999993
0.4230000000000011
0.4273
0.4308999999999993
0.4334
0.4356000000000002
0.4391
0.44350000000000017
0.4467000000000002
0.4501
0.45439999999999947
0.45779999999999954
0.4614999999999998
0.46559999999999974
0.4689
0.47320000000000034
0.47729999999999945
0.4792999999999996
0.4826999999999998
0.48610000000000025
0.4891999999999998
0.4926000000000001
0.495599999999998
0.5002999999999994
0.5039000000000021
0.5060999999999997
0.5097000000000012
0.5146999999999945
0.5172999999999974
0.5203000000000009
0.5230999999999993
0.5268000000000006
0.530800000000001
0.5350000000000011
0.5382000000000012
0.5412000000000009
0.5450999999999993
0.5481999999999972
0.5507999999999993
0.5546000000000006
0.5562999999999998
0.5581000000000009
0.5618999999999991
0.5652000000000007
