100.0
100.0
100.395
100.8269
101.2015
101.544
102.0198
102.4869
102.9509
103.4613
103.9024
104.364
104.8556
105.4708
105.9921
106.5532
107.1525
107.7037
108.294
108.8207
109.3904
109.9797
110.7049
111.3855
112.0373
112.6447
113.2449
113.8741
114.6168
115.2764
115.9361
116.605
117.2904
117.9739
118.6124
119.262
119.936
120.6109
121.2629
121.8798
122.5854
123.3496
124.1283
124.8897
125.6733
126.3287
127.187
127.9667
128.7568
129.5923
130.3879
131.1456
131.8725
132.6441
133.2003
133.7028
134.3014
134.8961
135.3591
135.8993
136.4065
137.0196
137.5953
138.121
138.6484
139.2697
139.7656
140.4376
140.8921
141.427
142.0254
142.6394
143.2043
143.6834
144.2373
144.8029
145.3965
145.8247
146.4178
146.9117
147.3263
147.8994
148.4156
148.9832
149.5944
150.1199
150.6422
151.2022
151.6604
152.1288
152.6545
153.3151
153.8893
154.295
154.8313
155.3211
155.7547
156.3434
156.8597
157.2897
157.8543
158.3835
158.8955
159.4538
159.9446
160.4773
161.0339
161.645
162.1887
162.6931
163.2265
163.7162
164.1715
164.7362
165.1403
165.8329
166.3326
166.915
167.4874
168.0176
168.5372
169.0677
169.6494
170.2509
170.8162
171.5943
172.1552
172.7826
173.5232
174.364
175.1953
175.9237
176.985
177.8232
178.6959
179.6601
180.6002
181.6888
182.8003
183.874
184.901
186.0514
187.1812
188.3446
189.4135
190.5632
191.6081
192.6417
193.9189
195.1495
196.3271
197.6383
198.7995
199.8144
201.0671
202.2831
203.5463
204.8091
206.1553
207.5132
208.856
210.1236
211.43
212.8334
214.2523
215.4641
217.0107
218.3935
220.0597
221.4976
223.096
224.5576
226.1713
227.8386
229.4746
230.9859
232.5991
234.0686
235.6036
236.9975
238.5742
240.0781
241.7371
243.3195
244.897
246.2955
247.925
249.7408
251.325
252.8362
254.6202
256.245
257.7567
259.2675
260.752
262.5524
263.9022
265.7636
267.4657
269.1076
