3.0
3.0
2.977100000000004
2.9560000000000017
2.9333999999999905
2.913399999999993
2.894899999999988
2.8724999999999983
2.8545999999999956
2.8348999999999993
2.8129999999999957
2.8003999999999976
2.7822999999999984
2.762800000000011
2.7465999999999893
2.728900000000005
2.711199999999996
2.6972000000000023
2.6808000000000045
2.6665999999999914
2.648499999999997
2.6344000000000043
2.6179000000000006
2.6040999999999968
2.58889999999999
2.5736999999999934
2.5584999999999933
2.54319999999999
2.5318999999999976
2.5175000000000014
2.505
2.492199999999999
2.477399999999988
2.459799999999995
2.443600000000011
2.4256999999999946
2.4117000000000126
2.3994000000000133
2.386799999999993
2.3751000000000033
2.3640000000000017
2.3519999999999874
2.342900000000008
2.330300000000004
2.315599999999999
2.305500000000002
2.2956999999999863
2.2860000000000067
2.2794000000000016
2.269900000000006
2.2637000000000063
2.2545
2.2466000000000013
2.237599999999994
2.2322000000000046
2.2267999999999915
2.2247999999999992
2.223500000000021
2.2182999999999944
2.2150999999999867
2.2095000000000087
2.2051000000000056
2.2020000000000115
2.199500000000013
2.1953999999999914
2.1919999999999997
2.1908000000000003
2.189400000000007
2.1840000000000046
2.1777999999999977
2.1744999999999943
2.1705000000000156
2.1692000000000053
2.167999999999999
2.161799999999997
2.160799999999991
2.15839999999998
2.1557999999999944
2.1524
2.152599999999993
2.1504999999999934
2.148200000000004
2.146700000000012
2.1444
2.140499999999994
2.1402000000000005
2.137199999999996
2.135699999999999
2.1376000000000075
2.1371000000000064
2.136600000000001
2.138099999999996
2.1383999999999936
2.1372000000000115
2.137799999999999
2.1370999999999922
2.1349000000000102
2.137499999999996
2.1377999999999946
2.1390000000000082
2.1386000000000043
2.140200000000008
2.139399999999988
2.1423000000000094
2.1428000000000034
2.1434000000000104
2.143099999999991
2.145000000000006
2.1455000000000024
2.147999999999996
2.1487000000000056
2.1466999999999925
2.1505000000000014
2.1470999999999956
2.151100000000006
2.150500000000004
2.151700000000003
2.152299999999987
2.1513999999999993
2.15519999999999
2.1542000000000123
2.1561999999999952
2.154899999999995
2.1564999999999976
2.1607999999999965
2.1593999999999864
2.1612000000000045
2.1642999999999986
2.1606000000000245
2.1608999999999963
2.15889999999999
2.155199999999999
2.1545999999999865
2.154699999999997
2.1559
2.1509999999999847
2.1450999999999953
2.1436999999999933
2.143899999999998
2.1453
2.1446999999999896
2.143100000000008
2.141099999999996
2.1371000000000078
2.137499999999989
2.136499999999993
2.1359000000000017
2.1359999999999912
2.1358000000000033
2.134099999999996
2.1345000000000036
2.1365000000000003
2.138600000000002
2.1357999999999944
2.1370000000000013
2.1359000000000097
2.1403999999999868
2.1418000000000013
2.1423999999999856
2.1425000000000107
2.1424999999999828
2.1400999999999977
2.1394999999999995
2.140999999999988
2.1392999999999973
2.139699999999995
2.1380999999999992
2.138700000000017
2.1425000000000005
2.143499999999998
2.1420000000000057
2.1404000000000116
2.1399000000000075
2.1387000000000027
2.141299999999994
2.145799999999987
2.1448000000000005
2.1465999999999954
2.1500000000000012
2.1520999999999972
2.1523000000000083
2.1503000000000125
2.1483000000000096
2.1504999999999965
2.14960000000001
2.1489999999999867
2.149699999999995
2.1482999999999888
2.1469000000000102
2.1455
2.1455
2.1420999999999926
2.1425000000000143
2.1425000000000045
2.1473000000000035
2.1447000000000123
2.145999999999991
2.145499999999996
2.145899999999996
2.1465000000000067
