100.0
100.0
99.4615
98.9787
98.5599
98.0241
97.6876
97.2141
96.7951
96.3846
95.9698
95.5344
95.1841
94.8572
94.6302
94.2647
93.882
93.5734
93.3081
92.8891
92.5607
92.1946
91.9295
91.6549
91.3025
91.0253
90.8342
90.6095
90.4189
90.1976
89.9676
89.6532
89.4296
89.1879
88.9061
88.6885
88.3937
88.1799
88.0516
87.9145
87.6238
87.3356
87.1387
87.0027
86.8871
86.728
86.5902
86.3758
86.2109
86.0745
85.967
85.7265
85.63
85.5446
85.765
86.0843
86.3779
86.6951
86.957
87.2705
87.6238
87.8689
88.1952
88.4979
88.8007
89.1201
89.4058
89.7796
90.1393
90.4826
90.8702
91.2979
91.7103
92.1253
92.556
92.9464
93.4664
93.8886
94.2754
94.7506
95.2575
95.7555
96.1994
96.6348
97.1137
97.6615
98.1228
98.6267
99.1433
99.6771
100.2788
100.7645
101.3792
101.819
102.3786
102.9793
103.6036
104.2468
104.7574
105.351
105.9833
106.582
107.1964
107.764
108.395
109.063
109.7532
110.4037
110.9426
111.7485
112.4527
113.09
113.6929
114.3717
115.0188
115.6889
116.3812
117.0835
117.7273
118.4211
119.179
119.7866
120.4924
121.1376
121.8695
122.505
123.1657
123.8829
124.665
125.45
126.1968
127.0369
127.9084
128.7417
129.5802
130.455
131.2827
132.1988
133.2396
134.0915
135.0985
135.9879
136.9135
137.9688
139.0537
139.9519
140.9985
142.0793
143.1164
144.1772
145.2311
146.2932
147.2902
148.3157
149.4725
150.5319
151.642
152.7377
153.8638
154.9792
156.0109
157.0465
158.2266
159.3384
160.4893
161.538
162.628
163.7702
164.9719
166.098
167.3075
168.5699
169.6994
170.919
172.188
173.342
174.6038
175.9829
177.2427
178.6086
179.8328
181.0031
182.2804
183.4804
184.686
186.0108
187.3551
188.6039
189.976
191.2184
192.7192
194.174
195.5896
196.9544
198.4497
199.8332
201.2804
202.6931
204.2087
205.4685
