1000.0
1000.0
1006.6492
1013.9019
1020.3057
1026.134
1034.0872
1041.9331
1049.7829
1058.3167
1065.8754
1073.728
1081.8808
1092.2096
1101.0215
1110.3636
1120.5127
1130.0471
1139.9998
1149.0103
1158.6554
1168.8103
1181.1699
1192.7111
1203.8799
1214.3213
1224.8177
1235.8505
1248.7138
1260.0168
1271.6029
1283.3478
1295.4694
1307.4869
1318.76
1330.24
1342.2758
1354.3577
1366.0881
1377.1948
1389.882
1403.6164
1417.6035
1431.3401
1445.2325
1457.1357
1472.7314
1486.9635
1501.3688
1516.8057
1531.2067
1545.0652
1558.4943
1573.2297
1584.1737
1594.0316
1605.5804
1617.1247
1626.3115
1636.9223
1647.1669
1659.263
1670.6885
1681.3496
1692.0102
1704.4285
1714.7002
1728.3182
1737.4427
1748.2404
1760.0822
1772.4312
1783.5059
1793.1136
1804.3297
1815.8989
1828.0355
1836.6103
1848.3206
1858.7871
1867.6517
1879.313
1889.9482
1901.8356
1914.7074
1925.4111
1936.1914
1947.3754
1957.7494
1967.3668
1978.0857
1991.9525
2003.9447
2012.3008
2023.8085
2034.0241
2043.5373
2055.9932
2067.4995
2076.8335
2089.0663
2100.2017
2111.1465
2123.261
2133.874
2145.5157
2157.7433
2171.0612
2182.7457
2193.6381
2205.4351
2216.21
2226.1855
2238.0944
2247.4139
2262.3387
2273.7404
2286.8814
2299.7326
2311.3302
2322.6548
2334.5635
2347.5408
2361.0231
2373.3262
2390.4805
2402.9522
2416.7756
2432.958
2450.7454
2469.1251
2485.7653
2509.1978
2527.0536
2546.2235
2567.8675
2588.9204
2613.1254
2637.5259
2661.3772
2684.8758
2710.2092
2735.91
2762.8124
2786.7809
2813.0872
2837.3471
2861.1559
2890.5159
2918.7887
2946.3963
2977.0745
3004.2301
3027.127
3056.7509
3084.9753
3114.8073
3144.6769
3175.2913
3207.1678
3239.3226
3270.007
3301.5126
3336.2256
3369.6019
3399.2863
3437.6665
3470.8783
3511.0597
3545.7918
3585.3404
3621.7418
3660.9401
3701.9144
3743.4114
3780.0741
3821.1265
3858.7002
3896.8948
3932.2197
3972.7134
4010.2599
4052.4383
4092.2115
4131.936
4167.9649
4209.7122
4255.2212
4296.6926
4335.8568
4382.4308
4424.8306
4464.0161
4503.5507
4543.2418
4590.8502
4627.1246
4676.748
4722.4819
4766.7856
