343.0
343.0
322.3386
301.9734
282.736
264.1138
248.448
231.9855
216.5591
202.2454
188.6655
176.7039
165.2175
153.8044
142.99
133.1194
123.5843
114.8036
106.7172
99.5254
92.5569
86.0352
79.6978
73.6157
68.1534
62.861
58.0864
53.6953
49.8948
46.3767
42.7179
39.3916
36.7017
34.3024
32.0432
29.7986
27.6291
25.4218
23.4789
21.5702
20.0098
18.4839
17.0301
15.7283
14.4522
13.3064
12.3784
11.4108
10.4756
9.7293
9.0019
8.3823
7.8485
7.4641
7.2473
7.1543
7.0821
7.0353
6.9309
6.8434
6.7586
6.701
6.6153
6.513
6.3713
6.3501
6.2637
6.2603
6.1134
6.02
5.9634
5.8739
5.8563
5.7905
5.748
5.6476
5.5195
5.4699
5.396
5.3659
5.3052
5.2754
5.2484
5.157
5.0939
4.9985
4.967
4.867
4.8095
4.7339
4.6681
4.5953
4.5588
4.4754
4.4344
4.4154
4.3496
4.2557
4.1879
4.1533
4.0905
4.014
3.9366
3.961
3.9011
3.8358
3.7555
3.691
3.6301
3.6145
3.5935
3.5817
3.5528
3.5167
3.4442
3.4152
3.4049
3.3421
3.2969
3.2114
3.1531
3.151
3.1384
3.1137
3.0931
3.0407
3.0214
2.9642
2.8768
2.8146
2.742
2.6563
2.5699
2.4391
2.3064
2.221
2.1407
2.0539
1.9718
1.9109
1.7871
1.754
1.7004
1.6329
1.5869
1.5268
1.4293
1.3974
1.3383
1.309
1.2867
1.2489
1.2172
1.1892
1.1498
1.1041
1.0499
0.999
0.9838
0.9465
0.9397
0.9491
0.9278
0.9077
0.8939
0.8764
0.8395
0.811
0.7997
0.7786
0.7664
0.7709
0.7414
0.7281
0.7274
0.6985
0.6809
0.6739
0.653
0.6453
0.6615
0.6653
0.6307
0.6023
0.5659
0.5628
0.5435
0.5306
0.5114
0.5199
0.5222
0.5147
0.5123
0.4893
0.4943
0.4829
0.4832
0.4845
0.4962
0.4824
