100.0
100.0
100.0299
100.0866
100.1868
100.3527
100.386
100.4739
100.6007
100.8111
100.9534
100.9676
101.0813
101.1137
101.2261
101.3065
101.3982
101.4189
101.5107
101.6605
101.6777
101.774
101.8894
102.0221
102.0381
102.1759
102.3375
102.4619
102.523
102.5161
102.6388
102.7002
102.7881
102.9713
103.0059
103.1173
103.2952
103.3975
103.5201
103.6469
103.7742
103.9867
104.0815
104.2006
104.3522
104.4617
104.524
104.7522
104.923
105.0866
105.1604
105.2942
105.4223
105.5933
105.6857
105.8598
105.924
106.2581
106.466
106.7564
107.0628
107.4765
107.9238
108.3333
108.7955
109.2339
109.6864
110.1197
110.5604
110.983
111.4523
112.0
112.4016
112.9551
113.4978
113.983
114.4952
115.0355
115.5576
116.0968
116.6988
117.2184
117.7662
118.2619
118.7257
119.2057
119.7613
120.3227
120.917
121.4705
121.9964
122.6051
123.2433
123.8614
124.3982
124.9752
125.5898
126.1974
126.765
127.3701
127.9549
128.5823
129.1586
129.651
130.2695
130.8506
131.3718
131.9647
132.6347
133.243
133.7926
134.3318
135.0041
135.6717
136.3156
137.0365
137.6861
138.2969
138.9204
139.5288
140.1733
140.7965
141.4622
142.0049
142.6059
143.2777
143.7616
144.3707
144.9779
145.5921
146.2591
146.9257
147.5498
148.2074
148.8349
149.52
150.1439
150.8674
151.5339
152.2879
153.0801
153.6473
154.2991
155.0462
155.7098
156.4243
157.1288
157.7714
158.4948
159.2438
160.0409
160.8056
161.6105
162.4255
163.2639
164.1537
164.7693
165.4568
166.2267
166.8636
167.6443
168.414
169.1824
169.9867
170.6579
171.5502
172.2187
173.1148
173.9408
174.727
175.6521
176.4933
177.3001
178.1215
179.0437
179.8147
180.7121
181.5617
182.4325
183.1434
183.9142
184.7475
185.4734
186.4171
187.2509
188.1499
188.9234
189.8989
190.7751
191.5514
192.5112
193.2712
194.1554
194.8898
195.6883
196.5196
197.4882
198.4232
199.2817
200.1047
