1.0
1.0
0.8924
0.8017
0.7262
0.6567
0.598
0.5469
0.5022
0.4632
0.4277
0.3973
0.371
0.3483
0.3295
0.3125
0.2936
0.2754
0.2643
0.2534
0.2447
0.2369
0.231
0.2202
0.2166
0.2056
0.1983
0.1913
0.1855
0.1901
0.1853
0.1842
0.1859
0.1835
0.1825
0.1786
0.1816
0.1768
0.177
0.1749
0.1709
0.1729
0.1733
0.1698
0.1702
0.1699
0.1697
0.1683
0.1667
0.1668
0.1653
0.164
0.1632
0.1605
0.1634
0.1646
0.1659
0.1763
0.1796
0.1852
0.1923
0.1979
0.1998
0.2065
0.2109
0.2143
0.222
0.2219
0.2292
0.2376
0.2396
0.2462
0.249
0.2496
0.2549
0.2602
0.2635
0.2644
0.2658
0.2684
0.2714
0.2725
0.274
0.2777
0.2839
0.2908
0.2881
0.2906
0.297
0.2977
0.2971
0.2954
0.2953
0.2975
0.3002
0.2982
0.3002
0.3004
0.2946
0.3019
0.297
0.2953
0.2948
0.2976
0.2975
0.2943
0.2914
0.2897
0.2908
0.2912
0.2918
0.2903
0.2915
0.293
0.2985
0.3015
0.2962
0.2976
0.3006
0.2979
0.2988
0.299
0.2963
0.2959
0.2973
0.2974
0.2987
0.3039
0.3062
0.3054
0.3095
0.3167
0.3176
0.3216
0.3303
0.3399
0.3442
0.3483
0.3577
0.3674
0.3745
0.3851
0.3927
0.4017
0.4099
0.4239
0.4346
0.4487
0.4593
0.4785
0.4927
0.5011
0.515
0.528
0.5365
0.546
0.5566
0.5678
0.5748
0.585
0.6009
0.6135
0.6281
0.6308
0.6374
0.6471
0.654
0.6646
0.6766
0.6853
0.6871
0.6973
0.6991
0.7173
0.7241
0.7302
0.7373
0.7396
0.7463
0.7545
0.7564
0.769
0.7706
0.786
0.797
0.8
0.8124
0.8131
0.8195
0.818
0.8226
0.8324
0.8385
0.8429
0.8505
0.859
0.8658
0.8737
0.8852
0.896
