343.0
343.0
322.1013
302.5263
285.3907
267.8978
252.1409
236.7944
221.1052
207.0735
193.8025
181.1327
168.818
157.9232
147.7909
138.1557
128.2152
119.8638
111.8465
104.4723
97.1725
90.6023
84.3093
78.4472
72.5477
67.2179
62.3061
58.0092
53.4401
49.2005
45.72
42.5746
39.1259
36.3288
33.6406
31.4249
28.9105
26.7399
24.7844
23.0307
21.3069
19.763
18.3539
16.9095
15.6098
14.3464
13.2394
12.285
11.2299
10.3293
9.5584
8.7979
8.1514
7.4345
6.8902
6.5056
6.1307
5.8298
5.543
5.3642
5.1508
4.9593
4.8294
4.6781
4.57
4.4599
4.3336
4.3036
4.2201
4.1797
4.1842
4.0959
4.0416
3.9729
3.9238
3.9154
3.8642
3.8569
3.7841
3.7306
3.6993
3.6532
3.5806
3.5103
3.4292
3.3882
3.3186
3.2393
3.1823
3.1604
3.1404
3.1149
3.082
3.0349
2.996
2.9636
2.9284
2.8871
2.8842
2.8502
2.8224
2.793
2.7432
2.693
2.6487
2.6223
2.594
2.5723
2.5384
2.5044
2.5006
2.4626
2.4439
2.4323
2.4147
2.3862
2.3684
2.3097
2.3127
2.2666
2.2586
2.2385
2.2396
2.2521
2.2322
2.2355
2.1994
2.179
2.1621
2.1346
2.0955
2.05
1.9887
1.9087
1.8514
1.8325
1.7588
1.7606
1.7353
1.6958
1.6845
1.6717
1.6499
1.5697
1.5454
1.491
1.4332
1.372
1.3497
1.3032
1.2462
1.2481
1.1975
1.2005
1.1782
1.1161
1.1046
1.0879
1.0454
1.0136
0.9997
0.9667
0.9386
0.9165
0.9119
0.8905
0.8645
0.8325
0.8137
0.7744
0.7521
0.7212
0.7202
0.6975
0.6767
0.6644
0.6384
0.632
0.6217
0.6127
0.5889
0.5995
0.5881
0.5525
0.5607
0.5507
0.5623
0.5381
0.539
0.5239
0.5156
0.4947
0.4955
0.5061
0.4878
0.4775
0.4719
0.4681
0.4676
0.4641
