36.0
36.0
36.1956
36.3661
36.5806
36.7679
36.9462
37.1977
37.3857
37.5712
37.7861
38.0286
38.277
38.4921
38.7068
38.9383
39.1388
39.314
39.4322
39.6439
39.903
40.1055
40.3202
40.5354
40.7391
40.8866
41.0819
41.2815
41.5088
41.6718
41.9482
42.1375
42.3117
42.5356
42.7862
43.0114
43.1717
43.4086
43.6315
43.9654
44.2194
44.4785
44.704
44.9239
45.1491
45.3473
45.546
45.6943
46.0262
46.2938
46.5429
46.7753
47.0404
47.1929
47.4383
47.7546
47.9669
48.1757
48.4213
48.6444
48.8541
49.1665
49.4307
49.6942
50.0606
50.3326
50.6167
50.8942
51.1971
51.5123
51.8526
52.1169
52.4096
52.8163
53.2566
53.657
53.9935
54.3541
54.683
55.0225
55.3611
55.6635
55.9688
56.3365
56.7432
57.0713
57.4407
57.7601
58.1536
58.5115
58.8888
59.2662
59.6395
60.0356
60.363
60.7199
61.1479
61.4612
61.9098
62.3183
62.6661
63.0305
63.4027
63.8031
64.2067
64.6058
64.9833
65.4682
65.8434
66.221
66.5688
66.9683
67.4432
67.8536
68.269
68.6355
69.0656
69.5138
69.9378
70.3658
70.8248
71.2739
71.6915
72.0516
72.4426
72.7985
73.1352
73.5103
73.8993
74.2693
74.6623
75.0434
75.3226
75.5442
75.8067
76.0361
76.2507
76.5126
76.9012
77.1646
77.4611
77.7519
77.9956
78.1623
78.3631
78.6366
78.7657
78.9844
79.1858
79.4523
79.583
79.7267
79.8664
80.1065
80.319
80.4676
80.5856
80.7869
80.8665
81.0908
81.2229
81.3369
81.4182
81.6163
81.7984
81.9507
82.0504
82.2434
82.3475
82.3817
82.4133
82.6308
82.7385
82.7835
82.913
83.0198
83.0806
83.1535
83.2569
83.4616
83.458
83.5974
83.6448
83.8099
83.9465
84.0771
84.2218
84.3636
84.5857
84.7458
84.8859
84.9637
85.0972
85.178
85.3108
85.4528
85.544
85.6326
85.718
85.8565
