12.0
12.0
11.953400000000013
11.90750000000002
11.860899999999983
11.817099999999966
11.771799999999992
11.721599999999993
11.674199999999951
11.631899999999955
11.591600000000005
11.546300000000024
11.502499999999985
11.459199999999978
11.41689999999999
11.371600000000042
11.326800000000013
11.284900000000002
11.244499999999992
11.199499999999995
11.15609999999999
11.113899999999989
11.071399999999947
11.028500000000012
10.983700000000017
10.934799999999989
10.892000000000014
10.846199999999987
10.802399999999999
10.757600000000018
10.711600000000013
10.666799999999975
10.62870000000001
10.583299999999998
10.540800000000008
10.499199999999963
10.451600000000008
10.402699999999985
10.36490000000001
10.319899999999986
10.27880000000002
10.231900000000033
10.188099999999949
10.145200000000017
10.100599999999975
10.054700000000022
10.010999999999969
9.972699999999985
9.929399999999998
9.884100000000034
9.835400000000012
9.793500000000071
9.745699999999955
9.706299999999965
9.666399999999976
9.622900000000024
9.583999999999959
9.54339999999999
9.502800000000033
9.467000000000025
9.43029999999997
9.390099999999984
9.35630000000004
9.319000000000024
9.282399999999974
9.251100000000028
9.216999999999992
9.180699999999941
9.149500000000005
9.116200000000022
9.082799999999988
9.04809999999997
9.018699999999958
8.985599999999996
8.952999999999966
8.920499999999986
8.888000000000003
8.85749999999998
8.827100000000007
8.795600000000004
8.766200000000023
8.735800000000024
8.704699999999981
8.675200000000043
8.645899999999974
8.61429999999997
8.581699999999932
8.549500000000034
8.521899999999993
8.494399999999976
8.465599999999965
8.434199999999965
8.408799999999996
8.380599999999992
8.34820000000007
8.324000000000042
8.2933
8.262699999999983
8.233599999999976
8.204500000000014
8.175399999999993
8.146899999999963
8.11720000000004
8.08859999999998
8.059900000000052
8.02950000000002
8.000200000000003
7.971800000000003
7.9437
7.9152999999999984
7.8845
7.8571
7.8345
7.808100000000001
7.779299999999997
7.753799999999997
7.7195
7.691900000000003
7.662099999999999
7.6389999999999985
7.6109
7.584799999999999
7.557799999999996
7.524199999999997
7.496499999999991
7.4692000000000025
7.440999999999999
7.4165999999999945
7.388500000000003
7.356900000000006
7.330999999999999
7.304800000000012
7.280800000000009
7.259000000000003
7.231699999999994
7.205200000000006
7.183899999999988
7.158300000000003
7.1359
7.1104
7.086500000000006
7.062399999999997
7.039100000000001
7.014199999999997
6.988199999999991
6.966499999999998
6.938800000000006
6.914499999999994
6.8920999999999975
6.871200000000007
6.850100000000003
6.824900000000006
6.800799999999994
6.781599999999986
6.760099999999992
6.742800000000009
6.722900000000003
6.704500000000003
6.684300000000026
6.665700000000023
6.644199999999993
6.621099999999996
6.5999000000000025
6.576899999999989
6.554700000000017
6.534800000000016
6.514300000000004
6.496900000000008
6.475999999999993
6.453499999999991
6.431200000000024
6.409099999999987
6.388099999999991
6.3692
6.34710000000001
6.331699999999987
6.312599999999979
6.291400000000004
6.2737000000000025
6.2515999999999945
6.231600000000006
6.21100000000001
6.192699999999991
6.171400000000025
6.1543000000000125
6.136900000000002
6.116399999999989
6.097500000000005
6.0769000000000135
6.060599999999994
6.043599999999993
6.023900000000009
6.004800000000002
5.982299999999993
5.965699999999998
5.948499999999991
5.930899999999997
5.9150999999999945
5.894099999999991
5.875400000000005
