4.0
4.0
4.2169
4.4701
4.7185
4.9623
5.2007
5.4525
5.7251
5.9813
6.1937
6.4475
6.7046
6.9617
7.2058
7.4593
7.7197
7.9775
8.269
8.5342
8.8239
9.0635
9.3217
9.6076
9.9156
10.1328
10.3873
10.662
10.9838
11.2788
11.5633
11.8571
12.1701
12.5032
12.8048
13.0779
13.3422
13.674
14.0004
14.2991
14.606
14.8873
15.2171
15.5322
15.8446
16.1823
16.5547
16.8483
17.1962
17.528
17.8731
18.2214
18.5514
18.8767
19.2246
19.5988
19.9486
20.302
20.6173
21.0331
21.3849
21.7483
22.1803
22.5566
22.9879
23.4168
23.8172
24.2483
24.6698
25.0637
25.4937
25.9243
26.3267
26.7951
27.1973
27.6618
28.1292
28.616
29.1015
29.5629
30.0006
30.5364
30.9856
31.4037
31.8929
32.3951
32.8861
33.3878
33.9223
34.3291
34.7669
35.288
35.856
36.4026
36.9499
37.5091
38.0857
38.6246
39.1437
39.6317
40.1719
40.6692
41.1566
41.7054
42.2391
42.8512
43.4118
43.9909
44.4843
45.0336
45.6417
46.2231
46.7717
47.3161
47.9062
48.4749
49.1609
49.6839
50.2645
50.9046
51.6321
52.165
52.771
53.2888
53.8947
54.5203
55.2333
55.853
56.4553
57.0338
57.6429
58.2124
58.8651
59.4537
59.9566
60.4634
60.914
61.2515
61.6382
62.0488
62.4727
62.9296
63.307
63.7516
64.1395
64.5885
64.9261
65.3481
65.6332
66.0144
66.4768
66.8257
67.2332
67.612
67.9551
68.2009
68.4408
68.8462
69.3107
69.7045
70.0359
70.4826
70.9138
71.221
71.5243
71.8301
72.1502
72.4097
72.7658
72.9919
73.376
73.784
74.1868
74.5321
74.9211
75.1481
75.5007
75.8461
76.1558
76.5465
76.8332
77.2889
77.6764
78.1399
78.4483
78.8211
79.207
79.5072
79.8346
80.0927
80.4589
80.7487
81.0491
81.4421
81.8303
82.2158
82.5198
82.8585
83.244
83.5731
