2197.0
2197.0
2204.4249
2214.9405
2224.6713
2238.5879
2247.1944
2259.477
2269.8872
2283.8058
2293.1583
2304.9415
2315.5427
2324.4331
2334.5099
2343.5934
2356.0246
2365.6965
2376.2388
2388.0406
2397.8509
2406.4212
2413.8343
2420.1697
2431.8173
2444.874
2457.553
2467.0651
2472.8966
2481.4744
2493.966
2504.4976
2516.7995
2526.8123
2536.4887
2550.7098
2562.3038
2574.3035
2584.7016
2597.0922
2602.9104
2612.7825
2624.6865
2637.6497
2648.9521
2661.8839
2673.7895
2679.9416
2694.2123
2704.3892
2717.3878
2724.2477
2736.646
2748.2867
2759.7258
2769.5631
2778.4357
2788.9401
2800.4507
2815.6539
2835.2483
2848.6241
2862.0672
2877.6373
2892.2436
2905.9289
2926.9812
2942.6878
2960.4165
2974.8282
2986.2091
2999.454
3022.7464
3038.6553
3054.8909
3068.7583
3081.3892
3101.8487
3117.0269
3139.4326
3159.7179
3177.4748
3194.3154
3206.7
3222.2859
3236.9469
3257.3236
3275.0594
3291.6163
3309.0103
3321.278
3341.184
3357.1399
3372.8826
3391.3688
3411.7343
3423.1815
3438.0846
3452.1944
3471.2082
3486.8947
3501.8529
3519.8117
3536.7811
3554.2913
3572.5905
3589.5584
3604.1266
3624.5097
3643.7996
3663.2421
3682.9987
3699.7427
3716.1604
3732.8612
3755.5012
3774.6896
3792.4836
3812.5418
3832.4067
3849.4231
3869.9027
3883.4407
3902.2386
3921.5284
3936.1371
3950.0653
3965.5403
3982.5193
3996.5215
4013.9108
4021.5877
4036.9429
4051.9873
4066.0716
4079.0024
4088.7484
4097.2277
4116.3426
4124.3959
4135.7512
4151.3478
4159.8518
4170.6529
4185.5859
4196.5134
4207.0396
4219.5988
4226.7129
4236.3629
4248.1228
4257.9794
4276.0313
4286.4865
4297.6132
4307.6716
4319.722
4327.9633
4339.1637
4347.0106
4356.5714
4363.0729
4372.1945
4378.1278
4391.2745
4397.7307
4406.8499
4414.8447
4419.7164
4431.1959
4438.5942
4453.139
4462.1223
4472.0017
4484.2012
4497.1725
4507.7034
4510.9696
4528.0182
4538.6725
4548.4052
4558.7134
4572.2753
4582.344
4589.9191
4591.7036
4599.0086
4608.2181
4612.6435
4616.3342
4622.2711
4633.3157
4649.4862
4656.1705
4658.6337
4668.4115
4681.4333
4690.8235
4698.4093
4707.6779
