32768.0
32768.0
32742.5472
32711.4484
32696.6378
32676.3312
32650.5645
32626.9705
32601.6245
32574.8763
32554.3818
32533.0139
32509.8705
32484.3894
32461.2755
32434.5648
32410.496
32382.3015
32360.0688
32341.0813
32319.1768
32297.3835
32278.415
32251.6502
32229.9678
32200.588
32178.423
32151.212
32128.3602
32109.4346
32090.2886
32069.6957
32043.2566
32020.1751
31995.7726
31970.1481
31950.2915
31919.9627
31897.9299
31882.2075
31866.3228
31837.7945
31818.0699
31797.6544
31776.1695
31746.2969
31714.3529
31693.3839
31664.888
31637.5651
31615.7318
31595.584
31569.1591
31544.9284
31522.7417
31502.2003
31468.5816
31450.6947
31419.7101
31391.9296
31368.1138
31338.6754
31299.3963
31281.0231
31255.2899
31232.8728
31205.9569
31178.932
31145.3653
31106.3101
31077.2738
31030.3827
30994.073
30953.6028
30924.084
30885.9264
30849.4541
30818.5967
30786.6685
30755.2001
30720.3034
30680.9529
30638.6328
30609.0896
30585.0794
30553.9172
30518.5976
30490.3569
30455.8228
30418.643
30389.8216
30349.8486
30311.0848
30267.4687
30222.9953
30182.6094
30153.1946
30117.5024
30083.9325
30038.1097
29997.3532
29960.0299
29919.3514
29869.1031
29825.6973
29787.8049
29750.2031
29708.5468
29668.4551
29630.4699
29592.8465
29546.596
29510.9736
29474.2541
29426.1952
29387.5923
29342.3863
29297.69
29250.1703
29207.1636
29171.2486
29131.1299
29084.945
29038.2516
28997.5283
28958.6511
28921.296
28877.3116
28835.0139
28789.14
28751.3309
28718.2731
28681.3724
28639.1322
28604.2111
28566.7545
28532.1638
28502.1396
28473.8541
28449.0492
28421.9333
28399.2444
28372.3907
28343.1305
28312.8347
28295.7055
28260.3844
28244.4802
28225.4772
28208.4756
28191.2514
28170.7133
28149.0696
28134.9055
28121.7531
28105.337
28084.2439
28067.3554
28055.9574
28036.8711
28020.009
28014.3585
27998.9796
27991.1703
27986.7503
27979.0259
27968.5373
27963.8431
27952.7289
27945.9656
27931.367
27920.8913
27913.0947
27906.6983
27890.2845
27878.7514
27862.8314
27859.1867
27859.922
27851.3282
27852.9679
27844.2617
27831.531
27823.0121
27814.3011
27811.5694
27808.2901
27797.7867
27793.8735
27793.5354
27787.8171
27783.1022
27778.0975
27777.1676
27768.0037
27765.3458
27767.1471
27766.0545
27773.1954
27771.7966
