225.0
225.0
224.7226
224.4483
224.2347
224.0101
223.7737
223.535
223.2961
223.098
222.8626
222.669
222.4543
222.2371
222.0075
221.7874
221.5615
221.3658
221.1386
220.8901
220.6377
220.4271
220.2186
219.9943
219.7893
219.6035
219.3467
219.0961
218.8728
218.6041
218.3591
218.0937
217.8599
217.6909
217.4836
217.2895
217.1271
216.9186
216.6935
216.4098
216.1772
215.925
215.7118
215.4462
215.2148
214.9908
214.7799
214.5503
214.3506
214.1368
213.9239
213.7001
213.428
213.2225
213.0043
212.7853
212.593
212.3402
212.0621
211.8447
211.6375
211.4645
211.2217
211.0002
210.7994
210.6275
210.3707
210.1327
209.9091
209.7263
209.5296
209.3231
209.1492
208.9411
208.7278
208.5257
208.2947
208.115
207.9073
207.7172
207.5164
207.3
207.1145
206.9097
206.6786
206.4103
206.1801
205.9727
205.757
205.5088
205.3141
205.1495
204.9211
204.6979
204.509
204.2993
204.0875
203.8658
203.6475
203.4449
203.2607
203.0511
202.8555
202.6542
202.4126
202.2342
202.0276
201.8514
201.6829
201.5185
201.3278
201.1156
200.9203
200.7255
200.5149
200.2511
200.0573
199.8741
199.6792
199.5097
199.3904
199.2145
198.981
198.8192
198.6075
198.4194
198.2218
197.979
197.7883
197.5696
197.387
197.1447
196.9687
196.7749
196.4937
196.2294
195.9979
195.7699
195.5163
195.2638
195.0187
194.7704
194.5005
194.2324
193.9579
193.6529
193.407
193.0877
192.834
192.5815
192.2805
191.9795
191.6659
191.3495
191.0664
190.733
190.4148
190.1356
189.784
189.4575
189.1507
188.8407
188.4861
188.0933
187.758
187.4234
187.1037
186.7667
186.3686
186.0131
185.6309
185.2695
184.9796
184.6604
184.2733
183.909
183.4957
183.1879
182.7743
182.45
182.1069
181.7171
181.3385
180.9703
180.5257
180.1237
179.7813
179.3658
178.9651
178.5735
178.1882
177.808
177.4191
177.0322
176.6138
176.2545
175.7962
175.388
174.9604
174.5796
