27000.0
27000.0
26899.915
26808.0957
26716.196
26617.539
26531.6819
26436.6435
26338.5305
26237.3979
26143.1069
26055.1278
25971.8188
25871.8685
25777.5616
25683.5161
25572.6202
25485.4528
25407.8709
25315.1978
25221.3506
25132.97
25039.2397
24946.6297
24852.2135
24774.9938
24693.5601
24599.0686
24497.9582
24398.4211
24321.3116
24237.42
24148.8826
24051.5749
23971.0826
23883.2988
23788.5191
23697.5375
23621.2845
23531.9719
23434.2474
23345.6201
23252.7419
23180.0999
23100.3423
23011.7196
22928.3035
22835.7948
22762.2362
22683.9115
22594.7065
22511.9884
22421.9637
22328.3372
22249.4464
22166.494
22102.8163
22030.6056
21969.9121
21915.6371
21860.5975
21810.3214
21758.3722
21704.4535
21659.0754
21610.2536
21562.408
21527.4225
21475.1628
21435.8226
21401.4022
21355.19
21327.4922
21285.0538
21225.441
21189.0052
21149.6132
21119.6288
21074.4347
21042.6346
21004.3593
20962.3658
20914.0887
20889.6087
20854.9987
20807.9747
20769.4936
20724.467
20680.2247
20644.5066
20611.9222
20589.8742
20542.1924
20493.4358
20461.564
20424.5486
20391.3528
20344.4439
20307.7096
20265.129
20235.9411
20201.4627
20164.0892
20121.4267
20083.954
20047.5579
20019.6346
19990.43
19953.4097
19916.7816
19883.7341
19846.754
19798.8868
19763.3698
19736.2224
19697.3368
19651.7417
19613.1549
19587.0128
19550.6492
19502.2771
19467.8539
19438.6085
19399.7504
19362.9359
19326.6715
19292.3966
19263.1466
19217.7403
19169.4458
19128.0003
19086.028
19025.3114
18975.1022
18919.9088
18876.6821
18834.8664
18775.8686
18727.2813
18678.935
18622.6921
18565.6649
18503.188
18444.0516
18383.112
18311.4298
18256.3115
18196.5492
18132.0337
18063.2292
18008.1436
17950.1402
17892.9644
17812.5508
17755.4666
17684.3967
17607.2845
17542.2654
17480.0693
17424.7868
17364.8302
17305.0551
17249.8494
17175.261
17120.2654
17057.4732
16999.9857
16917.4696
16847.6188
16785.4527
16717.1392
16648.7824
16589.5884
16525.1
16459.0542
16406.2519
16349.3956
16292.8377
16232.6952
16181.0986
16124.7679
16068.6254
16008.4661
15943.371
15885.1274
15826.042
15759.4925
15687.7457
15610.5727
15544.1622
15487.59
15424.5757
15370.4728
15316.7443
15248.0656
15180.6954
15114.8398
15054.4562
15006.4253
14947.5848
