14.0
14.0
13.9368
13.877300000000004
13.812500000000004
13.759700000000029
13.703100000000003
13.647900000000046
13.591799999999992
13.538799999999977
13.487799999999982
13.431099999999992
13.374699999999983
13.319000000000015
13.261799999999988
13.202800000000005
13.149800000000026
13.0944
13.036999999999992
12.982199999999974
12.932599999999983
12.87709999999997
12.818199999999957
12.766100000000034
12.71380000000001
12.662299999999979
12.600399999999965
12.548300000000044
12.49199999999999
12.432300000000016
12.377600000000015
12.321100000000023
12.264999999999993
12.211599999999986
12.161100000000022
12.108499999999985
12.055200000000012
12.004500000000036
11.947799999999981
11.888899999999998
11.82469999999998
11.772799999999988
11.716799999999983
11.657900000000012
11.6013
11.548600000000018
11.501000000000003
11.450599999999994
11.397099999999964
11.33959999999998
11.281399999999984
11.229399999999963
11.173199999999996
11.112800000000012
11.055900000000024
11.006200000000037
10.955699999999975
10.904799999999952
10.849999999999975
10.79729999999998
10.74709999999996
10.69199999999998
10.643500000000023
10.587699999999996
10.540000000000031
10.495699999999974
10.445600000000008
10.392399999999979
10.34560000000001
10.298600000000018
10.248500000000037
10.207400000000016
10.163200000000003
10.114899999999972
10.06860000000002
10.017799999999975
9.9739
9.931799999999978
9.886400000000044
9.834700000000014
9.78439999999998
9.733200000000014
9.685599999999985
9.6375
9.58589999999992
9.54059999999999
9.493499999999974
9.447099999999962
9.396599999999985
9.349500000000027
9.302300000000043
9.254500000000002
9.208700000000002
9.162299999999973
9.1087
9.061099999999973
9.015300000000028
8.962899999999985
8.919300000000046
8.8761
8.82910000000005
8.786300000000015
8.732000000000088
8.681600000000008
8.636900000000027
8.586200000000044
8.539500000000013
8.494499999999967
8.44619999999998
8.396500000000001
8.352599999999956
8.307100000000007
8.261599999999964
8.216400000000005
8.164199999999987
8.116899999999996
8.070099999999993
8.0241
7.975900000000003
7.9354
7.8869
7.844900000000002
7.7955
7.7511
7.705800000000003
7.655599999999997
7.608900000000001
7.5592
7.5147
7.468999999999997
7.418599999999999
7.3732
7.32190000000001
7.279900000000008
7.234899999999995
7.1888
7.142800000000003
7.100899999999994
7.052400000000004
7.0028
6.9631999999999925
6.917500000000006
6.8652
6.812900000000006
6.7704
6.721999999999997
6.6745999999999865
6.629800000000008
6.582099999999985
6.537399999999992
6.493400000000009
6.452099999999992
6.40870000000001
6.359499999999981
6.319799999999999
6.280699999999998
6.244999999999986
6.207599999999999
6.167700000000001
6.123500000000006
6.076799999999992
6.033699999999998
5.990200000000003
5.9514999999999905
5.9116000000000035
5.868100000000015
5.827699999999994
5.7900999999999865
5.745700000000001
5.706299999999991
5.664599999999984
5.633700000000005
5.593400000000006
5.545899999999964
5.508199999999993
5.465899999999968
5.4311000000000105
5.384400000000007
5.350100000000001
5.309999999999989
5.269099999999993
5.232900000000007
5.197299999999991
5.161000000000006
5.125099999999999
5.08110000000001
5.041599999999988
5.002700000000003
4.976399999999997
4.9397000000000055
4.899299999999991
4.865300000000028
4.832600000000014
4.800299999999994
4.766000000000024
4.7286999999999875
4.689800000000019
4.658399999999995
4.625199999999991
4.5863
