12.0
12.0
11.913900000000003
11.835400000000043
11.749900000000007
11.665199999999977
11.583300000000031
11.500700000000005
11.413000000000043
11.33289999999996
11.248000000000003
11.157500000000017
11.069700000000008
10.993999999999996
10.911799999999982
10.8254
10.743899999999996
10.662699999999974
10.577800000000007
10.496699999999995
10.408500000000044
10.322300000000052
10.24230000000001
10.15870000000003
10.07140000000001
9.997100000000014
9.912900000000006
9.828199999999963
9.748099999999933
9.66850000000006
9.584399999999992
9.504399999999986
9.424200000000017
9.342899999999977
9.257599999999956
9.176199999999966
9.092999999999963
9.007900000000003
8.92749999999999
8.847799999999971
8.768500000000012
8.687599999999948
8.602000000000025
8.51549999999999
8.431499999999954
8.346000000000029
8.269000000000025
8.188399999999998
8.107099999999999
8.026199999999982
7.945400000000005
7.8586
7.7734
7.689799999999997
7.6081
7.5267
7.449199999999994
7.375200000000001
7.298800000000003
7.220899999999997
7.147499999999997
7.0724
7.003799999999994
6.9334
6.865000000000003
6.7978999999999985
6.732099999999982
6.662200000000012
6.595699999999988
6.529699999999989
6.4614
6.389199999999999
6.326299999999994
6.261399999999993
6.195999999999999
6.1357
6.073499999999997
6.011600000000001
5.948900000000009
5.886199999999985
5.826699999999994
5.767599999999989
5.707599999999991
5.647400000000003
5.586900000000008
5.526799999999996
5.466899999999984
5.4051999999999865
5.3484
5.287400000000017
5.2260999999999855
5.168800000000002
5.110500000000011
5.052999999999988
4.9923000000000055
4.937500000000012
4.878799999999978
4.820299999999997
4.761600000000003
4.704000000000002
4.649300000000005
4.5942000000000105
4.5377000000000205
4.481399999999991
4.423400000000021
4.3666000000000125
4.312699999999997
4.259200000000002
4.205399999999988
4.146699999999996
4.0948000000000135
4.041700000000016
3.989300000000005
3.939700000000008
3.883399999999994
3.8303
3.7841
3.728700000000003
3.676
3.625099999999997
3.5726
3.521899999999998
3.4733
3.421800000000003
3.3753999999999973
3.3262000000000014
3.280999999999997
3.2305
3.1822000000000044
3.137200000000015
3.0924000000000027
3.0511000000000066
3.0096999999999907
2.9705000000000052
2.9270000000000023
2.8865999999999983
2.8495000000000075
2.8096000000000125
2.768400000000006
2.727200000000008
2.6900999999999944
2.6547000000000027
2.6198999999999937
2.5848000000000013
2.547799999999998
2.512999999999997
2.4781999999999926
2.4427
2.409200000000015
2.3726000000000136
2.3375000000000052
2.3056999999999976
2.274599999999997
2.2446999999999946
2.211299999999996
2.1789000000000067
2.1517999999999953
2.12050000000001
2.0902000000000007
2.0614000000000035
2.031199999999998
1.9998999999999785
1.97109999999999
1.9412999999999985
1.9156000000000006
1.8910000000000007
1.8646000000000014
1.8410999999999993
1.8166999999999978
1.7956999999999963
1.7702999999999993
1.7469999999999979
1.7232000000000025
1.6995999999999984
1.676399999999997
1.6551000000000018
1.6354000000000002
1.6081999999999983
1.5804999999999987
1.5559000000000023
1.5349000000000008
1.5133000000000003
1.4909999999999992
1.4701999999999995
1.4512999999999976
1.4305999999999977
1.4087999999999967
1.3908999999999985
1.3704000000000018
1.3535999999999972
1.3337999999999968
1.3160000000000003
1.2964000000000024
1.2776000000000034
1.2614000000000067
1.2437000000000025
1.226999999999992
1.2125999999999975
1.1940999999999973
1.1752000000000025
