4.0
4.0
3.9383
3.8796
3.8133
3.7428999999999992
3.6822000000000012
3.6155999999999993
3.5512999999999986
3.4878
3.431900000000004
3.3670999999999958
3.3059999999999943
3.2472000000000065
3.1843999999999957
3.1245999999999947
3.0622000000000056
2.9957000000000016
2.933399999999992
2.8755999999999964
2.81460000000001
2.7527999999999984
2.695999999999994
2.640000000000003
2.5813000000000006
2.5211999999999897
2.4640999999999997
2.4081000000000023
2.354799999999999
2.302600000000004
2.2509999999999946
2.199699999999987
2.1517999999999966
2.1020999999999894
2.050299999999997
2.0017000000000014
1.9558000000000006
1.9119999999999993
1.864499999999999
1.8266
1.7824999999999993
1.7379000000000029
1.7031000000000007
1.6614999999999995
1.6225000000000034
1.591499999999996
1.5577000000000016
1.5230000000000012
1.4880000000000033
1.4517999999999989
1.414499999999997
1.3845000000000003
1.346400000000006
1.3160999999999972
1.2893999999999974
1.2648999999999966
1.2461000000000002
1.2297999999999956
1.214699999999998
1.1996999999999955
1.1854999999999993
1.173199999999997
1.1650000000000045
1.1540000000000048
1.1437000000000053
1.1363999999999983
1.1313999999999986
1.1278
1.1280000000000003
1.1243000000000052
1.1250000000000047
1.1207000000000036
1.1152999999999929
1.112299999999996
1.1085999999999974
1.104300000000003
1.1048000000000016
1.1021999999999914
1.1005000000000018
1.0971000000000057
1.0957999999999972
1.0985000000000051
1.099700000000008
1.099099999999998
1.0951999999999964
1.0959000000000043
1.0957999999999966
1.0982000000000038
1.097700000000002
1.097400000000004
1.0969999999999962
1.0955999999999988
1.0956000000000008
1.0940000000000043
1.090900000000002
1.091599999999997
1.0925000000000045
1.0926999999999987
1.0920000000000007
1.0936000000000017
1.0943000000000012
1.0939999999999965
1.095300000000005
1.0956999999999921
1.0909999999999995
1.0894000000000028
1.0890999999999973
1.0892999999999948
1.0918000000000045
1.0912000000000017
1.0916000000000023
1.092099999999994
1.094199999999997
1.0914000000000037
1.0880999999999956
1.0912999999999966
1.0896
1.0883000000000034
1.0891000000000082
1.0854000000000015
1.0843999999999985
1.0839000000000032
1.083999999999999
1.0863000000000016
1.0861000000000014
1.0862999999999996
1.085999999999992
1.0830000000000013
1.0794000000000061
1.0770999999999904
1.074
1.0708999999999995
1.0651999999999993
1.0602999999999994
1.0553000000000012
1.049899999999998
1.0449999999999937
1.036699999999997
1.0269999999999924
1.0184999999999962
1.0089999999999935
1.0023000000000033
0.9937000000000001
0.9859999999999993
0.9774
0.9709999999999999
0.9645
0.9628999999999996
0.9556
0.9453
0.9364
0.9311
0.9287999999999996
0.9212000000000007
0.9153000000000006
0.9114999999999989
0.9053999999999999
0.9017999999999998
0.8926999999999993
0.8839
0.8767000000000001
0.8716000000000004
0.8628000000000003
0.8571999999999993
0.8525000000000007
0.8446000000000004
0.835299999999999
0.8321000000000025
0.8294000000000004
0.8233000000000007
0.8144000000000015
0.811099999999999
0.8104000000000027
0.8050999999999993
0.7992000000000001
0.7956999999999993
0.7930999999999986
0.7851000000000005
0.7810999999999997
0.7741999999999992
0.7715000000000012
0.769800000000001
0.7648000000000006
0.7599000000000008
0.7538999999999977
0.7489000000000001
0.7490000000000003
0.7492000000000008
0.7418999999999989
0.7389000000000004
0.7338999999999991
0.7348999999999991
0.7317000000000016
0.7321999999999993
0.7304000000000014
0.7255999999999995
0.7218000000000012
0.7170000000000013
0.7164000000000029
0.7155000000000002
