17.0
17.0
17.06279999999995
17.123100000000093
17.194399999999984
17.2587
17.320299999999943
17.387200000000057
17.445499999999928
17.515000000000022
17.584699999999884
17.650900000000043
17.717200000000084
17.78709999999989
17.847400000000054
17.915499999999955
17.983099999999897
18.04599999999993
18.106799999999968
18.17699999999999
18.23509999999997
18.29870000000007
18.35770000000002
18.419700000000034
18.482999999999997
18.54409999999999
18.614800000000017
18.6797
18.74050000000008
18.800900000000034
18.859100000000016
18.918800000000036
18.984800000000046
19.051500000000015
19.119499999999977
19.187600000000064
19.252800000000036
19.314000000000103
19.37839999999996
19.443599999999954
19.511400000000002
19.577199999999905
19.644499999999947
19.70599999999996
19.765099999999975
19.834600000000012
19.906399999999987
19.96250000000009
20.032100000000042
20.099599999999906
20.166400000000028
20.233800000000034
20.300200000000036
20.366999999999916
20.42530000000004
20.487899999999918
20.543800000000047
20.60790000000001
20.66109999999987
20.71599999999992
20.76770000000004
20.82129999999998
20.868400000000044
20.9196
20.96299999999996
21.012900000000027
21.06000000000006
21.10510000000004
21.14800000000002
21.19519999999997
21.239000000000054
21.280399999999993
21.319999999999975
21.363699999999973
21.402999999999988
21.44690000000004
21.492199999999993
21.528200000000027
21.570700000000024
21.61529999999997
21.65410000000004
21.699599999999954
21.740299999999955
21.778100000000016
21.814200000000024
21.849999999999987
21.88860000000003
21.92960000000004
21.966900000000003
22.00660000000001
22.046499999999966
22.088199999999983
22.127699999999987
22.16690000000008
22.214199999999977
22.253399999999942
22.29050000000001
22.326599999999946
22.367400000000014
22.404099999999914
22.445499999999942
22.49100000000003
22.530299999999972
22.570699999999995
22.607899999999997
22.651900000000065
22.694599999999955
22.7307
22.771100000000054
22.81190000000006
22.853199999999976
22.898100000000024
22.937299999999965
22.980300000000025
23.021999999999966
23.064200000000028
23.104299999999984
23.145999999999958
23.186300000000006
23.224500000000013
23.27169999999997
23.312699999999996
23.35059999999998
23.387600000000027
23.429200000000048
23.473900000000075
23.512000000000047
23.556900000000013
23.592699999999976
23.63400000000002
23.670100000000016
23.710399999999996
23.758799999999987
23.80160000000002
23.844799999999882
23.889900000000015
23.938600000000047
23.981399999999976
24.025800000000068
24.07080000000001
24.114699999999946
24.16479999999998
24.20380000000002
24.256500000000045
24.305800000000048
24.350799999999964
24.39569999999995
24.43779999999996
24.485899999999955
24.53519999999998
24.584799999999955
24.633100000000034
24.680700000000055
24.729300000000034
24.774099999999898
24.82119999999997
24.87099999999996
24.91720000000002
24.96550000000001
25.012199999999975
25.062699999999992
25.10839999999998
25.155999999999946
25.202999999999996
25.251700000000007
25.29909999999996
25.346600000000024
25.38790000000003
25.43159999999996
25.481899999999992
25.53490000000003
25.580400000000022
25.625699999999984
25.670000000000005
25.718600000000006
25.763300000000033
25.804799999999926
25.850500000000036
25.894099999999987
25.941900000000015
25.981500000000054
26.024700000000017
26.07119999999996
26.111400000000003
26.16420000000003
26.21000000000002
26.257099999999955
26.302899999999987
26.351500000000048
26.394500000000036
26.44090000000009
26.485199999999963
26.5283
26.5695
26.609499999999958
26.651599999999906
26.694199999999977
26.742
26.77959999999996
26.819800000000036
