529.0
529.0
529.1707
529.3761
529.4847
529.6904
529.9005
530.0998
530.0834
530.2199
530.3514
530.4414
530.592
530.6386
530.7447
530.9179
530.9137
531.1166
531.3699
531.7125
531.9048
531.9214
531.9597
532.0867
532.2493
532.4264
532.515
532.8633
533.0779
533.0735
533.321
533.3187
533.6088
533.6063
533.6187
533.6637
533.9124
534.0672
534.1095
534.1763
534.4856
534.5418
534.7476
534.6954
534.6914
534.8746
535.0338
535.196
535.3409
535.4317
535.7507
535.9935
536.1247
536.3511
536.5033
536.6858
536.773
536.85
536.9313
537.0224
537.3262
537.4529
537.6337
537.7795
537.9228
538.0192
538.1929
538.3897
538.4225
538.5663
538.5865
538.7717
538.8527
539.0927
539.2562
539.3994
539.5987
539.8335
539.9025
540.0233
540.1398
540.1772
540.2543
540.3092
540.6624
540.8568
540.9673
541.1479
541.3874
541.6142
541.8247
542.0013
542.0814
542.2703
542.3204
542.3239
542.4373
542.6315
542.8077
543.0077
543.1768
543.2107
543.3933
543.6026
543.7856
543.8929
544.0368
544.1076
544.1503
544.2416
544.2498
544.3138
544.4591
544.668
544.8319
545.1392
545.2711
545.4369
545.4982
545.7332
545.8502
545.9891
546.133
546.3797
546.3235
546.6086
546.7712
547.1514
547.3154
547.5472
547.6215
547.8197
547.8142
548.0451
548.2849
548.1516
548.0766
547.9911
547.8963
547.9692
548.3098
548.4637
548.4381
548.7481
549.0193
549.0716
549.1638
549.3851
549.5066
549.7982
549.7967
550.0045
549.8691
550.0838
550.2478
550.4673
550.5843
550.646
550.8778
550.9315
550.9816
551.0894
551.2825
551.4635
551.5674
551.6561
551.6568
551.8152
551.9802
552.1892
552.2435
552.4635
552.6375
552.6259
552.9242
552.9607
553.234
553.258
553.5281
553.593
553.551
553.6775
553.8214
553.8219
553.7493
553.7977
554.0924
554.1252
554.276
554.3438
554.3865
554.6167
554.5862
554.5935
554.7303
555.008
554.9904
555.1348
555.1277
555.1092
