13.0
13.0
12.915900000000022
12.834100000000001
12.747700000000004
12.665999999999972
12.572199999999988
12.485300000000018
12.402800000000003
12.317699999999988
12.237500000000034
12.153299999999975
12.070599999999978
11.983399999999977
11.901
11.81409999999999
11.733400000000005
11.645300000000017
11.556100000000013
11.473399999999987
11.387599999999985
11.303000000000008
11.215100000000016
11.130500000000014
11.039200000000063
10.953200000000022
10.871000000000006
10.786399999999972
10.697200000000022
10.610399999999963
10.526200000000074
10.445900000000027
10.362699999999968
10.277500000000005
10.191300000000048
10.10630000000001
10.017800000000033
9.93469999999999
9.848699999999981
9.76879999999998
9.691099999999937
9.605499999999989
9.5194
9.434399999999963
9.34799999999997
9.263299999999992
9.180499999999986
9.092899999999963
9.00670000000001
8.928699999999992
8.845100000000018
8.756199999999932
8.668900000000006
8.5814
8.500400000000036
8.426499999999994
8.359100000000028
8.294000000000043
8.227899999999972
8.162599999999966
8.10160000000002
8.047000000000006
7.989699999999997
7.9328
7.8812
7.8268
7.776000000000003
7.7237
7.668800000000002
7.618100000000005
7.5705
7.529300000000003
7.484899999999995
7.4421
7.395300000000003
7.3507
7.3017
7.255499999999997
7.210300000000012
7.163600000000006
7.117999999999997
7.077700000000003
7.0325
6.982499999999995
6.939500000000006
6.894900000000009
6.84839999999999
6.804700000000004
6.756699999999997
6.710900000000003
6.670299999999982
6.627100000000003
6.582100000000003
6.537599999999981
6.4949
6.448999999999997
6.405599999999993
6.363799999999992
6.319400000000013
6.277200000000005
6.237299999999995
6.190899999999996
6.146100000000002
6.104000000000005
6.056700000000025
6.009900000000008
5.961700000000016
5.921399999999981
5.8782999999999745
5.8356
5.790100000000011
5.745399999999994
5.700600000000008
5.65869999999998
5.615900000000001
5.578999999999982
5.533100000000002
5.49269999999999
5.457200000000024
5.419000000000005
5.379299999999994
5.336500000000034
5.293000000000001
5.249399999999988
5.212099999999978
5.172400000000008
5.130899999999992
5.091799999999977
5.057400000000001
5.019700000000004
4.984199999999995
4.950600000000001
4.925100000000013
4.8958999999999975
4.863299999999999
4.836000000000009
4.806200000000012
4.777800000000009
4.756000000000001
4.731800000000012
4.706299999999997
4.685599999999994
4.660699999999985
4.630299999999989
4.607900000000017
4.580999999999984
4.560199999999978
4.5368000000000075
4.5176000000000265
4.4952000000000085
4.477199999999994
4.4617999999999975
4.438000000000022
4.418900000000007
4.395699999999987
4.374399999999987
4.3561000000000005
4.340099999999989
4.325100000000007
4.311599999999991
4.2921
4.272699999999974
4.2573000000000025
4.239800000000007
4.220800000000018
4.202800000000031
4.184600000000032
4.170399999999984
4.154999999999993
4.137899999999984
4.117499999999976
4.099699999999971
4.082499999999978
4.067199999999995
4.050600000000016
4.034900000000016
4.014000000000001
3.9982999999999986
3.981299999999997
3.9649000000000068
3.947800000000007
3.934300000000009
3.920599999999994
3.904400000000003
3.8884000000000007
3.8738000000000006
3.8640999999999988
3.8505000000000016
3.8335999999999983
3.8154
3.8021999999999987
3.7886
3.772
3.7584
3.743999999999997
3.727499999999997
3.7110999999999987
3.6964999999999986
3.6852
3.669499999999997
