17.0
17.0
16.9033
16.804400000000047
16.702000000000023
16.609800000000064
16.50959999999996
16.407400000000234
16.310300000000055
16.211099999999988
16.11219999999996
16.0068
15.9034
15.809
15.7084
15.608
15.5082
15.408200000000006
15.3134
15.224499999999994
15.124299999999996
15.025400000000007
14.921300000000002
14.823400000000007
14.732400000000009
14.636899999999994
14.541000000000011
14.441500000000003
14.346000000000013
14.2491
14.148999999999994
14.050700000000012
13.948099999999986
13.847699999999994
13.7478
13.6464
13.54370000000002
13.447899999999992
13.347900000000006
13.2456
13.147300000000026
13.044699999999992
12.950700000000026
12.852000000000004
12.758799999999992
12.660200000000005
12.561799999999993
12.4582
12.357100000000008
12.255499999999978
12.153399999999966
12.051299999999989
11.953199999999987
11.853200000000028
11.751399999999965
11.652199999999993
11.550499999999973
11.449500000000027
11.347500000000016
11.249900000000036
11.155700000000044
11.063300000000003
10.969299999999993
10.873600000000003
10.778599999999988
10.683900000000007
10.589799999999986
10.491199999999985
10.393200000000004
10.296699999999971
10.201300000000003
10.109500000000024
10.017699999999992
9.925399999999993
9.82489999999999
9.727500000000049
9.63389999999997
9.534199999999979
9.44140000000001
9.34650000000005
9.250800000000034
9.157600000000027
9.061400000000011
8.968099999999973
8.867300000000009
8.775899999999993
8.683299999999994
8.594599999999996
8.497099999999957
8.40770000000004
8.306100000000031
8.213100000000024
8.119999999999967
8.027400000000052
7.935499999999998
7.8409
7.745600000000003
7.654499999999995
7.5619
7.471399999999991
7.374800000000006
7.278399999999997
7.184799999999997
7.09429999999999
7.001199999999997
6.9106
6.819899999999997
6.734799999999998
6.647199999999984
6.561899999999974
6.471799999999985
6.379699999999992
6.284800000000006
6.194399999999976
6.106099999999985
6.018299999999993
5.9303
5.837500000000005
5.748299999999995
5.662499999999991
5.577799999999992
5.491199999999991
5.405699999999996
5.324399999999986
5.243700000000019
5.1580000000000075
5.071999999999989
4.9921999999999995
4.917299999999982
4.846099999999983
4.773699999999973
4.705499999999984
4.642099999999994
4.578400000000018
4.516099999999977
4.453699999999992
4.394199999999988
4.33650000000001
4.279800000000039
4.224199999999983
4.175200000000002
4.124199999999991
4.076899999999997
4.029800000000006
3.981600000000003
3.9395
3.897700000000001
3.852700000000001
3.8094000000000006
3.7660999999999984
3.727299999999999
3.6843999999999983
3.646800000000003
3.6072999999999955
3.5675000000000052
3.5276999999999985
3.4891000000000028
3.4474999999999962
3.4076999999999957
3.371900000000003
3.3360999999999934
3.3000999999999956
3.262500000000005
3.2252000000000147
3.188799999999999
3.152999999999997
3.118200000000008
3.0835000000000146
3.052099999999996
3.0182000000000038
2.985199999999996
2.9525
2.919100000000014
2.886200000000011
2.8532999999999973
2.819199999999997
2.7821999999999987
2.747300000000006
2.715400000000014
2.6859999999999973
2.6556999999999946
2.6241000000000003
2.5950000000000033
2.5645000000000127
2.5310999999999955
2.500499999999996
2.468100000000005
2.439200000000005
2.4112
2.3845000000000107
2.3548999999999998
2.3248999999999973
2.295299999999998
2.2670999999999952
2.2375999999999907
2.2129000000000056
2.187099999999989
2.156599999999997
2.129100000000002
2.1029000000000004
