125.0
125.0
126.8161
128.6735
130.3188
132.1141
133.8099
135.0682
136.7591
138.5734
139.8207
141.5675
143.2517
145.4051
147.0122
148.5651
150.462
152.5865
154.4039
156.222
157.8762
159.5107
161.141
162.8245
164.5199
166.3816
168.0343
169.5682
171.3692
173.2994
175.0023
176.8815
178.7777
180.6897
182.2018
184.303
186.217
188.0027
189.9343
191.625
193.3987
195.2549
196.8645
198.4666
200.4251
202.2769
203.983
205.9768
207.4804
209.6996
211.5466
213.5447
215.6093
217.2838
219.4294
220.6354
222.424
224.1887
225.6692
227.5833
228.931
230.5192
231.7486
233.1725
234.6733
235.82
237.4696
239.2645
240.3982
241.1842
242.0818
243.1162
244.0043
244.7224
245.7889
247.114
247.5924
248.5538
248.888
250.0785
251.188
252.4418
253.6759
254.2038
255.169
256.3113
257.513
258.5411
260.2046
261.2135
262.1027
263.3578
264.4329
265.1719
266.0625
266.9239
268.1233
268.7098
269.5007
270.4004
270.7291
270.5902
271.5847
272.3346
273.1202
273.8485
274.4526
275.1121
275.4521
275.9845
276.4335
276.8866
277.003
277.7884
278.7419
280.1045
280.8628
281.6226
282.1382
282.8136
283.9138
284.7373
285.4096
286.1406
287.2936
288.5066
288.5236
288.7139
289.5851
289.8423
290.944
291.8253
292.0864
292.3277
293.2895
293.7988
294.3052
294.991
294.6954
295.4127
295.0728
294.4307
293.5308
293.4324
293.3885
293.8877
293.6424
293.6229
293.7459
293.8478
293.6602
293.4881
293.9454
293.1906
292.3648
292.8585
292.6529
291.9007
291.9791
291.0461
291.1002
290.3015
290.0232
289.6714
289.4025
288.9863
288.8799
289.2314
288.8242
289.0885
287.8083
288.4341
287.2664
286.9024
286.8644
285.6129
285.3869
284.8819
284.9655
284.1995
283.7375
283.5061
282.2705
281.6575
281.788
281.0524
280.3743
279.3852
278.8376
278.724
278.009
278.1471
277.2284
276.8164
276.8787
276.5653
276.7359
277.0228
276.0277
275.3815
