0.0
0.0
0.0012999999999999971
0.0031000000000000055
0.004800000000000022
0.006900000000000002
0.008199999999999989
0.010000000000000035
0.010900000000000007
0.012800000000000006
0.015299999999999998
0.01689999999999984
0.01820000000000005
0.019500000000000024
0.020899999999999985
0.02290000000000002
0.025199999999999997
0.026699999999999988
0.02930000000000001
0.031
0.033100000000000115
0.034399999999999806
0.03649999999999996
0.03800000000000009
0.04020000000000004
0.04220000000000007
0.04349999999999999
0.04509999999999997
0.04640000000000015
0.048399999999999915
0.04970000000000004
0.05200000000000007
0.05420000000000008
0.05620000000000002
0.0579
0.05909999999999995
0.06059999999999998
0.06190000000000001
0.06340000000000011
0.06529999999999965
0.0671
0.06850000000000062
0.0704999999999999
0.07259999999999991
0.07400000000000012
0.07529999999999999
0.07749999999999976
0.07890000000000039
0.08109999999999991
0.0825999999999999
0.08369999999999998
0.08589999999999993
0.0872999999999998
0.08910000000000018
0.09149999999999993
0.09339999999999984
0.0944999999999998
0.0962000000000002
0.09899999999999977
0.10129999999999977
0.10280000000000011
0.10449999999999986
0.10640000000000016
0.10720000000000023
0.10889999999999996
0.11110000000000014
0.11270000000000012
0.1149
0.11669999999999991
0.11930000000000007
0.12140000000000009
0.12399999999999996
0.12649999999999978
0.12850000000000017
0.13149999999999987
0.13460000000000044
0.13770000000000013
0.13969999999999974
0.14270000000000035
0.14520000000000033
0.14800000000000024
0.15039999999999995
0.15269999999999942
0.15569999999999956
0.1580000000000008
0.16079999999999947
0.16330000000000042
0.1655999999999997
0.16959999999999978
0.17189999999999983
0.17579999999999935
0.17779999999999951
0.1803
0.1829999999999991
0.18510000000000026
0.18999999999999992
0.1937999999999998
0.19629999999999997
0.19829999999999984
0.20220000000000019
0.20529999999999937
0.20840000000000022
0.21230000000000013
0.21649999999999991
0.2187999999999999
0.2229
0.2256000000000002
0.2303999999999999
0.23409999999999992
0.2380000000000001
0.24169999999999991
0.24650000000000005
0.2504
0.25439999999999985
0.2596000000000009
0.2622000000000007
0.2666000000000009
0.26960000000000023
0.2723999999999989
0.27549999999999786
0.2788000000000017
0.28159999999999924
0.28739999999999966
0.2932000000000007
0.29640000000000055
0.30019999999999886
0.30519999999999864
0.3100999999999994
0.31510000000000027
0.3192000000000004
0.32249999999999934
0.32659999999999834
0.3296000000000011
0.33360000000000134
0.3380000000000001
0.34249999999999897
0.3458000000000008
0.34949999999999976
0.3531999999999996
0.3582000000000005
0.3634000000000001
0.3677000000000005
0.37120000000000053
0.3762000000000001
0.3800999999999999
0.3837000000000011
0.38779999999999964
0.3922000000000011
0.39589999999999953
0.3986999999999984
0.40339999999999954
0.4060000000000001
0.41220000000000073
0.4152999999999997
0.4188000000000007
0.4227000000000011
0.42689999999999984
0.4309
0.43420000000000025
0.43770000000000026
0.4418000000000002
0.4461999999999997
0.44920000000000015
0.4533000000000002
0.4564
0.4595
0.46230000000000016
0.4644000000000001
0.4683999999999998
0.4715
0.4751
0.4781000000000002
0.4809
0.4828999999999999
0.48579999999999984
0.4902
0.49409999999999993
0.4965000000000001
0.49979999999999936
0.5032999999999987
0.5062000000000006
0.5088999999999991
0.5121999999999979
0.517400000000001
0.5217
0.5239999999999997
0.5270999999999997
0.5293999999999983
0.532399999999995
0.5368000000000033
0.5400000000000015
0.5426000000000026
0.5441000000000006
0.5472000000000006
0.5513000000000016
0.5540999999999996
0.5574999999999998
0.5602000000000011
0.5622000000000006
0.5653000000000037
