12167.0
12167.0
12116.2979
12072.3674
12029.9752
11986.4026
11945.4075
11901.6555
11864.0121
11821.9359
11777.7938
11741.1307
11701.7043
11660.4224
11613.3875
11569.8011
11527.917
11489.5133
11458.5769
11420.8671
11384.2195
11340.1688
11303.9676
11261.4469
11217.358
11177.6497
11136.0307
11101.4151
11063.9297
11021.2245
10986.575
10952.2084
10913.3163
10874.5267
10838.531
10800.3471
10762.8575
10724.9714
10690.4855
10652.167
10609.4431
10567.4677
10534.465
10495.0844
10454.6156
10414.38
10375.3123
10340.1006
10298.9016
10266.2084
10230.869
10191.8263
10154.4132
10121.3448
10084.2356
10053.6611
10023.0786
9990.2469
9955.8402
9924.4903
9887.1926
9859.3365
9824.8096
9788.0074
9755.2132
9725.2713
9692.6143
9659.3442
9628.0521
9596.1735
9564.9296
9531.2779
9501.1813
9479.8806
9445.1593
9408.4203
9380.5616
9342.4477
9313.1442
9279.3465
9248.7426
9215.6407
9186.1915
9158.3517
9130.434
9099.1681
9071.9376
9040.855
9016.0681
8987.1168
8957.0277
8928.3244
8899.677
8870.774
8838.7332
8814.3709
8786.8681
8752.0436
8722.4909
8692.5913
8667.164
8637.3077
8612.6688
8584.0159
8552.9959
8523.1908
8490.9706
8460.3014
8429.6664
8399.7895
8367.767
8344.8312
8315.7733
8289.1636
8265.2647
8235.7641
8209.1785
8182.9952
8157.023
8126.4137
8097.5002
8071.5269
8042.8343
8012.3109
7982.4916
7958.9003
7934.5466
7902.2101
7870.3031
7841.099
7810.3653
7776.4464
7743.4409
7706.8523
7675.5139
7637.6388
7606.8389
7572.2344
7531.3241
7497.5634
7460.5371
7420.927
7378.7141
7338.9068
7297.3039
7258.4253
7218.1971
7176.8747
7132.7497
7089.2855
7051.3428
7013.2962
6976.4163
6932.2918
6895.6411
6859.3293
6814.5425
6772.565
6729.5169
6688.1696
6645.4112
6600.2759
6559.4376
6519.2385
6473.4461
6434.5091
6394.3888
6355.5875
6316.8134
6274.8362
6232.4913
6196.6551
6158.3411
6121.4175
6077.905
6038.8861
6000.8599
5962.0864
5928.7687
5888.9328
5850.839
5813.6761
5773.8284
5733.0897
5696.1827
5655.2444
5613.3802
5566.4877
5530.5045
5495.7953
5461.6725
5421.3922
5382.4738
5345.7896
5309.5346
5276.2372
5240.2938
5202.4375
5161.7481
5126.5662
