289.0
289.0
285.8315
282.6134
279.2964
276.3326
273.122
269.8692
266.8123
263.6949
260.6154
257.3514
254.1776
251.2996
248.2424
245.2046
242.2008
239.214
236.4234
233.8013
230.8751
228.003
225.0069
222.2146
219.6284
216.9361
214.234
211.4865
208.848
206.1797
203.4392
200.7897
198.0315
195.3473
192.6994
190.0434
187.3401
184.8453
182.2765
179.6838
177.2143
174.6625
172.3413
169.8964
167.6234
165.2288
162.8544
160.3662
157.9889
155.6187
153.2544
150.9049
148.6416
146.3756
144.0834
141.8352
139.6095
137.4045
135.1761
133.0849
131.0931
129.1313
127.1313
125.1582
123.2164
121.2771
119.38
117.4158
115.4646
113.5501
111.6793
109.9105
108.1769
106.4718
104.6231
102.8167
101.1377
99.3452
97.6918
95.9957
94.2938
92.6854
91.0222
89.4443
87.7775
86.2757
84.6925
83.2754
81.7135
80.2773
78.6491
77.1823
75.7598
74.3264
72.9335
71.5285
70.112
68.7971
67.4583
66.1482
64.7948
63.4506
62.173
60.9313
59.6662
58.4908
57.3411
56.2132
55.076
53.9977
52.8416
51.6879
50.5402
49.4494
48.3905
47.3711
46.3177
45.2325
44.2229
43.2523
42.3088
41.357
40.4307
39.5444
38.6867
37.7928
36.892
36.0524
35.2655
34.5383
33.7947
33.1081
32.4755
31.825
31.2051
30.5941
30.0206
29.4533
28.9106
28.3806
27.9124
27.4346
27.0049
26.5724
26.1242
25.7565
25.3497
24.9519
24.5496
24.1883
23.8543
23.4842
23.1578
22.8157
22.4727
22.1343
21.7819
21.4555
21.1205
20.8253
20.5331
20.2331
19.9089
19.607
19.3272
19.0576
18.7796
18.4927
18.2427
17.9756
17.7014
17.4481
17.1921
16.9418
16.6793
16.4106
16.1266
15.8739
15.6204
15.409
15.1945
14.9545
14.7482
14.5165
14.2691
14.0421
13.8099
13.5992
13.3824
13.1985
12.9557
12.7575
12.5527
12.3769
12.163
11.9811
11.7893
11.5676
11.3893
11.2093
