81.0
81.0
79.014
77.0454
75.2208
73.3191
71.612
69.7627
68.0638
66.3247
64.7248
62.936
61.206
59.5829
57.9769
56.4446
54.8741
53.4123
51.9976
50.5079
49.1982
47.7615
46.4356
45.0674
43.809
42.549
41.2633
40.016
38.7886
37.6
36.4615
35.3817
34.3704
33.2432
32.1072
31.0954
30.1116
29.2082
28.2279
27.3168
26.4678
25.5488
24.6784
23.903
23.1155
22.3653
21.6398
20.9126
20.2405
19.5533
18.8889
18.3095
17.6861
17.1244
16.6554
16.2299
15.8498
15.5826
15.3552
15.1657
14.9798
14.8127
14.67
14.5712
14.4191
14.2771
14.1711
14.0506
13.9721
13.8971
13.8195
13.778
13.7488
13.666
13.5994
13.5531
13.5457
13.5128
13.4889
13.4478
13.4065
13.3632
13.293
13.2051
13.1482
13.0998
13.082
13.0715
13.0654
13.0522
12.9881
12.9791
12.9177
12.8636
12.832
12.8039
12.7364
12.6835
12.6484
12.6197
12.5635
12.5113
12.4631
12.4624
12.4847
12.4369
12.401
12.3417
12.2879
12.2854
12.2532
12.2214
12.1451
12.1147
12.1016
12.1016
12.1163
12.1303
12.114
12.0841
12.0641
12.0073
11.9843
11.9642
11.953
11.9385
11.9104
11.9061
11.8932
11.8659
11.8536
11.8247
11.7466
11.7235
11.6904
11.6202
11.5536
11.4387
11.3619
11.3266
11.3134
11.297
11.2688
11.2537
11.2018
11.1565
11.0899
11.0423
10.9863
10.9493
10.9027
10.8576
10.804
10.7791
10.7462
10.7026
10.6799
10.6281
10.5624
10.5584
10.4888
10.4128
10.3223
10.2684
10.1947
10.1553
10.1242
10.0871
10.0204
9.956
9.8928
9.8799
9.8854
9.8142
9.7867
9.749
9.6954
9.631
9.5524
9.4698
9.4243
9.3836
9.3241
9.2706
9.25
9.2127
9.1571
9.1025
9.0682
9.0378
8.9753
8.9293
8.9143
8.8475
8.8021
8.7511
8.7272
8.7034
8.6751
8.6508
