17.0
17.0
16.91619999999994
16.8341
16.750800000000087
16.670100000000023
16.583099999999913
16.502200000000112
16.42069999999998
16.343399999999935
16.254799999999946
16.179400000000147
16.102799999999913
16.02010000000007
15.9328
15.8492
15.764199999999997
15.6803
15.5918
15.5127
15.4251
15.3453
15.261599999999994
15.1803
15.101400000000009
15.011800000000006
14.9267
14.837899999999994
14.753899999999994
14.67169999999999
14.588899999999997
14.502299999999995
14.427199999999992
14.342700000000011
14.2564
14.168499999999971
14.0855
14.009100000000004
13.925300000000012
13.83389999999998
13.75379999999998
13.667999999999997
13.592100000000018
13.503900000000023
13.422899999999995
13.344599999999982
13.261899999999978
13.183799999999982
13.09809999999996
13.022600000000004
12.947499999999987
12.86769999999998
12.78619999999996
12.707399999999971
12.630400000000053
12.556099999999985
12.485700000000014
12.419800000000006
12.355200000000025
12.29290000000001
12.236499999999984
12.187499999999973
12.140899999999995
12.091600000000005
12.039300000000022
11.996000000000006
11.949800000000023
11.904700000000037
11.855600000000008
11.812899999999967
11.768699999999995
11.725799999999978
11.680700000000021
11.63740000000001
11.59140000000002
11.546600000000025
11.505299999999997
11.458000000000007
11.418599999999975
11.376399999999991
11.332900000000016
11.296899999999987
11.255099999999986
11.215200000000015
11.174099999999992
11.132300000000024
11.086099999999984
11.046700000000016
11.00400000000001
10.960499999999998
10.916099999999995
10.870100000000008
10.828900000000004
10.781999999999968
10.743900000000005
10.703200000000015
10.661600000000014
10.6184
10.581699999999953
10.543299999999963
10.503600000000018
10.463800000000028
10.422500000000023
10.375200000000007
10.339800000000015
10.297800000000002
10.2566
10.21110000000002
10.167000000000032
10.12320000000001
10.088900000000006
10.052600000000018
10.014199999999958
9.978799999999989
9.940200000000026
9.902700000000008
9.869199999999983
9.829599999999981
9.789400000000073
9.745299999999984
9.699999999999998
9.660199999999975
9.623600000000014
9.581800000000023
9.542100000000007
9.505799999999976
9.467500000000019
9.424199999999994
9.379400000000048
9.332299999999996
9.27850000000004
9.230500000000005
9.182899999999984
9.130000000000011
9.074500000000048
9.017800000000053
8.965899999999982
8.908999999999942
8.856799999999998
8.800999999999949
8.743099999999972
8.677399999999993
8.616099999999964
8.548600000000015
8.48330000000003
8.424400000000007
8.358200000000007
8.298399999999978
8.234799999999979
8.171200000000024
8.11290000000002
8.046200000000026
7.97840000000001
7.915700000000001
7.8578
7.792000000000002
7.7315
7.6678
7.6048
7.544600000000003
7.487699999999997
7.4226000000000045
7.355999999999997
7.289099999999994
7.233199999999997
7.168799999999993
7.1002
7.036900000000003
6.974600000000003
6.912200000000006
6.8567000000000045
6.791800000000006
6.732699999999997
6.668500000000006
6.614600000000013
6.550800000000007
6.494100000000012
6.432700000000017
6.3747000000000025
6.3139999999999965
6.256700000000005
6.2006999999999985
6.136100000000003
6.0782999999999845
6.019200000000022
5.964100000000006
5.908600000000004
5.8526999999999845
5.798899999999991
5.739399999999996
5.680099999999995
5.6242999999999865
5.569600000000005
5.514100000000009
5.456599999999991
5.397300000000011
5.339599999999982
5.287000000000018
5.2362000000000215
5.182899999999995
