81.0
81.0
81.7265
82.4996
83.2073
83.9711
84.667
85.2516
85.8481
86.6654
87.3617
88.0156
88.774
89.3585
89.9995
90.6815
91.4248
92.1354
92.9575
93.7159
94.4546
95.0919
95.772
96.6274
97.3869
98.0733
98.7942
99.4557
100.1549
100.8388
101.4991
102.2046
103.0233
103.7968
104.7311
105.3715
106.2448
107.0076
107.8336
108.5002
109.2222
109.9791
110.8592
111.6084
112.3385
113.1281
114.129
114.8937
115.6677
116.3949
117.3882
118.1955
118.9393
119.687
120.3204
121.0797
121.977
122.8459
123.6725
124.5905
125.2954
126.0392
126.9169
127.7784
128.6952
129.4577
130.3154
131.0181
131.8098
132.473
133.2766
134.1022
134.9288
135.6453
136.4994
137.4462
138.2188
139.0949
139.8864
140.77
141.6718
142.6398
143.5175
144.3048
145.3091
146.2005
147.14
147.9734
148.9922
149.8044
150.7687
151.6206
152.4823
153.3903
154.3312
155.2205
156.0092
157.0493
158.0419
158.9938
159.7601
160.7165
161.6636
162.4653
163.2566
164.1899
165.0746
165.9622
166.9092
167.9117
168.6809
169.5376
170.4317
171.2586
172.2566
173.2781
174.0351
175.106
176.1583
177.2256
178.1962
179.183
180.0768
180.9868
181.8232
182.9139
183.8989
184.8403
185.8115
186.8018
187.8645
188.7951
189.7304
190.8415
191.9557
192.9635
194.0707
195.2551
196.4434
197.5003
198.7557
199.9894
201.1858
202.3127
203.4005
204.7928
205.9434
206.9936
208.0405
209.3409
210.5752
211.7643
212.9352
214.0745
215.3304
216.4762
217.6763
218.7979
219.9944
221.2919
222.4892
223.7708
225.0394
226.3306
227.5362
228.8188
230.0924
231.5035
232.7324
234.1578
235.5765
236.8702
237.9646
239.0199
240.2496
241.5933
242.9015
244.0848
245.5059
246.8124
248.0824
249.4692
251.0405
252.2291
253.4806
254.7173
255.9556
257.389
258.6977
260.0984
261.3621
262.8404
264.1398
265.5905
267.0833
268.3333
269.6185
271.0157
272.511
273.7669
