7.0
7.0
7.013799999999997
7.020400000000003
7.027900000000009
7.03749999999999
7.047399999999997
7.059800000000009
7.0688999999999975
7.082999999999989
7.0943
7.102399999999997
7.113999999999998
7.123200000000009
7.137400000000006
7.147899999999991
7.160199999999992
7.171300000000008
7.182499999999991
7.1969
7.2051000000000025
7.212300000000004
7.228799999999992
7.2401000000000115
7.251899999999994
7.267099999999996
7.279699999999997
7.295199999999996
7.307200000000007
7.317
7.328500000000003
7.340699999999997
7.351200000000003
7.363299999999991
7.375500000000003
7.388599999999992
7.402299999999997
7.415799999999991
7.429400000000003
7.440099999999991
7.449699999999997
7.463699999999997
7.4738000000000016
7.4844
7.498100000000003
7.510099999999999
7.5211999999999986
7.533700000000003
7.542900000000001
7.5538
7.562500000000003
7.5784
7.587899999999997
7.5987
7.611499999999997
7.6237
7.637100000000003
7.6496
7.661
7.677900000000003
7.694199999999997
7.7091
7.722000000000003
7.736600000000003
7.7519
7.764699999999999
7.7819
7.795500000000001
7.809300000000003
7.8253
7.843
7.8603
7.878
7.8953
7.9107
7.9315
7.9478
7.9677
7.981700000000006
8.002899999999977
8.02139999999998
8.036499999999988
8.054199999999952
8.070800000000004
8.091799999999974
8.107199999999974
8.123500000000037
8.143999999999972
8.163300000000033
8.18009999999993
8.201100000000002
8.219600000000009
8.234799999999993
8.257699999999964
8.276700000000007
8.29320000000006
8.307999999999996
8.325900000000013
8.346600000000011
8.366700000000028
8.383599999999985
8.403099999999963
8.420499999999944
8.441099999999995
8.463499999999973
8.483100000000002
8.504000000000028
8.52429999999997
8.54270000000004
8.562599999999932
8.58289999999999
8.6025
8.62440000000003
8.64379999999999
8.662099999999977
8.68559999999995
8.704099999999997
8.72290000000002
8.742000000000004
8.759600000000042
8.779299999999989
8.799699999999978
8.818699999999994
8.837199999999996
8.855099999999988
8.87259999999995
8.8923
8.910399999999992
8.92799999999997
8.947999999999977
8.969000000000024
8.988499999999947
9.007700000000016
9.02359999999998
9.040799999999956
9.059300000000011
9.079400000000003
9.0992
9.115000000000014
9.134799999999997
9.150999999999991
9.169799999999952
9.188199999999936
9.206199999999992
9.224400000000003
9.242599999999982
9.26029999999996
9.277200000000018
9.296300000000025
9.313899999999997
9.331299999999995
9.349299999999998
9.366899999999982
9.384299999999948
9.406399999999971
9.426000000000085
9.444100000000011
9.462999999999976
9.481599999999986
9.500199999999987
9.518200000000057
9.533699999999987
9.553199999999983
9.56789999999998
9.584500000000004
9.602599999999994
9.620300000000016
9.636800000000015
9.654399999999995
9.67330000000007
9.686999999999973
9.703500000000059
9.718600000000011
9.736699999999956
9.754400000000018
9.772399999999982
9.790799999999994
9.807999999999984
9.82289999999998
9.844199999999994
9.864199999999988
9.882000000000025
9.897099999999993
9.915100000000049
9.933000000000044
9.949799999999964
9.969800000000012
9.988600000000012
10.007199999999994
10.023999999999978
10.041299999999932
10.05470000000006
10.070599999999969
10.088899999999926
10.105300000000005
10.121599999999967
10.139499999999982
10.156899999999974
10.173599999999976
10.192699999999986
