729.0
729.0
743.7569
756.9597
772.63
787.3545
802.7346
815.6364
829.1634
844.7978
859.1885
875.5177
890.9431
906.8894
923.0736
938.4111
953.3209
969.6454
984.5325
999.2201
1013.4957
1029.4609
1043.8812
1060.817
1077.2123
1092.7681
1109.2209
1124.1862
1142.2851
1158.4722
1175.136
1191.225
1206.3066
1222.61
1241.6989
1257.6126
1273.5998
1292.4127
1311.1247
1326.8461
1346.6063
1363.3337
1379.2508
1397.8343
1414.0761
1431.3946
1447.8447
1466.0481
1482.3693
1501.37
1519.3471
1536.6116
1554.8916
1571.9394
1589.629
1605.3964
1623.9349
1642.6871
1660.5193
1680.0189
1698.111
1715.904
1734.9526
1753.6618
1769.7853
1786.4174
1803.0213
1818.836
1835.7129
1853.5937
1871.1256
1890.5874
1908.2847
1926.8091
1942.3225
1960.8755
1980.8955
2000.5686
2018.5635
2035.4332
2054.7133
2071.6506
2090.0522
2107.6432
2124.2833
2143.4099
2162.0183
2181.1438
2199.7318
2218.3263
2237.3947
2255.1245
2275.2711
2292.8971
2313.3023
2331.7969
2351.3665
2368.7464
2388.6838
2408.4379
2425.1586
2442.3963
2461.7799
2479.3352
2498.2657
2514.1717
2533.8657
2550.278
2567.9377
2588.1857
2605.2491
2624.062
2644.6671
2662.3882
2681.0188
2697.1781
2717.7693
2737.1163
2757.3999
2776.4417
2797.666
2816.1419
2835.4084
2856.2085
2875.1331
2894.4274
2913.1408
2932.9983
2950.7843
2969.66
2988.8627
3008.5832
3026.7825
3044.6661
3059.0876
3075.3522
3095.3388
3113.1229
3130.4643
3149.7703
3164.5191
3182.5606
3200.6475
3218.2026
3235.6253
3253.0267
3269.3439
3285.105
3304.5112
3320.9199
3339.1016
3356.2669
3372.6629
3389.7806
3403.5701
3417.2708
3435.1362
3452.6256
3468.3536
3481.3897
3499.1405
3511.9041
3528.9424
3543.3641
3558.9023
3570.7319
3587.6585
3602.74
3620.0565
3638.1888
3653.3505
3668.3305
3682.8611
3695.9818
3712.886
3726.1936
3740.7574
3753.894
3769.2417
3782.6158
3795.8847
3808.7629
3821.0802
3835.8783
3848.6928
3865.1855
3882.4349
3895.8463
3908.3638
3923.9165
3934.8864
3949.4691
3964.3435
3977.0503
3993.213
4005.5572
4018.3456
4032.6364
4046.8443
4058.6124
