23.0
23.0
22.964900000000043
22.934000000000037
22.904199999999953
22.873600000000003
22.844699999999996
22.81350000000013
22.786499999999958
22.756500000000045
22.725199999999973
22.698700000000013
22.67009999999999
22.640000000000107
22.606700000000025
22.574900000000078
22.54440000000002
22.516100000000105
22.49290000000002
22.46550000000007
22.438299999999984
22.40600000000003
22.378800000000084
22.347700000000028
22.315599999999957
22.28590000000001
22.254700000000028
22.228499999999986
22.20049999999992
22.169099999999958
22.14259999999996
22.116400000000077
22.08690000000004
22.057300000000033
22.029799999999973
22.0005000000001
21.9719
21.942200000000017
21.915499999999952
21.88600000000001
21.852699999999935
21.820300000000028
21.79419999999997
21.763400000000036
21.73219999999997
21.70079999999996
21.67030000000005
21.64259999999998
21.61079999999995
21.584599999999938
21.556999999999984
21.525699999999965
21.49620000000007
21.469199999999987
21.439400000000003
21.41449999999996
21.389400000000013
21.362099999999952
21.33479999999998
21.309100000000022
21.278000000000027
21.254699999999975
21.22540000000014
21.19599999999997
21.168400000000016
21.143100000000036
21.115900000000003
21.08759999999997
21.06089999999986
21.033899999999942
21.007399999999993
20.97850000000004
20.953299999999963
20.934000000000015
20.905300000000032
20.875500000000056
20.850799999999992
20.81889999999998
20.79360000000003
20.764500000000037
20.73719999999997
20.7079
20.682700000000104
20.65830000000003
20.632799999999918
20.60530000000002
20.581799999999888
20.55400000000002
20.53210000000004
20.50619999999998
20.48009999999998
20.453800000000044
20.4281999999999
20.402600000000042
20.374800000000032
20.352099999999957
20.326900000000034
20.29639999999996
20.269099999999984
20.242900000000073
20.21900000000005
20.192300000000078
20.168400000000023
20.142699999999987
20.114500000000024
20.08739999999994
20.05839999999998
20.03000000000004
20.00160000000001
19.974100000000025
19.944799999999884
19.92299999999995
19.895500000000023
19.87000000000005
19.846900000000048
19.819500000000023
19.795299999999976
19.77140000000007
19.747400000000006
19.71830000000006
19.690600000000035
19.6649
19.63790000000006
19.60949999999993
19.580800000000046
19.558100000000053
19.53499999999996
19.504300000000068
19.474099999999996
19.44620000000003
19.416899999999973
19.3836
19.351699999999965
19.31630000000001
19.28589999999992
19.25039999999998
19.21970000000001
19.186000000000053
19.14709999999993
19.112400000000033
19.074299999999997
19.03359999999996
18.989300000000046
18.949400000000065
18.90669999999991
18.865500000000075
18.82409999999995
18.783500000000057
18.737499999999955
18.692299999999946
18.651000000000078
18.610800000000065
18.570900000000048
18.52359999999998
18.483700000000045
18.44490000000003
18.398300000000038
18.352399999999964
18.30630000000002
18.261199999999967
18.21379999999993
18.166700000000066
18.121200000000066
18.076499999999967
18.02510000000006
17.981900000000042
17.938000000000034
17.89370000000003
17.85079999999994
17.802799999999976
17.756100000000014
17.715300000000013
17.66929999999997
17.6264999999998
17.576200000000007
17.5315
17.48530000000007
17.43820000000008
17.39709999999993
17.351400000000034
17.305399999999878
17.259700000000002
17.212400000000013
17.163900000000076
17.119100000000063
17.07020000000001
17.020599999999902
16.964100000000062
16.919100000000036
16.874299999999934
16.832099999999972
16.781800000000104
16.733200000000007
16.688
16.64240000000003
16.598800000000043
16.552200000000155
16.502499999999937
16.449299999999997
16.400999999999904
