25.0
25.0
25.1915
25.3849
25.5506
25.7377
25.9101
26.0322
26.1997
26.3766
26.4903
26.6621
26.8293
27.0463
27.1998
27.3405
27.5296
27.7401
27.9079
28.0884
28.247
28.4059
28.5586
28.7217
28.8783
29.058
29.2109
29.3588
29.5314
29.714
29.8689
30.0445
30.2293
30.3975
30.53
30.733
30.9186
31.0775
31.2499
31.4108
31.5673
31.7457
31.8997
32.0476
32.2355
32.3905
32.5458
32.7302
32.8648
33.069
33.2376
33.4187
33.6033
33.7558
33.9422
34.0512
34.2018
34.3479
34.4712
34.6457
34.7478
34.8788
34.9728
35.0761
35.1911
35.2704
35.4054
35.5539
35.641
35.6796
35.7388
35.8098
35.8637
35.895
35.9695
36.0564
36.059
36.1318
36.1234
36.2025
36.2682
36.351
36.4351
36.4542
36.4998
36.5785
36.6442
36.7087
36.831
36.8847
36.9217
37.0056
37.0787
37.1161
37.1665
37.2011
37.2659
37.295
37.3265
37.372
37.3717
37.3488
37.4047
37.4362
37.4836
37.5115
37.5392
37.5585
37.5795
37.5917
37.5969
37.6084
37.584
37.6142
37.6649
37.7451
37.7822
37.8034
37.813
37.8374
37.8886
37.9389
37.95
37.9888
38.0522
38.1146
38.0838
38.0647
38.1107
38.0941
38.1502
38.1911
38.1826
38.1509
38.1825
38.1732
38.1722
38.155
38.0764
38.0831
38.0162
37.9175
37.7912
37.7488
37.6993
37.6875
37.6182
37.5567
37.5235
37.4842
37.4228
37.3779
37.3662
37.2638
37.1478
37.1341
37.0869
36.9661
36.9141
36.7963
36.7542
36.6499
36.541
36.448
36.3883
36.2969
36.2249
36.2058
36.1378
36.1123
35.9559
35.9345
35.8132
35.7326
35.676
35.5347
35.4525
35.3725
35.3311
35.2199
35.1293
35.0735
34.9517
34.8507
34.8046
34.711
34.6209
34.4966
34.4094
34.3722
34.2692
34.2305
34.101
34.0118
33.9853
33.9235
33.8615
33.8326
33.7127
33.6309
