64.0
64.0
68.6705
73.5401
78.1596
83.1172
88.6687
93.8346
99.6159
105.3818
111.3703
117.4782
123.0505
129.2437
136.3158
143.0339
149.8285
156.6678
163.9609
170.5155
177.7846
185.4558
193.4354
200.9447
208.7944
216.7493
224.6087
233.3305
241.6446
249.2441
258.8215
267.9209
276.0445
285.7396
295.5268
305.0008
315.4709
324.7671
335.0535
346.356
358.5983
369.3863
380.1917
391.5721
402.6617
413.4393
424.7954
435.1786
446.789
459.4158
472.4629
485.1857
498.7159
512.3665
525.3607
537.2989
551.9831
567.2305
581.0212
595.8139
610.6558
625.483
638.0175
651.676
664.6718
680.0762
694.2109
710.2581
726.6894
742.8082
757.727
771.8688
786.1411
803.586
819.9161
835.9757
853.4414
871.0486
887.6487
905.3044
924.0512
938.7015
955.8845
973.468
993.3381
1009.5593
1025.1207
1045.3724
1063.6976
1082.5103
1101.1872
1121.6433
1143.3282
1161.7514
1182.344
1204.9722
1224.4804
1244.5239
1264.2289
1287.5191
1307.8013
1328.2667
1349.2925
1370.9784
1393.1623
1415.813
1439.3688
1461.9989
1483.4453
1505.1255
1529.6316
1554.0031
1581.1165
1606.8192
1631.9089
1658.146
1685.349
1711.793
1739.5489
1767.0508
1794.854
1818.9431
1847.9757
1878.4025
1905.7387
1932.2022
1961.3886
1990.0332
2019.8782
2046.7396
2072.1117
2096.2015
2120.911
2144.3038
2166.632
2189.0504
2209.6171
2236.733
2259.3617
2286.1869
2311.5747
2333.3549
2355.4354
2374.8213
2395.5636
2417.1093
2443.5109
2468.1907
2489.1473
2510.2284
2533.6643
2550.7087
2570.12
2589.749
2610.2014
2631.6693
2654.6283
2676.4733
2694.6668
2721.3227
2738.594
2761.1754
2781.4308
2802.0283
2830.2354
2855.5843
2881.8124
2902.1356
2925.5939
2947.2007
2972.2067
2991.9799
3017.1169
3038.9058
3063.5374
3085.1127
3103.9778
3126.9789
3143.0547
3168.4545
3189.3414
3210.4433
3231.3247
3257.6628
3276.5961
3302.5576
3321.0492
3336.8785
3359.8047
3384.3677
3407.7499
3434.5897
3461.583
3487.6344
3512.1944
3539.2924
3561.6035
3584.4415
3609.8826
3632.7958
