225.0
225.0
225.4509
225.9261
226.2647
226.7729
227.223
227.6362
228.0301
228.3973
228.8555
229.2634
229.7361
230.0907
230.4017
230.8316
231.2013
231.5186
231.8146
232.1332
232.406
232.7214
233.0054
233.2588
233.5927
233.8455
234.1113
234.3964
234.6716
234.9108
235.2071
235.3822
235.5832
235.8394
236.0571
236.2688
236.4749
236.685
236.8744
237.0554
237.2668
237.433
237.5683
237.6938
237.8593
238.0163
238.1747
238.2715
238.4055
238.5908
238.7747
238.9475
239.0513
239.1415
239.2977
239.4568
239.5481
239.61
239.697
239.809
239.9146
239.9819
240.125
240.245
240.3924
240.4987
240.6239
240.7287
240.8109
240.8857
241.032
241.1789
241.262
241.3763
241.4501
241.5646
241.5829
241.6631
241.7005
241.7482
241.7486
241.8222
241.8893
241.9687
241.9852
242.0089
242.0994
242.1949
242.2817
242.3305
242.3911
242.4674
242.514
242.5243
242.5253
242.5819
242.5761
242.6377
242.6467
242.6773
242.7563
242.8235
242.8818
242.8931
242.934
243.0018
243.0336
243.0454
243.0882
243.121
243.1365
243.1315
243.1584
243.2198
243.2579
243.2686
243.2874
243.2975
243.2805
243.2425
243.2621
243.3052
243.288
243.2737
243.2654
243.2958
243.3233
243.3295
243.352
243.3439
243.3406
243.3476
243.3672
243.3751
243.3583
243.3562
243.3401
243.3884
243.4452
243.4621
243.4681
243.4577
243.4715
243.5118
243.5019
243.5184
243.5118
243.521
243.5248
243.5453
243.5857
243.5977
243.5989
243.621
243.6458
243.5792
243.5544
243.5672
243.5649
243.5684
243.5415
243.5152
243.5464
243.5235
243.5011
243.5084
243.5082
243.507
243.5151
243.4903
243.5076
243.5314
243.5177
243.5111
243.5634
243.5692
243.5783
243.5992
243.6106
243.5972
243.6123
243.6042
243.6417
243.6735
243.6942
243.6878
243.6973
243.6648
243.7082
243.7268
243.6854
243.6952
243.7217
243.7126
243.711
243.7228
243.8096
243.8224
243.8241
243.8318
