216.0
216.0
213.6172
211.3668
209.4424
207.3631
205.1918
202.4983
200.5743
198.0823
196.3632
194.5631
192.1578
190.1453
188.1796
186.5254
184.6127
182.7247
181.0181
179.5684
177.5015
175.2553
174.0048
172.6287
170.5975
169.6026
168.0534
166.3372
164.5952
162.4588
161.0327
158.9897
157.1391
155.7186
154.3131
152.2765
150.2862
148.8876
147.3285
146.0554
144.4616
142.5498
141.131
139.507
138.444
137.5943
136.0082
134.8754
133.256
131.9169
130.5784
129.1987
128.2431
126.5354
125.3761
123.932
122.5014
121.3753
119.9194
118.741
117.7034
116.9024
115.9921
115.1542
113.7698
112.873
112.0081
111.3579
110.3829
109.3107
108.4188
107.4729
106.1307
105.4253
104.2485
103.6451
102.9053
102.2672
101.5384
100.9313
100.1751
99.6095
98.9284
97.8379
97.4507
96.9345
96.229
95.4538
94.2999
93.8678
93.3057
92.2183
91.6821
91.3215
90.4126
89.4489
88.7677
88.043
87.1721
86.7838
86.39
85.3758
84.8166
84.4942
84.0419
83.3732
82.3581
81.7775
81.4739
81.035
80.393
79.6764
79.1891
78.647
77.8305
77.3232
76.6695
76.1837
75.8366
75.1136
74.3469
73.7595
73.2492
72.6985
72.2861
71.7072
71.3234
70.4502
70.0621
69.3825
68.9012
68.4466
68.1075
67.8318
67.4792
67.3048
66.9651
66.7929
66.6672
66.3342
65.9397
65.5409
65.2601
65.0331
64.7156
64.3211
63.6495
63.5901
63.3027
62.9096
62.455
62.1007
61.9074
61.5387
61.5079
61.2668
60.9089
60.4234
59.7898
59.4
58.9436
58.936
58.3734
58.1124
57.6441
57.3195
56.8586
56.543
56.0512
55.6567
55.2844
55.0054
54.289
54.0125
53.4826
53.124
52.724
52.4968
52.2799
52.2215
51.9533
51.6884
51.5254
51.3795
51.3413
51.0177
50.7108
50.4055
49.8823
49.6343
49.2675
49.1732
49.1496
48.8395
48.7069
48.4552
48.1482
47.9906
47.8865
47.9059
