6.0
6.0
5.963200000000016
5.9274000000000155
5.89539999999997
5.860900000000018
5.824999999999991
5.78470000000002
5.751300000000024
5.712699999999997
5.679599999999998
5.647700000000006
5.608799999999991
5.573299999999975
5.538999999999995
5.505399999999989
5.4682999999999895
5.433099999999997
5.4010999999999925
5.370999999999995
5.333299999999999
5.290299999999978
5.261999999999985
5.229900000000013
5.1912999999999965
5.161199999999994
5.1264
5.089600000000006
5.054599999999996
5.0139999999999905
4.980500000000005
4.937299999999987
4.898700000000023
4.862999999999983
4.828499999999999
4.7880999999999965
4.748399999999977
4.717799999999977
4.67850000000003
4.6438000000000095
4.609399999999999
4.5731999999999795
4.5398
4.502200000000011
4.469999999999993
4.439899999999985
4.4035999999999955
4.374800000000009
4.341200000000011
4.307699999999997
4.273600000000001
4.238500000000001
4.206299999999994
4.17140000000001
4.138300000000009
4.10539999999998
4.072200000000042
4.042299999999989
4.010200000000009
3.9790000000000014
3.9518
3.927799999999999
3.9007
3.8746000000000014
3.8443999999999985
3.817
3.7915
3.767699999999997
3.7371000000000008
3.7101
3.6858000000000013
3.6609
3.630900000000003
3.6077
3.5756999999999985
3.5518999999999936
3.525499999999997
3.5030000000000023
3.4804000000000057
3.4619
3.438899999999996
3.4133
3.3892000000000007
3.3691000000000044
3.3502999999999927
3.3273000000000064
3.304599999999995
3.2829999999999973
3.257699999999988
3.240199999999999
3.221699999999997
3.197499999999997
3.177899999999996
3.159900000000004
3.1377999999999986
3.1155
3.0937000000000054
3.0727999999999986
3.0532999999999966
3.0321999999999973
3.015200000000001
2.9922000000000133
2.977199999999992
2.958400000000003
2.9405000000000023
2.922200000000004
2.898899999999998
2.8793000000000006
2.8624999999999856
2.8472000000000115
2.828599999999998
2.814600000000005
2.7959000000000107
2.779399999999991
2.7603000000000026
2.743800000000004
2.7278999999999916
2.7076999999999907
2.693599999999998
2.676199999999996
2.6553000000000133
2.639099999999999
2.6225999999999936
2.6052999999999984
2.588899999999981
2.572199999999994
2.558600000000004
2.5362000000000062
2.5236999999999834
2.505900000000004
2.4902000000000113
2.475399999999993
2.4591000000000016
2.4449999999999976
2.430800000000002
2.4196000000000044
2.405699999999999
2.3967000000000005
2.384399999999996
2.372999999999995
2.363700000000005
2.3488999999999867
2.3368999999999924
2.3289
2.3156000000000017
2.3039
2.289300000000007
2.276099999999994
2.264099999999996
2.2496000000000045
2.2377999999999902
2.2290999999999994
2.2211999999999885
2.210099999999984
2.202099999999996
2.189000000000001
2.1755000000000044
2.1682000000000134
2.1519999999999984
2.1449999999999987
2.130799999999992
2.1207999999999947
2.109599999999999
2.101199999999994
2.091899999999997
2.0817000000000085
2.069599999999995
2.0600000000000027
2.0481999999999987
2.038300000000003
2.0284000000000195
2.0212000000000097
2.008
1.9985000000000037
1.9899999999999984
1.974
1.9639999999999989
1.9569999999999985
1.9471000000000007
1.9385000000000008
1.9331
1.9256000000000006
1.9143999999999997
1.9065
1.8971000000000005
1.8890999999999984
1.8773999999999986
1.8678999999999981
1.858900000000001
1.8568999999999993
1.8465
1.8409999999999993
1.8336000000000015
1.8247
1.8186999999999978
1.8148000000000006
1.8066
1.7996000000000003
1.795100000000001
1.7922999999999993
