15.0
15.0
14.990399999999994
14.9809
14.9735
14.965700000000009
14.95749999999999
14.949199999999989
14.940900000000012
14.934000000000006
14.925799999999997
14.919000000000006
14.911499999999982
14.9039
14.895900000000006
14.888200000000015
14.8803
14.873399999999988
14.865400000000006
14.856700000000004
14.847899999999994
14.84050000000001
14.83319999999999
14.825300000000002
14.818100000000008
14.811500000000006
14.8025
14.7937
14.7858
14.7763
14.767700000000012
14.758300000000006
14.750100000000005
14.744100000000007
14.736800000000015
14.72990000000001
14.724099999999988
14.716600000000005
14.708699999999988
14.698600000000017
14.690400000000011
14.681399999999988
14.673800000000012
14.664400000000011
14.656200000000005
14.648200000000017
14.640699999999988
14.632499999999995
14.625399999999994
14.617800000000008
14.610100000000008
14.602099999999995
14.5924
14.585099999999988
14.577300000000008
14.569499999999985
14.562600000000018
14.553600000000007
14.543700000000003
14.5359
14.528500000000003
14.5223
14.513499999999993
14.505600000000006
14.49840000000002
14.492099999999988
14.4829
14.474299999999994
14.466299999999997
14.459700000000003
14.452600000000006
14.445100000000004
14.438800000000011
14.431299999999997
14.423600000000006
14.41629999999999
14.407900000000009
14.40139999999997
14.393899999999983
14.387000000000024
14.379799999999985
14.37199999999998
14.365299999999994
14.3579
14.349400000000012
14.339700000000006
14.331300000000006
14.323699999999992
14.315800000000017
14.306799999999992
14.299699999999985
14.2937
14.285500000000015
14.27730000000001
14.2704
14.262700000000006
14.254899999999989
14.2468
14.238700000000005
14.2313
14.224500000000008
14.216899999999983
14.209699999999996
14.202399999999988
14.193600000000012
14.187000000000003
14.179400000000006
14.173
14.166700000000015
14.1605
14.153400000000007
14.145599999999982
14.138499999999983
14.131299999999982
14.123500000000018
14.1137
14.106500000000002
14.099699999999995
14.092600000000012
14.086300000000017
14.08179999999999
14.075299999999995
14.066600000000012
14.060799999999997
14.052900000000017
14.04579999999999
14.038599999999997
14.029599999999977
14.022499999999994
14.014399999999982
14.007599999999977
13.998500000000018
13.9919
13.984699999999972
13.973899999999993
13.964000000000029
13.955299999999998
13.946699999999996
13.9371
13.927600000000018
13.9183
13.908999999999988
13.89869999999999
13.888599999999995
13.878100000000005
13.866499999999995
13.85720000000001
13.844899999999976
13.835200000000006
13.825499999999996
13.813899999999986
13.802300000000011
13.790299999999995
13.778099999999995
13.7672
13.754400000000006
13.741999999999997
13.731200000000008
13.717799999999997
13.70509999999998
13.693299999999988
13.681299999999988
13.667699999999986
13.652499999999996
13.639600000000009
13.626399999999988
13.613900000000017
13.600900000000017
13.585400000000005
13.5713
13.556300000000006
13.542099999999994
13.530799999999985
13.5184
13.503299999999994
13.4892
13.4729
13.460699999999989
13.444299999999982
13.431599999999989
13.417899999999971
13.402099999999994
13.386899999999983
13.372100000000035
13.354300000000014
13.338500000000014
13.324900000000008
13.308599999999974
13.292500000000015
13.2769
13.261599999999973
13.246
13.230299999999982
13.21460000000004
13.197599999999982
13.182899999999982
13.164399999999983
13.147599999999994
13.130200000000006
13.114799999999997
