5.0
5.0
4.956100000000029
4.91239999999999
4.867899999999999
4.827200000000009
4.783000000000013
4.738299999999975
4.690300000000003
4.644700000000022
4.599599999999975
4.553699999999996
4.505099999999996
4.459500000000009
4.414700000000002
4.372699999999997
4.333699999999989
4.292599999999998
4.247999999999992
4.211200000000001
4.165299999999977
4.123300000000008
4.084899999999987
4.044799999999996
4.002599999999993
3.9642000000000013
3.9241
3.8830000000000013
3.8474
3.8025000000000015
3.758
3.7145000000000015
3.6747000000000023
3.6336999999999984
3.5931000000000024
3.5554000000000046
3.5248000000000044
3.4902999999999964
3.457900000000003
3.4240999999999957
3.393599999999997
3.3517000000000072
3.3143000000000074
3.277900000000006
3.2502000000000044
3.220300000000013
3.185000000000012
3.1541999999999835
3.1220999999999925
3.089799999999987
3.0577999999999945
3.027299999999995
2.995000000000002
2.961600000000012
2.9298999999999986
2.9077999999999906
2.8824000000000005
2.865999999999999
2.8483999999999914
2.8342000000000014
2.8148000000000035
2.7973999999999988
2.7831999999999995
2.7696999999999976
2.7548000000000012
2.742300000000002
2.732499999999995
2.7182
2.7046999999999985
2.6937000000000064
2.6825999999999954
2.6732999999999953
2.662799999999996
2.6545999999999843
2.6446999999999896
2.638399999999995
2.630800000000004
2.6297999999999977
2.6204000000000036
2.60870000000001
2.6003999999999907
2.5914
2.583699999999999
2.578200000000006
2.5731000000000024
2.564499999999996
2.553300000000002
2.5470999999999897
2.536099999999998
2.5314000000000054
2.527800000000003
2.5189000000000172
2.510100000000003
2.5030999999999928
2.499400000000005
2.496099999999994
2.4966
2.4936000000000034
2.4924999999999997
2.484900000000006
2.4820999999999978
2.474899999999999
2.4691000000000045
2.4627999999999965
2.4567999999999977
2.453299999999997
2.4477000000000024
2.4407000000000005
2.4332999999999947
2.4275999999999938
2.4169000000000125
2.410599999999999
2.407500000000001
2.4011999999999993
2.3995000000000104
2.394999999999999
2.383699999999991
2.3800999999999943
2.3781000000000017
2.3728000000000113
2.3684999999999916
2.364200000000001
2.3574
2.356700000000003
2.3499000000000034
2.3494999999999955
2.3423000000000043
2.3406000000000002
2.336699999999997
2.3303
2.3218000000000103
2.314499999999999
2.2968000000000064
2.2894999999999976
2.281999999999997
2.276299999999992
2.268499999999994
2.261499999999996
2.253500000000004
2.242000000000007
2.233899999999994
2.222699999999989
2.2173000000000003
2.2079000000000093
2.201499999999996
2.1912000000000122
2.1821999999999995
2.173500000000002
2.1672000000000047
2.1612000000000045
2.153599999999995
2.143299999999984
2.1356999999999937
2.125399999999999
2.1198999999999817
2.111100000000003
2.104199999999994
2.098999999999993
2.092599999999997
2.0784999999999982
2.0682999999999967
2.061099999999999
2.052499999999991
2.046400000000002
2.0414000000000008
2.033599999999998
2.0297000000000027
2.0224000000000086
2.0118999999999976
2.006700000000001
1.996099999999997
1.9855999999999978
1.9790000000000008
1.9759000000000007
1.9685000000000015
1.9679999999999993
1.9574000000000005
1.9499999999999997
1.944
1.9392
1.9362
1.9318999999999993
1.9292999999999993
1.9244999999999992
1.9202
1.9112000000000007
1.9031
1.8947
1.8857000000000004
1.8807999999999994
1.8706000000000014
1.8683000000000007
1.8668000000000005
1.8616999999999992
1.8548
1.8476000000000008
1.8382000000000014
1.828099999999999
1.8216000000000019
1.8181999999999978
