49.0
49.0
46.7919
44.6873
42.7901
40.8222
39.0031
37.1862
35.304
33.5845
31.9201
30.2901
28.6748
27.2256
25.8233
24.4589
23.051
21.8292
20.6177
19.4917
18.3385
17.2995
16.2895
15.3186
14.3393
13.4309
12.5901
11.8302
11.0461
10.3057
9.6646
9.0778
8.4389
7.9114
7.3944
6.9645
6.4841
6.0449
5.6422
5.2689
4.9199
4.5878
4.2913
3.9939
3.7066
3.4388
3.1984
2.9718
2.7573
2.5641
2.3876
2.2171
2.065
1.9045
1.7756
1.688
1.6029
1.533
1.4734
1.4304
1.3906
1.3511
1.3226
1.2941
1.272
1.2539
1.2294
1.2208
1.2039
1.1935
1.1936
1.1743
1.166
1.1523
1.1424
1.1418
1.1302
1.1285
1.1141
1.1024
1.0961
1.0898
1.0712
1.0579
1.0438
1.0386
1.0304
1.0173
1.0075
0.9998
0.9962
0.9929
0.9868
0.9771
0.9716
0.9604
0.9518
0.9399
0.9374
0.9292
0.9238
0.9176
0.911
0.9
0.8897
0.8843
0.8786
0.8743
0.8664
0.8622
0.8604
0.846
0.8409
0.8375
0.8335
0.8258
0.8242
0.8109
0.8085
0.7986
0.7982
0.7911
0.7888
0.7923
0.7924
0.7909
0.7804
0.7766
0.7681
0.7612
0.7497
0.7408
0.7271
0.7083
0.6934
0.6829
0.6648
0.6642
0.6563
0.644
0.6367
0.6263
0.6159
0.5967
0.5858
0.5684
0.5534
0.5382
0.5333
0.519
0.5036
0.4957
0.4793
0.4781
0.4678
0.4465
0.4398
0.4311
0.4204
0.4078
0.4035
0.3937
0.387
0.3829
0.3791
0.3711
0.3641
0.3573
0.3501
0.341
0.3349
0.3244
0.3224
0.3153
0.3097
0.305
0.2978
0.2946
0.2921
0.2883
0.2801
0.2817
0.2763
0.2687
0.2699
0.2663
0.2657
0.2619
0.2586
0.2535
0.2504
0.2433
0.2433
0.2455
0.2416
0.2359
0.2349
0.2345
0.2324
0.2319
