5.0
5.0
5.014300000000016
5.028500000000029
5.040000000000011
5.053899999999998
5.066099999999997
5.073999999999992
5.085499999999993
5.097400000000005
5.103900000000009
5.115499999999997
5.126900000000002
5.14249999999999
5.152400000000017
5.160899999999993
5.174399999999969
5.189300000000011
5.199499999999997
5.212199999999999
5.222999999999994
5.233899999999999
5.2435999999999945
5.254900000000021
5.264899999999994
5.2774000000000125
5.286700000000007
5.296599999999991
5.308400000000007
5.320399999999976
5.330099999999992
5.342099999999963
5.355500000000002
5.365500000000006
5.373400000000003
5.387800000000003
5.400999999999993
5.410700000000005
5.421699999999978
5.433000000000023
5.442699999999994
5.455700000000004
5.466299999999989
5.476
5.489300000000006
5.498499999999989
5.508999999999988
5.521599999999992
5.530600000000004
5.544800000000001
5.5563999999999885
5.5679000000000025
5.57989999999999
5.589999999999986
5.601400000000008
5.607999999999998
5.616999999999982
5.6255
5.631799999999999
5.643300000000004
5.6475999999999935
5.6547999999999945
5.659000000000011
5.662699999999994
5.668299999999989
5.670200000000005
5.677599999999986
5.685699999999998
5.689599999999992
5.688399999999998
5.689599999999993
5.691400000000006
5.691499999999998
5.689000000000007
5.691700000000002
5.69319999999999
5.688599999999989
5.6911999999999985
5.6858
5.687699999999999
5.687799999999993
5.690600000000015
5.692900000000008
5.691000000000006
5.688999999999998
5.692500000000006
5.691800000000019
5.692700000000011
5.697800000000025
5.698100000000017
5.695699999999996
5.697399999999985
5.6991000000000005
5.697700000000003
5.697299999999989
5.694700000000015
5.693500000000017
5.6919999999999735
5.689700000000013
5.688800000000012
5.684499999999975
5.679399999999997
5.678499999999998
5.676000000000016
5.676199999999997
5.674299999999998
5.672399999999982
5.66829999999999
5.66690000000001
5.6635000000000115
5.659499999999993
5.656599999999996
5.650600000000013
5.648199999999985
5.647100000000019
5.648899999999985
5.6475999999999935
5.6435999999999895
5.640199999999998
5.637600000000003
5.636200000000004
5.637100000000003
5.632000000000005
5.631600000000001
5.6307999999999945
5.630000000000003
5.623600000000007
5.617100000000005
5.615299999999996
5.609100000000006
5.6086
5.606699999999995
5.600800000000008
5.592499999999996
5.590099999999972
5.582200000000013
5.575600000000003
5.565999999999989
5.553599999999998
5.547299999999993
5.5374000000000025
5.5240999999999785
5.50919999999999
5.500200000000008
5.489900000000024
5.480899999999997
5.470800000000003
5.457899999999973
5.449499999999998
5.441000000000026
5.429200000000007
5.420899999999984
5.413799999999986
5.400000000000015
5.384800000000001
5.375699999999975
5.3668999999999825
5.350899999999995
5.339900000000016
5.3249000000000075
5.314800000000016
5.301499999999997
5.283600000000006
5.266000000000002
5.256300000000008
5.242700000000004
5.228099999999981
5.2196000000000025
5.208400000000007
5.200299999999992
5.181900000000002
5.171700000000012
5.157799999999986
5.144799999999997
5.134400000000015
5.117700000000011
5.102900000000035
5.092900000000009
5.082300000000012
5.066300000000006
5.053699999999997
5.04429999999999
5.032099999999987
5.016699999999984
5.0062
4.9935999999999865
4.9808999999999815
4.96560000000001
4.9531999999999945
4.945199999999988
4.931599999999988
4.920900000000008
4.905200000000009
4.892800000000012
4.886099999999995
4.878099999999999
4.866299999999998
4.857399999999974
4.844500000000022
4.832499999999981
