196.0
196.0
194.376
192.8593
191.1973
189.8805
188.4505
187.0777
185.694
184.3846
183.1332
181.7351
180.3631
179.0034
177.6194
176.214
174.9574
173.6374
172.2804
171.0072
169.8702
168.5843
167.2106
165.9923
164.798
163.6161
162.181
160.9951
159.7394
158.3795
157.167
155.9191
154.6768
153.5176
152.4119
151.2713
150.1276
149.0593
147.8566
146.6087
145.2235
144.1324
142.946
141.7163
140.5613
139.4842
138.4772
137.4652
136.3555
135.1688
134.0044
132.9862
131.8658
130.6856
129.5923
128.608
127.6515
126.6954
125.6432
124.6539
123.7371
122.6998
121.7891
120.7447
119.8708
119.0359
118.0952
117.0988
116.2384
115.4106
114.5131
113.8214
113.0352
112.1829
111.3816
110.4782
109.7117
108.994
108.2184
107.3527
106.4382
105.547
104.7086
103.8665
102.9949
102.2244
101.4545
100.7231
99.8754
99.1245
98.3891
97.6109
96.8787
96.1611
95.2847
94.4811
93.7671
92.9557
92.2889
91.6153
90.8613
90.2511
89.3852
88.6114
87.9239
87.132
86.3981
85.7513
84.9908
84.2491
83.637
82.9677
82.3196
81.679
80.9426
80.2939
79.6521
79.0123
78.2777
77.7118
77.0569
76.4821
75.7553
75.1551
74.5582
73.8794
73.2423
72.56
71.9967
71.3166
70.6648
70.094
69.4445
68.9175
68.3495
67.8006
67.2192
66.6381
66.024
65.4008
64.9162
64.3443
63.6208
62.9375
62.4362
61.8322
61.2186
60.667
60.0881
59.5518
59.003
58.5329
58.0153
57.4295
56.9328
56.4715
56.0134
55.532
55.0643
54.5463
53.9756
53.4169
52.965
52.5275
52.0354
51.4973
51.0569
50.6325
50.1133
49.6537
49.1918
48.8869
48.4444
47.9047
47.5092
47.0403
46.6795
46.1584
45.7807
45.2872
44.8597
44.5157
44.1437
43.7226
43.3261
42.8089
42.366
41.9455
41.6504
41.2165
40.7859
40.4381
40.0868
39.6991
39.3358
38.9661
38.539
38.1658
37.8544
37.4043
