1728.0
1728.0
1712.3415
1698.023
1681.8749
1666.7299
1650.4228
1636.7028
1622.0129
1607.6878
1593.2711
1578.364
1564.3043
1549.6572
1534.1827
1521.8768
1507.1959
1494.1997
1480.169
1467.4248
1453.2604
1438.7349
1423.3507
1409.7971
1396.6705
1383.711
1371.4808
1359.6628
1347.1202
1335.1596
1322.3983
1309.2088
1297.232
1283.924
1271.0525
1258.6618
1245.307
1233.1854
1221.9979
1208.6053
1195.3975
1184.1273
1172.9838
1160.5111
1149.2767
1138.6235
1127.8455
1116.1393
1105.9829
1095.189
1084.7984
1072.625
1062.4747
1052.3552
1042.49
1031.2871
1022.9094
1012.8618
1001.9035
991.8555
982.3192
972.9929
963.7056
953.973
945.0416
935.2165
926.1845
917.0323
909.2578
901.1987
892.637
884.4185
876.7898
867.61
860.2042
852.048
845.3592
837.3888
829.6735
822.0664
814.879
807.058
799.8461
792.1861
785.3681
779.0263
771.1825
764.5607
758.9174
753.0301
746.5334
740.0278
732.9719
727.2628
720.8795
714.9953
708.2329
702.3517
696.2791
689.7972
683.3187
677.8765
671.5174
666.1515
660.7896
654.8067
649.5528
643.2614
637.5574
631.6956
625.2074
619.7758
614.3916
609.3034
603.5156
598.3808
593.5505
588.1074
583.1285
577.4477
571.7293
567.1466
562.309
557.1746
551.9041
546.7669
541.7183
536.8398
532.0204
527.4877
522.469
517.8332
513.181
508.1834
502.7774
498.1381
493.5078
488.3805
483.9576
479.8327
475.6797
470.9088
466.7719
461.7324
457.1254
451.9161
447.0795
442.5695
438.1811
433.7237
428.8828
424.3917
420.1877
415.7132
411.1928
407.3363
403.2514
398.6489
394.3087
390.353
386.1908
382.4427
378.0822
373.9429
369.7093
365.5617
361.527
358.0182
354.1361
350.2179
346.0543
341.8745
337.8786
334.3106
330.1231
326.7618
322.9316
319.6399
316.0338
312.6152
309.2671
306.0423
302.8969
299.8905
296.6701
293.2003
289.8818
286.5531
283.0668
280.0592
276.8944
273.5598
270.525
267.6272
264.4555
262.2507
259.3606
256.6499
253.5548
250.3134
