7.0
7.0
6.8247
6.653700000000008
6.493899999999998
6.324199999999994
6.162500000000012
5.9954
5.8179999999999845
5.651099999999993
5.482900000000032
5.313499999999989
5.139200000000007
4.979600000000016
4.81629999999999
4.653299999999973
4.482000000000008
4.32540000000001
4.162100000000007
4.005899999999997
3.8418999999999994
3.6880999999999973
3.5331
3.3787999999999943
3.2243
3.0719000000000025
2.9270999999999967
2.793000000000005
2.6561000000000066
2.522300000000007
2.3988000000000085
2.2833999999999985
2.158700000000009
2.0526000000000013
1.9456
1.8496999999999992
1.7490999999999974
1.6545
1.5631999999999997
1.4751000000000043
1.3946999999999983
1.3177999999999948
1.2485
1.178700000000006
1.1065999999999954
1.0408000000000008
0.9808000000000006
0.9222000000000004
0.8709000000000011
0.8228999999999974
0.7756000000000012
0.7303000000000005
0.6885999999999984
0.6455000000000021
0.6075999999999988
0.5842000000000005
0.5614999999999998
0.5450000000000006
0.5305999999999971
0.5204000000000004
0.514600000000001
0.5061000000000017
0.5004000000000014
0.496700000000001
0.4936000000000015
0.49269999999999875
0.4900000000000004
0.4900000000000007
0.48690000000000017
0.4861000000000002
0.4882000000000003
0.4827000000000006
0.4836
0.4808999999999998
0.4798
0.4816000000000002
0.4808
0.48190000000000016
0.4781
0.47679999999999984
0.4761
0.475
0.46780000000000027
0.4647
0.46279999999999955
0.4620000000000001
0.4625999999999999
0.46129999999999965
0.4601
0.45740000000000025
0.4572
0.45690000000000053
0.45580000000000037
0.4543
0.4526
0.4478
0.44499999999999984
0.4421000000000004
0.44040000000000035
0.4375999999999997
0.4356
0.4326
0.43200000000000055
0.42920000000000025
0.42750000000000093
0.4263000000000002
0.42500000000000093
0.42430000000000007
0.42040000000000016
0.42180000000000034
0.42039999999999983
0.41480000000000017
0.4140999999999985
0.41330000000000044
0.4124999999999999
0.41040000000000054
0.41060000000000035
0.4071000000000007
0.40470000000000045
0.40300000000000047
0.40400000000000064
0.4000999999999999
0.39759999999999934
0.39929999999999904
0.3997999999999991
0.3988999999999992
0.3946000000000007
0.39520000000000016
0.3909000000000002
0.3874000000000004
0.3818999999999995
0.3789999999999992
0.3752999999999996
0.36910000000000026
0.36280000000000007
0.3565000000000007
0.35060000000000047
0.34940000000000143
0.34570000000000034
0.34100000000000025
0.3357000000000006
0.3295000000000002
0.3238999999999995
0.31930000000000053
0.31539999999999946
0.3077999999999997
0.3004000000000012
0.2937999999999991
0.2919
0.2856000000000007
0.28079999999999933
0.27429999999999943
0.26629999999999915
0.2633000000000001
0.257799999999999
0.24909999999999974
0.2453999999999999
0.24010000000000004
0.23720000000000005
0.23059999999999994
0.22810000000000027
0.22390000000000027
0.2234
0.2217000000000001
0.22009999999999974
0.2149000000000001
0.21350000000000008
0.21210000000000037
0.20889999999999972
0.20500000000000027
0.2037000000000006
0.1997999999999999
0.1976000000000003
0.1953000000000001
0.19429999999999997
0.19279999999999953
0.19080000000000047
0.18859999999999977
0.1879
0.18610000000000004
0.18210000000000026
0.18070000000000017
0.17830000000000013
0.1768999999999998
0.1779000000000003
0.1745
0.17169999999999955
0.17150000000000015
0.16999999999999965
0.16809999999999992
0.16760000000000005
0.16350000000000028
0.16310000000000058
0.1628999999999997
0.16319999999999962
0.1607000000000004
0.1605000000000005
0.1603000000000004
0.15920000000000042
0.15989999999999988
