9.0
9.0
8.7207
8.446
8.1937
7.9404
7.7113
7.487
7.2632
7.0393
6.8197
6.6049
6.3801
6.1845
5.9631
5.759
5.5663
5.3959
5.2164
5.0343
4.8821
4.7222
4.5694
4.4181
4.2807
4.1374
4.0033
3.8729
3.7534
3.6303
3.5181
3.3985
3.278
3.1735
3.0724
2.961
2.8771
2.7901
2.6969
2.6006
2.5265
2.4535
2.3851
2.3114
2.24
2.1804
2.1141
2.052
1.99
1.9246
1.8717
1.8225
1.788
1.7333
1.6837
1.6454
1.6049
1.5766
1.5343
1.5049
1.4724
1.4424
1.4141
1.3926
1.3656
1.3488
1.3309
1.3136
1.3002
1.2884
1.2682
1.2541
1.246
1.2387
1.2314
1.2211
1.2165
1.2107
1.1988
1.1857
1.176
1.1713
1.1684
1.1586
1.1627
1.16
1.156
1.1482
1.144
1.1368
1.1318
1.1355
1.1268
1.1192
1.1152
1.1115
1.1075
1.1035
1.1057
1.1057
1.1027
1.0983
1.1003
1.0947
1.0906
1.0906
1.0912
1.0876
1.0868
1.0845
1.0818
1.0827
1.0851
1.0837
1.0886
1.091
1.0878
1.0882
1.0908
1.098
1.0974
1.0987
1.0998
1.1014
1.0987
1.1036
1.1029
1.1064
1.1082
1.1158
1.1175
1.1192
1.1145
1.11
1.111
1.1117
1.111
1.1168
1.1154
1.114
1.1164
1.1248
1.1236
1.1214
1.1214
1.1184
1.1166
1.1206
1.1294
1.1289
1.1275
1.1275
1.1278
1.1296
1.1213
1.1152
1.1227
1.1278
1.1264
1.1211
1.1249
1.1221
1.1253
1.1278
1.126
1.1321
1.1343
1.1371
1.1454
1.1456
1.1432
1.1457
1.1444
1.1459
1.145
1.1448
1.1438
1.1468
1.1475
1.1574
1.1563
1.1535
1.1504
1.1529
1.1496
1.1477
1.1494
1.148
1.1448
1.1472
1.1485
1.1512
1.1535
1.1493
1.1497
1.1499
1.1526
1.1552
1.1495
1.1551
