1728.0
1728.0
1710.6686
1693.7753
1676.7013
1660.8145
1644.3214
1626.0756
1609.3026
1594.3557
1580.429
1564.7261
1549.6247
1534.9222
1520.8339
1505.494
1490.898
1476.5947
1463.4143
1448.1989
1433.6757
1420.2097
1406.942
1393.2503
1379.0953
1363.8256
1351.0022
1336.83
1323.4608
1309.3166
1295.2948
1281.9972
1271.2875
1257.9119
1246.26
1234.84
1220.966
1207.0337
1196.4125
1184.1755
1173.0392
1160.3233
1148.5465
1137.0958
1124.8754
1112.4983
1100.8506
1091.1343
1080.0996
1068.4173
1055.8652
1045.4601
1033.7699
1023.9301
1014.2362
1004.0383
994.6118
984.1162
974.4588
965.882
957.2557
947.3311
939.1763
930.3442
921.9016
915.1725
907.6444
898.8775
892.3621
884.9194
877.6218
870.1327
863.8867
856.665
849.0766
841.6239
834.9236
828.3411
821.9921
815.3816
809.4014
802.774
796.6805
790.9066
784.7249
778.9081
771.7799
765.8161
760.4575
755.2982
749.3282
743.1252
738.4408
732.9106
726.9526
722.5028
716.2417
710.5063
704.8876
699.5569
694.4932
689.1871
683.4712
678.3012
673.0345
667.7433
662.7004
657.7208
653.2911
648.2485
643.2617
638.9245
635.5239
631.5201
626.6769
622.4136
616.7645
612.3107
607.7815
603.925
599.2595
594.5288
590.3816
584.6174
580.2427
575.8348
571.6486
568.3932
563.9059
559.1433
555.6632
551.8264
548.3812
545.1332
540.6635
536.4232
533.3491
529.5315
526.4131
523.075
519.6029
516.427
512.8019
509.5244
505.7886
502.5893
498.6706
495.2251
492.1787
489.3036
486.2681
482.8343
479.8624
477.4378
474.4943
472.5018
470.1581
468.2515
466.3161
464.1405
461.2708
458.1709
455.7881
452.8743
450.0387
447.7628
445.3669
443.3635
440.8412
438.1277
435.4132
432.5747
430.3259
427.9064
425.6547
423.9191
421.6512
419.1958
416.7913
414.4412
412.6068
410.2522
408.0937
405.6568
403.6909
401.9149
399.4452
397.6071
394.8529
392.8524
390.9544
388.7519
386.9316
384.6579
383.0243
380.7463
379.4693
377.3961
375.0945
372.5738
