12167.0
12167.0
12175.603
12187.9186
12202.613
12218.2787
12226.7584
12240.8384
12251.3846
12269.0856
12280.4707
12288.6132
12304.7263
12312.2794
12326.5756
12332.4369
12347.6489
12360.4656
12372.3832
12383.579
12394.3208
12408.8222
12424.1812
12431.3123
12445.437
12452.4959
12472.096
12487.6212
12492.4116
12503.5901
12514.765
12522.9768
12535.2802
12542.8488
12551.7265
12567.7919
12582.9879
12598.676
12611.1403
12626.4785
12642.5112
12647.8988
12660.8117
12667.8914
12680.3757
12697.0773
12714.5634
12718.9909
12732.0443
12743.4468
12755.464
12765.8507
12776.7566
12786.6564
12793.834
12801.6275
12815.854
12833.5526
12844.3014
12854.4137
12861.7468
12870.3122
12881.5955
12889.1736
12900.3194
12901.8946
12910.762
12919.8319
12923.8973
12930.0682
12932.9951
12942.0394
12951.6268
12960.61
12969.4993
12978.6134
12981.5448
12988.9937
12994.729
13004.4569
13008.9858
13016.3725
13024.0518
13029.4833
13033.0816
13039.7884
13054.1255
13059.2323
13067.1971
13081.4401
13088.0153
13090.4037
13099.5547
13105.7506
13110.1169
13118.4468
13123.7819
13127.2306
13132.8503
13138.693
13147.1969
13152.7289
13157.258
13169.9754
13178.4307
13183.1537
13185.7185
13187.7051
13187.0015
13196.1798
13205.5764
13212.5121
13210.6535
13215.0992
13226.9916
13231.151
13234.0434
13239.1436
13250.549
13259.3533
13273.6462
13285.1225
13297.7383
13302.0066
13311.2398
13325.573
13329.0664
13335.5265
13340.3511
13345.2773
13346.9698
13359.8814
13371.5078
13379.9095
13383.2019
13388.2182
13388.3971
13396.1474
13407.6174
13410.642
13417.3794
13425.5621
13433.0932
13444.9533
13450.7113
13450.5599
13450.929
13460.4378
13466.4018
13479.1474
13484.5941
13489.8043
13497.3319
13500.1073
13513.0085
13515.2538
13525.6766
13535.1238
13548.1884
13560.7362
13573.6266
13577.9172
13589.8099
13603.5602
13615.9223
13624.9977
13634.7683
13645.4908
13663.7551
13673.1805
13687.8912
13695.1217
13701.8936
13710.3826
13718.2699
13727.5651
13738.3784
13745.7524
13754.7325
13759.9992
13768.1878
13786.0131
13794.7271
13798.6826
13817.9071
13831.7769
13844.1065
13847.5701
13862.1153
13866.789
13874.4851
13883.5762
13893.2266
13902.6493
13907.9928
13925.3889
13939.8881
13951.3129
13959.998
13970.2286
