0.0
0.0
0.0198
0.0346
0.048
0.0597
0.0678
0.078
0.0816
0.0871
0.0929
0.1004
0.1018
0.0987
0.1107
0.1108
0.1109
0.1098
0.1115
0.1039
0.1047
0.105
0.108
0.1173
0.1169
0.1168
0.1205
0.1184
0.1162
0.1174
0.1233
0.1273
0.13
0.127
0.1148
0.1084
0.1122
0.1154
0.1114
0.1139
0.1143
0.119
0.1177
0.1178
0.1208
0.1214
0.1153
0.1157
0.1136
0.1167
0.1141
0.1181
0.1216
0.1218
0.1246
0.1248
0.1315
0.1387
0.1453
0.1499
0.1549
0.1625
0.1664
0.1766
0.1816
0.194
0.206
0.2159
0.2174
0.221
0.225
0.2327
0.2456
0.2458
0.243
0.2479
0.2422
0.2494
0.2624
0.2602
0.2694
0.2627
0.2749
0.2742
0.2786
0.2897
0.2883
0.2806
0.2829
0.2896
0.2971
0.2956
0.2999
0.2976
0.3078
0.3179
0.3189
0.3125
0.3061
0.3031
0.3083
0.3047
0.2969
0.29
0.2916
0.2892
0.2882
0.2963
0.3095
0.3047
0.3035
0.304
0.31
0.3075
0.2963
0.2971
0.2933
0.2956
0.2951
0.2962
0.294
0.2956
0.2943
0.2964
0.3004
0.292
0.2957
0.3029
0.3074
0.3067
0.308
0.3165
0.3149
0.3049
0.3144
0.3169
0.3165
0.3282
0.3295
0.324
0.3223
0.3344
0.3371
0.3387
0.3381
0.3325
0.3338
0.3427
0.341
0.3488
0.3534
0.3578
0.3561
0.3653
0.3703
0.3706
0.3842
0.3873
0.3915
0.3934
0.3941
0.4039
0.4076
0.4063
0.4098
0.4036
0.413
0.4146
0.4177
0.4243
0.4257
0.4256
0.4342
0.4394
0.4256
0.4228
0.4225
0.4281
0.4252
0.4133
0.4123
0.4044
0.3992
0.401
0.3969
0.4018
0.4044
0.3989
0.3923
0.4062
0.4155
0.4094
0.4177
0.4236
0.4294
0.432
0.4285
0.4266
0.4405
0.4409
