18.0
18.0
17.962599999999934
17.92809999999998
17.890400000000056
17.851099999999995
17.813699999999848
17.776699999999966
17.742099999999976
17.71049999999993
17.6778
17.64200000000007
17.60320000000006
17.564400000000024
17.5304
17.49249999999993
17.460399999999968
17.423600000000057
17.385200000000115
17.349699999999988
17.31320000000008
17.277599999999886
17.24380000000001
17.20590000000001
17.17410000000002
17.1394
17.104199999999928
17.065800000000056
17.031400000000062
16.99059999999999
16.952699999999943
16.91799999999985
16.879200000000004
16.842200000000087
16.801800000000092
16.76449999999995
16.73039999999991
16.69450000000002
16.657399999999896
16.620600000000074
16.588600000000106
16.551700000000007
16.513100000000033
16.48040000000002
16.445699999999864
16.408500000000007
16.37799999999988
16.341899999999917
16.30460000000005
16.26949999999996
16.234299999999987
16.19759999999992
16.160500000000074
16.123100000000036
16.08799999999998
16.048999999999978
16.009700000000116
15.971100000000005
15.930299999999997
15.8878
15.840900000000003
15.7965
15.749799999999997
15.702299999999997
15.655899999999997
15.6046
15.5548
15.506299999999998
15.4537
15.400800000000002
15.351
15.3033
15.250599999999995
15.1943
15.139699999999994
15.090600000000006
15.038800000000009
14.9852
14.931099999999988
14.874600000000008
14.823300000000005
14.764999999999983
14.7079
14.651399999999988
14.597599999999995
14.540799999999994
14.4939
14.436600000000015
14.378200000000005
14.324900000000012
14.268699999999994
14.213400000000012
14.159900000000002
14.106299999999994
14.048199999999989
13.989700000000012
13.933199999999994
13.882900000000006
13.82490000000002
13.766399999999994
13.7129
13.65750000000001
13.603000000000012
13.550600000000012
13.495199999999986
13.43990000000003
13.3809
13.322099999999994
13.267999999999965
13.211500000000012
13.154299999999994
13.095100000000015
13.039599999999988
12.982200000000013
12.922999999999996
12.86310000000002
12.805600000000013
12.752800000000025
12.701200000000032
12.643200000000002
12.589199999999988
12.5325
12.471200000000014
12.415600000000005
12.358999999999988
12.301799999999963
12.244299999999956
12.189799999999982
12.1351
12.076699999999981
12.019499999999988
11.967299999999996
11.921999999999999
11.870400000000021
11.822099999999944
11.776199999999996
11.727799999999977
11.683099999999982
11.637299999999952
11.59049999999998
11.537999999999963
11.492899999999965
11.448600000000013
11.397499999999985
11.351000000000004
11.30360000000005
11.257800000000023
11.207200000000023
11.163899999999986
11.118399999999985
11.070400000000008
11.028700000000034
10.983600000000031
10.936799999999986
10.897299999999966
10.854000000000035
10.804500000000036
10.7593
10.713299999999979
10.670800000000037
10.62410000000003
10.581100000000003
10.53100000000001
10.485899999999965
10.440900000000003
10.399500000000037
10.356299999999964
10.312199999999981
10.261299999999975
10.215000000000027
10.170299999999967
10.128300000000019
10.0881
10.04189999999998
9.998100000000052
9.957699999999992
9.909099999999963
9.86290000000003
9.818200000000006
9.775099999999979
9.73380000000001
9.685600000000019
9.639300000000032
9.596300000000014
9.551399999999946
9.507799999999984
9.459300000000006
9.41170000000001
9.36509999999994
9.32170000000004
9.278299999999986
9.233899999999997
9.194599999999998
9.155099999999997
9.115700000000043
9.076600000000004
9.034000000000027
8.995499999999977
8.951699999999972
8.911999999999976
