216.0
216.0
218.4948
220.7347
223.3564
225.7287
228.1006
231.1817
233.5727
235.9394
238.6715
241.5728
244.6136
247.2911
250.074
252.9979
255.582
257.8706
259.6656
262.3855
265.5088
268.1309
270.962
273.747
276.4951
278.5476
281.0105
283.6901
286.4538
288.654
292.2434
294.8209
297.1975
300.085
303.2524
306.1458
308.4901
311.5522
314.5409
318.864
322.3378
325.8435
328.7578
331.6415
334.7759
337.5307
340.2712
342.2783
346.5998
350.1246
353.4359
356.4301
360.0462
362.2137
365.5055
369.5624
372.5797
375.4549
378.7655
381.8584
384.9055
389.2219
392.9563
396.1082
400.9596
404.6264
408.4195
412.1044
416.2437
420.5783
425.2236
428.7175
432.7008
438.1163
444.1468
449.3744
453.6401
458.3807
462.9486
467.4643
471.9355
475.9053
480.1356
484.9973
490.3822
494.8901
500.1069
504.6195
510.0836
515.0117
520.1716
525.559
530.7319
536.0552
540.438
545.4305
551.5379
555.9266
562.4108
568.3485
573.4929
578.8129
584.0193
589.9195
595.8091
601.743
607.4913
614.3832
619.9872
625.3222
630.2766
636.0959
643.1562
649.1666
655.369
660.5493
666.8998
673.5574
679.8916
686.5514
693.642
700.4901
707.0109
712.4786
718.308
723.6847
729.022
734.6483
740.7481
746.3899
752.6131
758.5944
763.2014
767.0982
771.0787
774.8791
778.2511
782.5156
788.7668
793.4402
798.6361
803.4485
807.7358
810.6167
814.3211
819.3094
821.8411
825.7024
829.761
834.5865
837.5102
840.3915
843.2898
847.6237
851.412
854.1666
856.953
860.6793
862.6107
867.0598
869.5341
872.2069
874.0442
877.8631
881.6482
885.2865
887.6494
891.5138
894.0883
895.1057
896.5331
901.1522
903.3703
904.8647
907.7422
910.0296
911.65
913.6151
916.4653
921.1782
921.2534
923.9412
925.2852
928.7371
931.3625
934.4695
937.8852
940.8908
945.2951
948.6452
951.1993
953.1893
956.2756
957.988
961.0496
964.0806
966.631
968.975
971.2632
974.1629
