2197.0
2197.0
2159.2401
2123.1193
2084.9125
2049.9078
2010.0148
1973.1983
1939.3868
1904.1615
1871.7227
1838.4885
1806.232
1772.0132
1740.825
1708.4863
1678.9186
1646.6033
1614.5269
1585.3208
1555.1468
1525.9436
1496.4395
1468.3679
1438.2166
1409.9756
1383.3878
1356.581
1329.4162
1302.9192
1277.2204
1254.2429
1229.4157
1204.9663
1180.3317
1156.2395
1132.7288
1110.5105
1086.8547
1065.83
1045.3229
1023.7117
1001.9206
980.8056
959.8836
940.3157
921.4775
901.5491
882.2347
865.1815
847.3661
828.6064
809.8405
791.771
775.097
760.5373
747.2405
735.1664
722.5591
709.697
698.8708
688.8544
678.2419
667.688
658.4132
648.7198
640.2798
631.4807
622.3586
613.3829
605.6031
598.1261
591.5261
584.9073
577.6401
570.2281
562.6851
555.7713
549.4765
541.9844
535.2614
529.2853
522.8477
515.7681
509.8403
503.3937
495.948
489.8713
483.0529
476.7857
471.7033
466.4383
460.5805
454.6218
449.0825
443.3708
437.9328
432.5822
427.457
422.0742
416.9571
411.5227
406.1211
401.099
395.0991
389.6127
383.4229
378.873
374.1127
369.1938
364.0231
359.1058
354.021
349.7839
345.2945
341.9426
337.4615
333.2925
330.1712
325.9354
322.0929
317.8537
313.009
308.8536
305.4539
301.972
298.0749
294.1424
290.2956
286.8799
283.3368
280.0734
277.9521
275.9957
273.4077
270.8892
268.4222
265.8498
264.289
262.3016
260.1011
258.4034
255.8087
253.0957
251.3831
249.1482
247.2518
245.2064
243.5678
241.6674
240.1404
239.0612
237.0982
236.0447
234.4171
232.4602
230.9767
229.8291
228.7365
227.6598
226.2159
224.7631
223.4793
222.2474
221.149
219.4756
218.0036
216.7096
215.6496
214.2711
212.6085
210.9899
209.7193
208.8466
207.2622
206.1323
204.342
203.7839
202.5411
201.2209
200.0296
199.6027
198.7622
197.267
195.9766
195.2612
194.5363
193.2987
192.0464
190.785
189.8886
189.1118
187.6792
186.693
185.6442
184.9911
183.7165
182.5115
181.8486
180.9677
