9.0
9.0
9.056199999999935
9.105399999999978
9.157299999999989
9.210600000000023
9.259099999999982
9.31109999999993
9.360299999999958
9.412399999999979
9.460400000000005
9.510499999999954
9.560800000000016
9.606800000000012
9.651599999999963
9.696799999999966
9.749399999999982
9.800899999999986
9.846299999999982
9.897899999999957
9.942400000000008
9.987799999999993
10.037200000000013
10.080300000000003
10.132599999999988
10.179499999999994
10.228900000000008
10.276900000000007
10.327000000000002
10.372699999999968
10.42050000000004
10.462399999999986
10.505900000000036
10.549899999999992
10.593499999999997
10.636800000000004
10.682900000000012
10.729400000000012
10.775899999999972
10.82159999999997
10.866700000000012
10.910300000000028
10.957800000000008
11.001900000000012
11.051499999999972
11.096500000000004
11.139500000000009
11.17979999999998
11.220300000000018
11.267599999999973
11.310499999999985
11.35080000000003
11.391099999999978
11.434199999999944
11.474600000000041
11.519399999999987
11.561499999999965
11.60350000000001
11.648399999999995
11.693399999999995
11.737099999999987
11.777200000000038
11.816100000000004
11.856099999999982
11.895699999999964
11.932200000000005
11.972200000000026
12.013199999999987
12.04719999999999
12.084199999999965
12.117900000000008
12.157400000000017
12.191600000000014
12.226299999999979
12.259200000000003
12.297599999999983
12.330999999999973
12.367999999999975
12.402399999999973
12.44000000000002
12.47699999999997
12.507099999999983
12.541500000000008
12.579500000000015
12.619899999999998
12.656599999999989
12.6873
12.723600000000003
12.757400000000002
12.78870000000001
12.824300000000022
12.8595
12.895599999999996
12.931399999999993
12.96199999999997
12.995800000000015
13.027900000000006
13.062600000000025
13.094099999999992
13.1286
13.162700000000003
13.199799999999982
13.237399999999974
13.272399999999994
13.305900000000022
13.336399999999994
13.370800000000006
13.404800000000005
13.439299999999998
13.473400000000018
13.5034
13.533999999999988
13.563699999999994
13.5933
13.625400000000008
13.658800000000012
13.69459999999998
13.7252
13.761499999999982
13.7916
13.82389999999996
13.854799999999988
13.8825
13.916900000000004
13.947300000000006
13.980900000000005
14.017200000000015
14.048499999999988
14.082000000000017
14.118200000000018
14.149700000000017
14.186399999999985
14.217099999999997
14.248799999999994
14.283100000000008
14.313099999999986
14.3515
14.381300000000003
14.412299999999997
14.441700000000006
14.477999999999982
14.512799999999988
14.541299999999989
14.570600000000006
14.6036
14.632600000000005
14.65880000000002
14.6896
14.719599999999994
14.75029999999999
14.77989999999999
14.813500000000015
14.843400000000015
14.877299999999995
14.911299999999997
14.94430000000001
14.9803
15.006100000000009
15.032399999999997
15.0617
15.094800000000012
15.126300000000006
15.157199999999994
15.1841
15.2108
15.24210000000001
15.275399999999998
15.306099999999997
15.337100000000007
15.363800000000007
15.395799999999994
15.4246
15.455099999999996
15.481600000000006
15.5053
15.5341
15.5618
15.588600000000007
15.6207
15.6515
15.6801
15.7071
15.7366
15.767
15.796
15.8243
15.8525
15.8865
15.9134
15.946999999999997
15.977800000000041
16.005400000000005
16.032799999999906
16.061699999999984
16.091099999999923
16.11969999999997
16.146400000000053
16.174200000000038
16.20339999999994
16.230599999999995
