25.0
25.0
24.6857
24.3796
24.0717
23.8106
23.5142
23.2057
22.8825
22.5985
22.3044
22.0239
21.7189
21.4399
21.1501
20.9059
20.7017
20.464
20.1938
20.0062
19.7439
19.5059
19.2945
19.0752
18.8406
18.6546
18.4505
18.2434
18.0648
17.8109
17.5646
17.3679
17.1697
16.9379
16.7109
16.4936
16.3462
16.1721
16.0131
15.8301
15.692
15.4599
15.2755
15.1055
14.9728
14.8259
14.628
14.502
14.3579
14.2176
14.059
13.8893
13.7378
13.5798
13.4279
13.3254
13.1966
13.1274
13.0492
12.993
12.8936
12.8228
12.7442
12.6973
12.6238
12.5591
12.5189
12.4482
12.3963
12.3457
12.3186
12.2713
12.241
12.2208
12.1769
12.1806
12.1418
12.156
12.1004
12.0471
12.007
11.9592
11.9343
11.91
11.8763
11.8549
11.7983
11.7631
11.7261
11.7098
11.7146
11.6941
11.6725
11.6583
11.6548
11.6529
11.6452
11.6356
11.6569
11.6263
11.6135
11.5719
11.5445
11.5234
11.5114
11.5017
11.4821
11.4421
11.4253
11.3906
11.3477
11.335
11.3259
11.3016
11.3115
11.3014
11.2421
11.2169
11.2287
11.2342
11.2051
11.1718
11.141
11.1543
11.1413
11.1545
11.1189
11.1098
11.0787
11.0633
11.0038
10.9667
10.878
10.8415
10.8234
10.7873
10.7527
10.6991
10.6603
10.6082
10.5661
10.5333
10.5163
10.4633
10.4115
10.384
10.3326
10.2795
10.2578
10.2366
10.1884
10.1291
10.1065
10.0552
10.0105
9.9665
9.9318
9.891
9.8848
9.8119
9.7717
9.7213
9.6993
9.6412
9.6356
9.606
9.6109
9.5494
9.4863
9.4649
9.3881
9.3274
9.3028
9.2725
9.2349
9.2202
9.1848
9.1488
9.121
9.1078
9.074
9.0299
9.0181
8.9849
8.9594
8.8938
8.8575
8.8133
8.7795
8.7526
8.7004
8.6797
8.6698
8.6339
8.601
8.5752
8.5228
8.4431
8.3938
8.3656
