11.0
11.0
10.96199999999999
10.922299999999982
10.88259999999998
10.843299999999989
10.802700000000032
10.767299999999969
10.731299999999997
10.69469999999999
10.656100000000059
10.620199999999969
10.583499999999969
10.544999999999995
10.505800000000034
10.4692
10.427200000000008
10.388799999999978
10.35310000000001
10.31960000000008
10.280799999999987
10.240799999999995
10.205699999999995
10.16869999999999
10.134599999999981
10.101000000000033
10.063099999999995
10.027200000000002
9.988299999999983
9.948299999999996
9.911399999999983
9.870299999999991
9.836299999999971
9.800999999999979
9.761800000000022
9.72319999999997
9.687100000000006
9.648900000000033
9.615300000000012
9.575600000000053
9.53750000000009
9.500699999999995
9.461400000000015
9.421700000000007
9.388299999999992
9.351799999999985
9.316599999999962
9.284499999999998
9.244200000000063
9.201799999999958
9.16440000000002
9.128400000000019
9.08929999999997
9.053599999999959
9.015899999999998
8.980099999999975
8.949499999999974
8.90750000000006
8.870999999999984
8.834200000000022
8.799000000000007
8.763299999999974
8.725200000000006
8.69070000000001
8.654499999999954
8.618700000000098
8.588200000000025
8.5522
8.514700000000001
8.478099999999985
8.44340000000003
8.40700000000002
8.372900000000007
8.33720000000003
8.304999999999948
8.274499999999932
8.241000000000039
8.204900000000086
8.174700000000033
8.14120000000001
8.111100000000048
8.07609999999997
8.040400000000037
8.008699999999992
7.975000000000064
7.939399999999997
7.9073
7.8718
7.8413
7.8043
7.7673
7.735199999999997
7.701499999999997
7.669000000000001
7.635399999999999
7.604399999999997
7.574500000000001
7.545000000000009
7.514100000000006
7.481200000000006
7.452399999999997
7.4244
7.392900000000003
7.3592
7.329799999999997
7.2971
7.2651
7.231599999999997
7.200900000000004
7.1713
7.1371
7.108100000000003
7.0774
7.0442
7.0148
6.98
6.946699999999981
6.9155999999999915
6.884100000000005
6.852800000000003
6.818500000000009
6.785699999999997
6.754300000000006
6.7215999999999925
6.689999999999997
6.655999999999995
6.625099999999997
6.598099999999992
6.562999999999991
6.527000000000006
6.491200000000003
6.457199999999997
6.421499999999988
6.387400000000009
6.3554
6.323100000000025
6.290699999999979
6.255299999999989
6.218800000000004
6.184900000000001
6.1504999999999965
6.112800000000012
6.077200000000011
6.035999999999978
6.000200000000014
5.967399999999984
5.931500000000017
5.895100000000005
5.861400000000008
5.827200000000012
5.791499999999997
5.756799999999991
5.722000000000013
5.684799999999997
5.647199999999991
5.610100000000005
5.574699999999998
5.537599999999994
5.501100000000002
5.464499999999996
5.428500000000011
5.389799999999993
5.351800000000021
5.314000000000003
5.272200000000009
5.2375000000000185
5.20519999999998
5.169500000000017
5.138299999999982
5.099999999999998
5.0625000000000036
5.02569999999999
4.991200000000009
4.953399999999987
4.918200000000017
4.885099999999999
4.848999999999991
4.815399999999972
4.7767000000000195
4.735800000000001
4.703499999999994
4.665800000000042
4.63369999999999
4.59949999999999
4.560900000000014
4.5287999999999915
4.494200000000001
4.466199999999995
4.432799999999999
4.401700000000027
4.372199999999976
4.3365999999999865
4.302500000000005
4.269700000000005
4.234600000000008
4.20049999999998
4.168999999999953
4.135800000000024
4.103199999999981
4.067099999999978
