15.0
15.0
15.0143
15.029300000000012
15.039899999999998
15.056099999999994
15.0704
15.083399999999997
15.0959
15.1075
15.122100000000012
15.134999999999994
15.150100000000009
15.161300000000002
15.1711
15.1848
15.196499999999997
15.206600000000003
15.216
15.2262
15.234800000000009
15.244800000000012
15.2538
15.261799999999997
15.272499999999992
15.280499999999995
15.288900000000005
15.298000000000004
15.3068
15.314399999999992
15.3239
15.329400000000005
15.335799999999997
15.344
15.350900000000003
15.357600000000003
15.364100000000006
15.370799999999997
15.3768
15.382600000000004
15.389400000000006
15.3946
15.398899999999998
15.4028
15.408100000000003
15.413100000000012
15.4181
15.421100000000006
15.4253
15.431200000000002
15.4371
15.4427
15.445899999999996
15.448700000000002
15.453699999999994
15.4588
15.461700000000006
15.46359999999999
15.466399999999997
15.47
15.4734
15.4755
15.480200000000005
15.483999999999995
15.4888
15.492300000000004
15.4963
15.499700000000006
15.5023
15.5047
15.509399999999994
15.5141
15.5168
15.520499999999997
15.522899999999996
15.526600000000004
15.527099999999997
15.529699999999997
15.530899999999994
15.5324
15.5324
15.5348
15.536900000000003
15.539499999999997
15.54
15.5407
15.5436
15.546700000000007
15.549500000000004
15.551100000000003
15.553099999999993
15.555600000000005
15.557
15.5573
15.5573
15.559100000000003
15.5589
15.5609
15.5611
15.562100000000003
15.564699999999997
15.566899999999997
15.5688
15.5691
15.570400000000003
15.5726
15.573599999999997
15.574
15.5754
15.576399999999998
15.5769
15.5767
15.5776
15.5796
15.5809
15.5812
15.5818
15.5821
15.5815
15.5803
15.5809
15.582400000000003
15.5818
15.581300000000006
15.581
15.582
15.5829
15.5831
15.5838
15.5835
15.583400000000003
15.583599999999997
15.5842
15.5845
15.5839
15.5838
15.583299999999994
15.584799999999994
15.5866
15.587100000000007
15.587299999999994
15.586900000000004
15.587300000000003
15.588600000000007
15.5883
15.588800000000006
15.588600000000003
15.588800000000003
15.589
15.5897
15.5911
15.5915
15.5915
15.5922
15.593
15.5908
15.590000000000005
15.5904
15.5903
15.5904
15.5895
15.5886
15.5896
15.588899999999997
15.588099999999997
15.588399999999996
15.588399999999996
15.5884
15.588700000000003
15.5879
15.5884
15.589199999999995
15.5887
15.5885
15.5902
15.5904
15.590700000000004
15.5914
15.591800000000003
15.591400000000005
15.591900000000006
15.5916
15.592900000000006
15.593900000000005
15.5946
15.594400000000002
15.594699999999994
15.593599999999997
15.595
15.5956
15.5942
15.5946
15.595500000000007
15.5952
15.595200000000004
15.5956
15.598400000000003
15.5988
15.5989
15.5992
