81.0
81.0
81.9971
82.8753
83.927
84.9035
85.9174
86.7556
87.6382
88.6636
89.5949
90.6491
91.6413
92.657
93.6822
94.6363
95.5825
96.6216
97.5437
98.4493
99.3317
100.3115
101.2036
102.235
103.2273
104.1637
105.1593
106.0438
107.1121
108.0624
109.0492
109.984
110.875
111.8396
112.9419
113.8628
114.7904
115.8695
116.9305
117.8235
118.9357
119.9009
120.7936
121.8441
122.7583
123.7
124.6075
125.5943
126.4919
127.532
128.5027
129.4202
130.4032
131.3316
132.2788
133.1186
134.1029
135.0903
136.0221
137.0565
138.004
138.9318
139.9562
140.9304
141.7809
142.657
143.5249
144.3394
145.2227
146.1237
147.036
148.033
148.9537
149.8983
150.7045
151.6415
152.6455
153.6472
154.5677
155.4036
156.3723
157.2288
158.1364
159.0212
159.8531
160.8049
161.7301
162.6754
163.6084
164.5213
165.4495
166.3485
167.3411
168.2081
169.2149
170.1171
171.0737
171.923
172.8818
173.8317
174.6462
175.4943
176.4293
177.2788
178.1931
178.9625
179.9097
180.7064
181.5567
182.5211
183.3279
184.2332
185.2199
186.0774
186.9792
187.7565
188.7211
189.6233
190.5815
191.4699
192.4584
193.3243
194.223
195.1749
196.0525
196.9322
197.8122
198.7335
199.5393
200.3954
201.2815
202.1836
203.0207
203.8633
204.5176
205.2542
206.1644
206.9745
207.7745
208.6585
209.3389
210.1706
211.0019
211.7768
212.5753
213.3519
214.0877
214.7954
215.6638
216.4059
217.2134
217.9813
218.7367
219.5102
220.1295
220.7396
221.532
222.3254
223.037
223.6259
224.4223
225.0013
225.7636
226.4029
227.1081
227.6521
228.4067
229.0678
229.8317
230.627
231.3027
231.9599
232.6241
233.205
233.9472
234.5372
235.172
235.7652
236.4281
237.0102
237.5943
238.1519
238.6984
239.3417
239.8968
240.6239
241.3679
241.9611
242.5248
243.2005
243.6746
244.3029
244.9481
245.5045
246.2074
246.7508
247.3086
247.9362
248.5603
249.0732
