3375.0
3375.0
3368.9874
3363.0463
3358.4213
3353.5703
3348.4573
3343.307
3338.1495
3333.8814
3328.8122
3324.6786
3320.0691
3315.4145
3310.4697
3305.7448
3300.8973
3296.733
3291.8902
3286.5595
3281.1267
3276.6235
3272.1558
3267.3737
3262.9931
3259.0661
3253.5647
3248.2051
3243.468
3237.7585
3232.5161
3226.8883
3221.8809
3218.3049
3213.884
3209.7857
3206.3695
3202.0156
3197.1999
3191.2138
3186.2574
3180.9498
3176.4578
3170.8168
3165.9126
3161.1964
3156.7429
3151.9119
3147.6904
3143.1732
3138.7483
3134.0369
3128.3008
3123.9543
3119.3649
3114.7419
3110.712
3105.3672
3099.4989
3094.9425
3090.5821
3086.9543
3081.9169
3077.2482
3073.035
3069.5037
3064.1113
3059.1527
3054.4527
3050.6457
3046.5472
3042.2695
3038.6572
3034.3093
3029.8616
3025.6531
3020.8687
3017.1308
3012.8045
3008.8676
3004.6568
3000.1376
2996.2687
2992.0001
2987.2732
2981.6877
2976.9381
2972.6747
2968.2328
2963.0818
2959.0577
2955.6617
2950.8685
2946.2925
2942.4054
2938.1017
2933.7673
2929.1962
2924.7559
2920.5815
2916.8163
2912.4653
2908.4675
2904.289
2899.2924
2895.657
2891.4242
2887.768
2884.3675
2881.0751
2877.2106
2872.8594
2868.8053
2864.8309
2860.5373
2855.1827
2851.2485
2847.5175
2843.4856
2840.0449
2837.6554
2834.0783
2829.3584
2825.9614
2821.6773
2817.907
2813.8216
2808.8764
2805.0041
2800.5482
2796.8562
2791.9925
2788.4531
2784.5135
2778.9779
2773.6478
2768.9705
2764.4007
2759.3283
2754.2536
2749.3825
2744.377
2739.0453
2733.6766
2728.2409
2722.1687
2717.2598
2710.9973
2705.9614
2700.9867
2695.0687
2689.1423
2682.9371
2676.6981
2671.1252
2664.5556
2658.3536
2652.8738
2645.8872
2639.5373
2633.4943
2627.4229
2620.4169
2612.7331
2606.1322
2599.7038
2593.5023
2586.8629
2579.108
2572.2893
2564.9021
2557.9177
2552.2832
2546.0548
2538.4809
2531.3544
2523.3923
2517.5007
2509.5847
2503.3002
2496.7495
2489.4221
2482.2423
2475.2933
2466.8251
2459.0357
2452.4509
2444.3946
2436.7717
2429.2891
2421.907
2414.842
2407.4883
2400.1808
2392.3008
2385.5673
2376.9136
2369.3242
2361.2734
2354.0838
