1000.0
1000.0
1001.8819
1004.1468
1007.1444
1011.1383
1013.1186
1015.8381
1019.2803
1023.9269
1027.4334
1028.9584
1032.0745
1033.9065
1037.1009
1039.5979
1042.4176
1044.1807
1046.7613
1050.3039
1051.8329
1054.5526
1057.7234
1061.0901
1062.7099
1066.0481
1069.9951
1073.3491
1075.8188
1077.1795
1080.6544
1082.9178
1086.0183
1090.1153
1092.1577
1095.2909
1099.7204
1103.0965
1106.5419
1109.8869
1113.4752
1118.3383
1121.2895
1124.6102
1128.5842
1131.9269
1134.5518
1139.5114
1143.6916
1147.7304
1150.3502
1153.9296
1157.4283
1161.5989
1164.1155
1168.2164
1170.2032
1177.0799
1181.7968
1187.4246
1193.408
1201.1235
1209.791
1217.6921
1226.1357
1234.5041
1243.061
1251.2257
1259.5388
1267.597
1276.3531
1286.5266
1293.9438
1303.6235
1313.5904
1322.7892
1332.4446
1342.5309
1352.4972
1362.5784
1373.5772
1383.1194
1393.0682
1402.4007
1411.2343
1420.6127
1430.9311
1441.4493
1452.665
1463.0175
1473.1722
1484.4033
1496.1277
1508.5376
1519.3042
1530.4482
1541.9362
1553.3952
1564.566
1575.8061
1586.9859
1599.3965
1610.5854
1620.0582
1631.7009
1642.6758
1652.9106
1664.6701
1678.0273
1690.0298
1701.0482
1711.4646
1724.4671
1737.4975
1749.8158
1763.8449
1776.1811
1788.3489
1800.5484
1812.4016
1825.1803
1837.8065
1851.0954
1861.9531
1873.6031
1887.4165
1897.4602
1909.5401
1921.6463
1933.9323
1947.6259
1961.7685
1974.0448
1987.1798
2000.6019
2014.9444
2027.4311
2042.8842
2056.7617
2072.0223
2088.4861
2100.7695
2114.1555
2129.5976
2143.5514
2158.8499
2173.7958
2187.5354
2203.296
2218.8196
2235.7709
2252.3014
2269.7511
2287.5787
2305.4219
2324.8613
2337.9637
2353.1682
2369.7033
2384.0598
2400.7803
2417.6462
2435.521
2452.8281
2467.6649
2487.139
2501.9975
2521.915
2539.863
2557.2732
2577.9559
2596.8069
2615.2541
2633.7205
2654.0573
2671.2139
2691.3487
2710.1585
2730.3345
2746.3544
2763.4552
2781.9115
2798.055
2819.7325
2838.4785
2858.6795
2876.938
2899.1295
2919.6569
2937.4408
2960.2156
2978.0764
2998.9682
3017.0314
3036.5263
3055.9068
3078.6558
3101.1262
3121.8347
3140.8421
