27.0
27.0
27.1313
27.248
27.455
27.5389
27.7142
27.9042
27.9968
28.0156
28.1671
28.2788
28.5213
28.5093
28.6355
28.8252
28.9228
29.1264
29.2659
29.4532
29.5791
29.7425
29.803
29.9766
30.0421
30.1916
30.3362
30.4365
30.5661
30.8796
30.9387
30.8981
30.972
31.0953
31.2323
31.4736
31.5603
31.692
31.7522
31.9982
32.1962
32.2571
32.4173
32.4724
32.5412
32.7442
32.9774
33.1554
33.3579
33.4362
33.5114
33.5383
33.685
33.8944
34.0794
34.3085
34.3689
34.5016
34.5034
34.5407
34.6297
34.823
34.9375
35.1381
35.3717
35.6845
35.7538
35.9281
35.9805
36.0145
36.2458
36.5286
36.6545
36.679
36.7414
36.9398
37.0324
37.1613
37.2356
37.5602
37.7319
38.0012
38.0952
38.3133
38.454
38.7148
38.7957
39.076
39.2909
39.4081
39.5743
39.8201
40.1478
40.4033
40.6331
40.8486
40.9394
41.0861
41.2137
41.414
41.5583
41.6441
41.747
41.8753
41.9074
42.1595
42.2196
42.3709
42.456
42.6382
42.7831
42.8215
42.8804
43.0375
43.2009
43.2362
43.4916
43.4523
43.6504
43.8144
43.956
44.0629
44.2857
44.3198
44.2938
44.3055
44.5525
44.6157
44.8175
45.0305
45.2565
45.2344
45.3225
45.3792
45.5841
45.7433
45.8812
45.9616
46.0938
46.1753
46.2776
46.2938
46.5088
46.7602
46.9747
46.9589
46.9257
47.0291
47.1661
47.2398
47.4123
47.4298
47.4986
47.5604
47.5265
47.745
47.8036
47.8954
47.8463
47.8856
47.9219
48.1565
48.1201
48.2306
48.3308
48.4061
48.4791
48.4997
48.6363
48.9132
48.9886
49.0976
48.991
49.0326
49.1397
49.0971
49.0493
49.3525
49.6484
49.7488
49.767
49.5992
49.6746
49.6508
49.7128
49.9631
50.2339
50.419
50.353
50.4002
50.3742
50.5506
50.6239
50.7967
50.9684
50.9614
50.8075
50.7676
50.8359
50.6794
