49.0
49.0
49.1123
49.2234
49.32
49.4576
49.5422
49.6188
49.7243
49.8886
49.9791
50.1128
50.2708
50.4028
50.5587
50.6763
50.811
50.9626
51.1229
51.2648
51.3963
51.4739
51.5942
51.7161
51.823
51.921
52.0602
52.2172
52.351
52.4583
52.5828
52.7167
52.8064
52.9361
53.0754
53.21
53.3817
53.4931
53.6146
53.7108
53.8253
53.9838
54.117
54.2649
54.3975
54.4933
54.586
54.7041
54.825
54.9687
55.0825
55.1814
55.2914
55.4194
55.5102
55.6172
55.7251
55.8498
55.9947
56.0579
56.2102
56.3476
56.4082
56.5396
56.5972
56.7021
56.8117
56.8251
56.9598
57.0443
57.1133
57.2026
57.2587
57.3764
57.4388
57.5174
57.6296
57.7319
57.8343
57.8835
57.9787
58.0457
58.1426
58.2235
58.3356
58.3731
58.4733
58.5421
58.6774
58.7408
58.7897
58.837
58.9426
59.0303
59.088
59.1234
59.1447
59.1971
59.2925
59.4004
59.4949
59.5568
59.6058
59.6758
59.7442
59.7788
59.8446
59.8797
59.9268
60.042
60.0678
60.0385
60.0835
60.1511
60.2246
60.2392
60.3175
60.3458
60.3985
60.5197
60.51
60.5341
60.5894
60.6708
60.7
60.7797
60.7762
60.8089
60.8891
60.8886
60.9364
60.9478
60.9573
60.9749
60.9902
61.0042
61.0559
61.0617
61.107
61.1877
61.1924
61.1707
61.233
61.2611
61.292
61.3014
61.316
61.3292
61.3077
61.3137
61.3139
61.306
61.3277
61.3032
61.2906
61.3481
61.3525
61.3284
61.3198
61.3068
61.3184
61.2665
61.3041
61.3067
61.269
61.2784
61.2761
61.1788
61.1709
61.1135
61.1002
61.1325
61.0907
61.1304
61.045
61.0462
61.0886
61.0957
61.1085
61.0465
61.0783
61.154
61.1221
61.0676
61.0508
61.099
61.1313
61.1023
61.1274
61.2066
61.198
61.1762
61.1429
61.1933
61.1604
61.1381
61.0989
61.0257
61.0545
61.0457
