4.0
4.0
4.061899999999968
4.124899999999971
4.181399999999988
4.239400000000005
4.305700000000001
4.364399999999999
4.425900000000018
4.4857999999999985
4.549299999999994
4.610399999999992
4.666299999999992
4.722700000000011
4.788599999999998
4.853299999999977
4.914699999999995
4.9746
5.037099999999996
5.094899999999999
5.156200000000002
5.218199999999999
5.279600000000003
5.335700000000016
5.397400000000007
5.456900000000006
5.515100000000005
5.573499999999975
5.6322
5.684900000000015
5.746899999999998
5.806099999999999
5.8591000000000015
5.91999999999999
5.9776000000000025
6.037599999999998
6.098300000000009
6.152699999999986
6.213899999999979
6.279599999999997
6.347899999999997
6.407299999999997
6.4655000000000005
6.526299999999994
6.582500000000019
6.638699999999994
6.691999999999984
6.7444000000000015
6.8048000000000055
6.8633999999999915
6.924100000000007
6.983300000000007
7.047099999999997
7.1053
7.165299999999993
7.221100000000006
7.285700000000003
7.3489
7.406799999999994
7.471300000000003
7.5358
7.597
7.647299999999994
7.6996
7.7552
7.8122
7.8685
7.9299
7.989600000000009
8.048799999999964
8.105600000000067
8.158800000000026
8.211099999999963
8.27099999999999
8.324300000000024
8.380100000000004
8.43499999999999
8.491599999999988
8.544899999999988
8.603800000000014
8.665400000000062
8.715900000000003
8.76769999999999
8.819799999999953
8.881500000000063
8.93090000000001
8.981699999999972
9.039800000000017
9.093199999999976
9.151699999999995
9.207599999999989
9.265500000000031
9.326399999999998
9.379400000000018
9.436999999999989
9.498599999999959
9.550599999999996
9.605700000000008
9.658899999999992
9.717700000000004
9.77450000000004
9.827299999999978
9.878300000000023
9.930599999999993
9.986499999999996
10.041200000000028
10.098600000000038
10.153099999999991
10.204099999999983
10.256699999999954
10.317000000000002
10.376499999999998
10.438300000000021
10.496999999999959
10.551700000000022
10.608400000000035
10.667399999999976
10.725800000000028
10.784499999999975
10.838200000000002
10.897399999999998
10.9493
11.009699999999986
11.071100000000012
11.1259
11.17679999999999
11.233199999999984
11.290200000000022
11.347599999999956
11.39739999999998
11.441100000000002
11.486500000000003
11.529999999999967
11.569599999999975
11.60960000000001
11.646200000000016
11.679700000000011
11.72059999999999
11.756899999999987
11.797499999999996
11.836500000000024
11.873300000000002
11.906200000000018
11.933700000000028
11.963399999999975
11.993699999999977
12.034899999999977
12.07090000000002
12.10009999999996
12.1308
12.164300000000026
12.187300000000004
12.211400000000005
12.238399999999976
12.266799999999991
12.297900000000014
12.326100000000048
12.358099999999997
12.382400000000015
12.41570000000002
12.435799999999986
12.468000000000027
12.500399999999962
12.526899999999998
12.562200000000024
12.595300000000003
12.631599999999969
12.655600000000014
12.6869
12.7147
12.751699999999973
12.77530000000004
12.805899999999987
12.838199999999986
12.869799999999998
12.89670000000002
12.921800000000003
12.954299999999996
12.974099999999988
13.011899999999953
13.038600000000017
13.0613
13.08369999999999
13.116600000000036
13.144499999999988
13.174600000000018
13.202999999999994
13.22469999999997
13.250699999999977
13.279699999999973
13.31109999999999
13.343499999999988
13.374600000000017
13.405200000000034
13.434200000000029
13.467999999999995
13.4951
13.520499999999988
13.552800000000017
13.580199999999994
