7.0
7.0
7.0051
7.009999999999993
7.013799999999991
7.0204
7.023399999999995
7.025800000000003
7.030300000000012
7.038999999999993
7.0421000000000085
7.048599999999996
7.0570000000000075
7.062999999999995
7.070899999999997
7.075899999999997
7.082199999999994
7.0896
7.0979
7.105400000000001
7.111900000000007
7.1149
7.120400000000005
7.1263
7.1312
7.1352
7.142199999999995
7.149999999999994
7.1558000000000055
7.1605000000000025
7.165800000000006
7.172699999999997
7.1760000000000055
7.182699999999997
7.1894
7.1956
7.2047
7.209500000000006
7.2158
7.219799999999997
7.224699999999997
7.233400000000003
7.239400000000006
7.246900000000003
7.253300000000006
7.256899999999997
7.260400000000003
7.26469999999999
7.271399999999991
7.278500000000001
7.282299999999997
7.286400000000006
7.290999999999999
7.2966
7.301000000000001
7.305799999999992
7.310499999999994
7.316399999999993
7.323100000000003
7.324500000000003
7.332
7.3386
7.339800000000003
7.346400000000013
7.347200000000006
7.351299999999998
7.3555000000000055
7.3533
7.358800000000006
7.3611
7.363100000000003
7.365999999999997
7.367099999999997
7.372199999999997
7.3738
7.376599999999995
7.3818
7.385100000000001
7.389900000000007
7.3899
7.3935
7.3949
7.399400000000004
7.4021
7.407599999999997
7.406100000000003
7.410300000000003
7.412100000000004
7.4186000000000085
7.4195999999999955
7.420300000000003
7.42
7.4238
7.425900000000003
7.427199999999996
7.427399999999997
7.426699999999997
7.427299999999997
7.4317000000000055
7.436
7.4403
7.4416000000000055
7.442200000000003
7.442600000000006
7.444600000000003
7.444600000000003
7.446800000000004
7.4463
7.446399999999994
7.451400000000003
7.449599999999994
7.445099999999994
7.444900000000006
7.4467000000000025
7.4486000000000026
7.447199999999994
7.449099999999999
7.4476
7.447499999999999
7.451499999999994
7.449
7.4469
7.446800000000001
7.449800000000003
7.4490000000000025
7.450500000000002
7.447400000000006
7.447300000000001
7.449500000000003
7.447200000000004
7.446200000000003
7.443000000000003
7.439700000000003
7.4389
7.4368
7.4346
7.4353
7.4320999999999975
7.431599999999994
7.4336999999999955
7.431599999999999
7.427099999999994
7.427
7.4263
7.425600000000005
7.422999999999989
7.419999999999998
7.4176
7.4117
7.4091
7.406300000000006
7.402400000000009
7.400499999999996
7.395
7.389799999999998
7.389899999999998
7.387500000000003
7.381399999999994
7.377800000000003
7.3726
7.3683999999999985
7.361899999999994
7.360699999999999
7.357700000000003
7.35
7.347400000000006
7.3429
7.332799999999997
7.3285
7.321299999999995
7.317400000000001
7.316500000000001
7.310700000000003
7.3106
7.3022
7.298
7.296599999999997
7.292700000000002
7.288299999999999
7.281700000000002
7.280099999999991
7.279600000000006
7.275299999999994
7.269000000000003
7.264
7.262199999999998
7.260900000000012
7.254900000000001
7.254
7.255199999999997
7.2512
7.245999999999994
7.239900000000003
7.238700000000003
7.2346000000000075
7.229700000000005
7.223899999999994
7.216100000000004
7.212700000000002
7.208899999999991
