216.0
216.0
213.922
211.9576
209.9838
208.0859
205.6978
203.681
201.8332
199.7248
198.163
196.2014
194.4644
192.3246
190.753
188.9602
186.9705
185.1872
182.9849
180.965
179.0043
176.7603
175.18
173.5589
172.1822
170.473
168.956
167.1497
165.5005
164.2164
162.8088
161.3869
159.5918
157.687
155.8929
154.5906
153.2062
151.7906
150.3485
148.8499
147.5733
145.9836
144.7056
143.3483
142.0852
140.9123
139.5923
138.6448
137.2956
136.0024
134.5185
133.1704
132.1142
130.8884
129.5816
128.5034
127.6039
126.3976
125.511
124.7489
123.7625
122.9296
122.1615
121.5989
121.169
120.5305
119.8192
119.2374
118.7688
118.2923
117.9266
117.8764
117.4433
117.1256
116.6721
116.4285
116.1341
115.8986
115.7217
115.4875
115.2157
115.239
115.1099
114.8747
114.7802
114.6503
114.5428
114.6593
114.5971
114.644
114.8528
114.7055
114.6681
114.4537
114.5288
114.6596
114.8711
115.0795
114.8259
114.836
114.6422
114.7353
114.7172
114.9213
115.1621
115.2052
115.2958
115.3471
115.5814
115.4403
115.6895
115.8468
116.0963
116.2228
116.1981
116.5468
116.6321
116.8195
116.9389
116.9721
116.9255
116.939
117.0022
117.0278
117.1559
117.1127
117.0172
117.1771
117.2897
117.4678
117.4557
117.3344
117.2277
117.3249
117.3735
117.7343
117.8579
117.9148
118.0403
118.1399
118.2227
118.0283
118.1309
118.0084
118.0161
118.1227
118.1414
118.2501
118.1096
117.9492
118.0171
118.0382
117.8064
117.8114
117.8298
117.6639
117.637
117.4434
117.1663
117.0637
116.7442
116.6703
116.571
116.4376
116.2697
116.1995
115.8741
115.6711
115.5508
115.3143
115.1105
114.6317
114.6341
114.3339
113.6953
113.5359
113.3378
113.0572
112.6738
112.5065
112.0538
111.8027
111.7172
111.585
111.0645
111.0214
110.863
110.694
110.4022
110.3421
109.9055
109.7542
109.3735
109.0751
108.6276
108.4487
108.1491
107.8528
107.6923
107.3495
