13.0
13.0
13.003499999999994
13.012500000000001
13.020300000000052
13.035500000000026
13.041600000000003
13.054799999999968
13.0628
13.077600000000004
13.08450000000002
13.093899999999982
13.102100000000014
13.108300000000005
13.115299999999968
13.120199999999974
13.130800000000015
13.137899999999997
13.146599999999994
13.156599999999997
13.165300000000029
13.169400000000003
13.173099999999982
13.174900000000012
13.183100000000058
13.196400000000002
13.2088
13.216900000000003
13.218199999999989
13.22200000000002
13.233
13.241200000000012
13.253300000000026
13.261099999999994
13.26730000000002
13.280400000000023
13.290800000000011
13.299500000000005
13.3062
13.3182
13.319400000000005
13.325700000000035
13.33469999999999
13.347499999999986
13.357900000000006
13.368699999999965
13.381099999999977
13.381999999999977
13.396100000000002
13.403599999999994
13.415800000000011
13.415900000000015
13.427800000000017
13.438700000000015
13.449000000000009
13.455299999999998
13.4629
13.473300000000004
13.483700000000015
13.502699999999983
13.52810000000002
13.541900000000018
13.557000000000006
13.576299999999996
13.591799999999994
13.607899999999969
13.631999999999982
13.649800000000006
13.670700000000028
13.687199999999997
13.698099999999982
13.711199999999995
13.740399999999983
13.761300000000011
13.780700000000012
13.797699999999994
13.812400000000027
13.8341
13.852700000000015
13.880199999999983
13.905299999999986
13.926200000000005
13.94699999999997
13.961399999999983
13.979099999999974
13.997099999999985
14.021200000000006
14.037800000000011
14.0587
14.076699999999983
14.08699999999999
14.109600000000018
14.127100000000011
14.144399999999974
14.163200000000005
14.188699999999992
14.200499999999982
14.2188
14.231600000000011
14.254800000000023
14.272300000000023
14.286900000000024
14.307499999999994
14.323300000000009
14.344100000000006
14.365499999999988
14.3828
14.398
14.422499999999985
14.4452
14.4669
14.487099999999982
14.503700000000014
14.520999999999994
14.538199999999991
14.560600000000015
14.580800000000012
14.599799999999988
14.620999999999993
14.643899999999995
14.659899999999995
14.682500000000006
14.695899999999982
14.7162
14.735799999999998
14.750699999999995
14.763100000000009
14.780300000000015
14.797899999999988
14.8165
14.834599999999986
14.845300000000005
14.8621
14.874700000000006
14.887800000000006
14.899400000000009
14.9074
14.916500000000003
14.933400000000017
14.941300000000009
14.950000000000006
14.965799999999982
14.970799999999992
14.980299999999982
14.9919
15.0024
15.0118
15.022000000000006
15.028499999999998
15.03170000000001
15.040599999999994
15.046999999999993
15.0635
15.071499999999995
15.079
15.086799999999997
15.097000000000012
15.102099999999995
15.111900000000011
15.1168
15.124399999999994
15.130900000000002
15.136699999999994
15.139000000000006
15.1487
15.1537
15.161300000000002
15.1683
15.171000000000006
15.1773
15.183599999999995
15.1952
15.2007
15.207099999999997
15.213400000000005
15.223499999999989
15.231600000000006
15.2326
15.245999999999993
15.253900000000005
15.265999999999995
15.272799999999988
15.283099999999989
15.288
15.292300000000006
15.2948
15.297799999999993
15.300900000000006
15.3007
15.302
15.306700000000012
15.313700000000006
15.328599999999994
15.3331
15.329100000000002
15.335300000000004
15.343699999999995
15.3535
15.357699999999998
15.3629
