32.0
32.0
31.9908
31.9798
31.9742
31.9668
31.9575
31.9489
31.9397
31.9299
31.9224
31.9145
31.9059
31.8966
31.8881
31.8786
31.8698
31.8597
31.8516
31.8445
31.8364
31.8285
31.8212
31.8116
31.8036
31.7932
31.785
31.775
31.7664
31.7594
31.7522
31.7447
31.735
31.7265
31.717600000000004
31.7083
31.7009
31.6901
31.6821
31.6761
31.6698
31.6595
31.6521
31.6444
31.6365
31.6259
31.6145
31.6065
31.5962
31.5865
31.5782
31.5706
31.5607
31.5514
31.5431
31.5355
31.5234
31.5165
31.5051
31.495000000000005
31.486
31.4752
31.4613
31.4541
31.444700000000005
31.436399999999995
31.426299999999994
31.4164
31.4041
31.3897
31.379
31.362299999999994
31.349
31.3344
31.323599999999995
31.3098
31.2965
31.2851
31.2733
31.261700000000005
31.249
31.234499999999993
31.2192
31.208
31.199000000000012
31.18759999999999
31.174399999999988
31.163700000000013
31.1512
31.137199999999993
31.126599999999993
31.111799999999995
31.0972
31.081300000000006
31.064899999999987
31.05
31.0388
31.02560000000001
31.013099999999994
30.996100000000006
30.980800000000006
30.966700000000007
30.9514
30.9327
30.916499999999996
30.902099999999983
30.8879
30.8722
30.857499999999987
30.843299999999996
30.8291
30.8116
30.798
30.784099999999995
30.766
30.7515
30.73450000000001
30.71779999999999
30.7001
30.684000000000005
30.670599999999983
30.65530000000001
30.638000000000005
30.6204
30.604699999999994
30.59009999999999
30.575999999999993
30.559600000000017
30.543300000000023
30.5262
30.511699999999987
30.49889999999999
30.48500000000001
30.4692
30.4555
30.441299999999988
30.428
30.416400000000007
30.405899999999995
30.395999999999987
30.38569999999999
30.3768
30.366500000000013
30.35510000000002
30.3437
30.3367
30.323200000000025
30.3166
30.309
30.3024
30.29519999999997
30.287300000000016
30.27899999999999
30.273100000000007
30.267300000000013
30.2606
30.252699999999994
30.2458
30.241199999999996
30.23369999999999
30.2268
30.224099999999993
30.217799999999976
30.2139
30.21170000000002
30.2081
30.2039
30.201699999999995
30.197099999999978
30.194000000000013
30.187999999999978
30.183500000000013
30.180299999999995
30.177499999999977
30.171299999999995
30.166600000000006
30.1604
30.1583
30.157999999999987
30.1544
30.1543
30.15050000000001
30.1458
30.142099999999996
30.1383
30.136599999999987
30.1345
30.1305
30.128099999999975
30.1272
30.124500000000012
30.122
30.1195
30.118400000000012
30.1147
30.113599999999987
30.1137
30.113099999999996
30.115200000000012
30.113800000000012
