9.0
9.0
8.9849
8.9678
8.9684
8.9427
8.941
8.9404
8.9232
8.8912
8.8835
8.8686
8.8809
8.8393
8.8255
8.8258
8.8062
8.814
8.8049
8.81
8.8043
8.7987
8.7826
8.7848
8.7669
8.7638
8.7654
8.7543
8.7511
8.7798
8.7641
8.7269
8.7112
8.7113
8.7119
8.7266
8.7139
8.7046
8.6906
8.7128
8.7174
8.6981
8.7021
8.6826
8.6736
8.6834
8.693
8.6906
8.6999
8.693
8.6704
8.6557
8.6536
8.6662
8.6674
8.6915
8.6813
8.6884
8.6726
8.6599
8.6557
8.67
8.6643
8.6751
8.6939
8.7175
8.7126
8.7205
8.7135
8.7063
8.7206
8.7432
8.7465
8.7394
8.7316
8.747
8.753
8.7583
8.761
8.794
8.8123
8.8352
8.8394
8.8595
8.8686
8.8916
8.8915
8.9284
8.9499
8.9535
8.9707
8.9945
9.0312
9.0569
9.0859
9.098
9.1048
9.1197
9.1345
9.152
9.1611
9.1627
9.1646
9.1773
9.1714
9.1949
9.1942
9.2023
9.2014
9.2156
9.2325
9.2369
9.2418
9.2565
9.2773
9.2764
9.3042
9.2905
9.3128
9.324
9.342
9.3499
9.3729
9.3774
9.3636
9.3607
9.3899
9.3893
9.4047
9.4201
9.4413
9.4302
9.4345
9.4308
9.4499
9.4633
9.472
9.4718
9.4918
9.4963
9.5016
9.4948
9.5118
9.5392
9.5613
9.5511
9.5389
9.5339
9.5375
9.5406
9.5513
9.5514
9.5546
9.5418
9.5191
9.5412
9.5366
9.5316
9.5187
9.511
9.5071
9.5267
9.5151
9.5186
9.5176
9.5103
9.5189
9.5177
9.5301
9.5568
9.5594
9.5622
9.5384
9.5388
9.5499
9.5389
9.5277
9.5501
9.5762
9.585
9.5786
9.5512
9.5458
9.5236
9.5162
9.5443
9.5713
9.5854
9.571
9.5634
9.5512
9.5576
9.5741
9.5835
9.585
9.5722
9.5467
9.5234
9.5201
9.4972
