1.0
1.0
0.9464
0.8975
0.8526
0.8055
0.7582
0.7247
0.6918
0.657
0.6173
0.5819
0.5566
0.5345
0.5157
0.4917
0.4644
0.4298
0.4145
0.397
0.3837
0.3727
0.3624
0.3376
0.3376
0.3182
0.3031
0.2889
0.2791
0.2819
0.2717
0.266
0.2791
0.2737
0.2699
0.2622
0.2674
0.2616
0.2654
0.2613
0.2567
0.2605
0.2597
0.252
0.2526
0.2555
0.2537
0.2487
0.2443
0.2442
0.2427
0.235
0.2334
0.2293
0.2288
0.2334
0.2315
0.2539
0.2614
0.2702
0.2903
0.3009
0.303
0.3131
0.3221
0.3297
0.3502
0.3461
0.3552
0.3792
0.3808
0.3944
0.3964
0.3904
0.3965
0.4064
0.4109
0.4128
0.4168
0.4238
0.4356
0.4397
0.4396
0.4539
0.4699
0.4878
0.4831
0.4928
0.5076
0.5085
0.5039
0.5018
0.4995
0.5013
0.5086
0.493
0.4874
0.489
0.4746
0.4963
0.4818
0.4803
0.4848
0.4908
0.4969
0.4899
0.4862
0.4869
0.491
0.4918
0.4916
0.4921
0.4939
0.5002
0.5209
0.5259
0.5058
0.5142
0.5346
0.5259
0.5372
0.539
0.5341
0.5187
0.5061
0.5034
0.5081
0.5145
0.5238
0.5192
0.5311
0.5393
0.5366
0.544
0.5645
0.5863
0.5958
0.6057
0.6263
0.6522
0.6683
0.6899
0.7141
0.7373
0.7541
0.7851
0.8148
0.8517
0.8725
0.9289
0.9609
0.9891
1.0264
1.0696
1.0825
1.1066
1.1322
1.1596
1.169
1.1928
1.2347
1.2769
1.3143
1.3324
1.3462
1.3709
1.3904
1.4192
1.4622
1.4833
1.4811
1.5133
1.5041
1.5559
1.5775
1.61
1.6335
1.6388
1.6401
1.6619
1.6598
1.7034
1.7036
1.7468
1.7878
1.788
1.8252
1.8335
1.8459
1.8388
1.8446
1.8792
1.8969
1.9207
1.9419
1.966
1.987
2.0207
2.058
2.094
