8.0
8.0
8.2839
8.5699
8.879
9.1105
9.3758
9.5805
9.7456
9.9552
10.2129
10.3707
10.5594
10.7206
10.9038
11.1068
11.2778
11.4121
11.5831
11.7855
12.0501
12.1628
12.3888
12.6511
12.9012
13.0856
13.2409
13.3802
13.4659
13.651
13.7388
14.0002
14.0612
14.176
14.2322
14.3605
14.528
14.6776
14.7623
14.7748
14.9567
15.1185
15.1997
15.2686
15.5145
15.5938
15.7244
15.7888
15.8366
15.8636
15.9217
15.9989
16.2073
16.2679
16.4161
16.5922
16.6441
16.8851
16.9637
17.1611
17.3716
17.5623
17.828
18.1344
18.3717
18.6326
19.1015
19.5122
19.9634
20.2418
20.5065
20.7692
21.1421
21.46
21.8359
22.186
22.5105
22.874
23.3224
23.6985
24.0777
24.4127
24.7612
25.1714
25.5548
26.016
26.4213
26.8863
27.2169
27.5345
28.0302
28.5056
28.9464
29.2975
29.5932
29.9536
30.5914
31.1006
31.7238
32.0917
32.6531
33.185
33.6255
33.9769
34.3667
34.5421
35.0573
35.4726
35.7395
36.1793
36.8113
37.2092
37.6979
38.2625
38.8744
39.3179
39.7092
40.3236
40.8075
41.2984
41.7363
42.1966
42.8045
43.4638
43.934
44.5186
45.2095
45.7469
46.4781
46.9745
47.8505
48.3721
48.8037
49.1896
49.8159
50.3679
51.0438
51.566
52.0833
52.722
53.2583
53.6725
54.0592
54.4243
54.7115
55.2237
55.583
55.9726
56.5867
57.0801
57.3235
57.7773
58.529
59.0508
59.6356
60.185
60.898
61.3108
61.7483
62.1933
62.6097
62.7344
63.2836
64.0914
64.2381
64.6163
64.9733
65.3002
65.6105
65.8953
66.4707
67.0092
67.6067
67.7151
68.1261
68.5768
69.0556
69.4053
69.8907
70.5344
71.1788
71.6565
72.2877
72.9226
73.2909
73.85
74.0584
74.8157
74.9361
75.2637
75.6979
76.1051
76.6466
77.0968
77.4404
77.9839
78.1377
78.3733
79.0977
79.2735
