36.0
36.0
35.7232
35.4544
35.1866
34.9285
34.6122
34.3374
34.0822
33.7972
33.5682
33.2982
33.053
32.7602
32.535
32.2822
32.0043
31.7492
31.4519
31.1612
30.8815
30.5743
30.3416
30.1011
29.8952
29.6466
29.4266
29.1695
28.9253
28.7216
28.5114
28.2947
28.0382
27.7592
27.4997
27.3038
27.0888
26.8764
26.6653
26.4353
26.2349
25.9966
25.7986
25.5825
25.3804
25.1957
24.9965
24.8398
24.6262
24.4248
24.2031
23.9944
23.807
23.5986
23.387
23.2116
23.0645
22.8824
22.7328
22.5973
22.4423
22.3092
22.1897
22.0895
22.0056
21.8983
21.786
21.686
21.5984
21.5125
21.4258
21.3918
21.3053
21.2506
21.1727
21.1199
21.0631
21.0102
20.9643
20.9159
20.8563
20.836
20.7937
20.7467
20.7166
20.6795
20.6462
20.6375
20.5973
20.585
20.5942
20.5673
20.5519
20.5103
20.5048
20.505
20.5083
20.5097
20.4661
20.4474
20.4204
20.4143
20.3986
20.4023
20.4217
20.4158
20.4052
20.4047
20.413
20.3873
20.4011
20.4102
20.4235
20.4222
20.4093
20.4348
20.4321
20.4399
20.4393
20.4361
20.4151
20.408
20.407
20.3958
20.3953
20.3793
20.3596
20.3673
20.3695
20.3808
20.3701
20.3504
20.3197
20.3171
20.3057
20.3219
20.3233
20.316
20.3203
20.3173
20.3169
20.2723
20.2669
20.242
20.2205
20.2201
20.2078
20.2073
20.1814
20.1544
20.1431
20.1272
20.0872
20.0706
20.0558
20.0245
19.9962
19.9574
19.9129
19.8917
19.8476
19.8259
19.8032
19.7602
19.7251
19.7073
19.6559
19.6209
19.5822
19.5409
19.5035
19.4395
19.4285
19.3741
19.2873
19.2561
19.2212
19.173
19.1164
19.0807
19.0138
18.9677
18.9416
18.9108
18.8347
18.8158
18.7832
18.7388
18.6862
18.6637
18.6019
18.564
18.4977
18.4497
18.3808
18.3421
18.2899
18.2294
18.1937
18.1409
