27.0
27.0
26.3757
25.7989
25.2274
24.6488
24.025
23.5233
22.9765
22.4562
21.9819
21.4972
21.0528
20.5133
20.0809
19.5981
19.165
18.7667
18.4073
17.9853
17.6329
17.2755
16.9132
16.6049
16.1961
15.8789
15.4965
15.2145
15.0158
14.7126
14.4147
14.1033
13.833
13.5436
13.2911
13.0459
12.8455
12.6443
12.3915
12.1607
11.9429
11.7324
11.5703
11.4039
11.2578
11.0333
10.8036
10.5887
10.4043
10.2258
10.0812
9.8777
9.7031
9.5284
9.4096
9.2859
9.1537
9.0449
8.931
8.8183
8.653
8.5066
8.3745
8.2299
8.1428
8.0339
7.9145
7.817
7.7405
7.6956
7.6413
7.5629
7.5074
7.4833
7.4518
7.3852
7.2957
7.2365
7.2574
7.245
7.2089
7.1612
7.1469
7.1379
7.1332
7.108
7.113
7.0776
7.0394
7.0365
6.9998
6.9905
7.0121
6.9974
7.0251
6.992
7.0063
6.9869
7.0022
6.9666
6.976
7.0382
7.0623
7.089
7.0347
7.0264
7.0367
7.0422
7.0381
7.0094
7.0009
7.0105
7.027
7.0173
7.0294
7.0235
7.0471
7.029
7.0369
7.0126
7.0102
7.0405
7.0371
6.9874
6.9535
6.944
6.9614
6.9904
6.9839
7.0035
6.9778
6.9882
6.9815
6.9878
6.9801
6.9762
7.0035
6.9904
7.0308
7.0073
6.963
6.9357
6.9126
6.8991
6.9045
6.8944
6.895
6.8727
6.8498
6.8477
6.8043
6.8149
6.8636
6.8621
6.8333
6.8596
6.8644
6.8939
6.936
6.9773
6.9621
6.9614
6.9701
6.9266
6.9475
6.9578
6.9732
6.9817
6.9867
7.0433
7.0869
7.0679
7.0822
7.094
7.1016
7.0949
7.0925
7.1046
7.0924
7.0882
7.0745
7.1339
7.1157
7.1524
7.1728
7.1949
7.1876
7.1657
7.1455
7.111
7.1099
7.135
7.1408
7.1734
7.1449
7.1948
7.1867
7.2009
7.2054
7.2121
