6.0
6.0
6.009600000000023
6.017500000000005
6.029200000000005
6.0386999999999995
6.0466
6.0605
6.0701000000000045
6.079400000000005
6.090499999999996
6.104600000000001
6.118399999999998
6.130100000000004
6.141000000000006
6.153100000000015
6.163200000000003
6.171799999999993
6.175800000000009
6.186700000000005
6.20199999999999
6.212300000000001
6.222800000000005
6.234000000000011
6.243700000000015
6.2501999999999915
6.2608999999999995
6.2705
6.283799999999999
6.291600000000001
6.306199999999998
6.315100000000004
6.323499999999993
6.335800000000016
6.349599999999985
6.36180000000001
6.368499999999985
6.381399999999987
6.392899999999983
6.4116000000000115
6.424000000000004
6.437099999999992
6.449199999999989
6.461300000000006
6.472699999999987
6.4819000000000075
6.491199999999988
6.498499999999979
6.5173999999999985
6.532199999999983
6.545899999999985
6.558699999999997
6.572999999999996
6.579899999999991
6.592699999999995
6.611599999999998
6.621699999999997
6.632500000000007
6.64550000000001
6.656799999999987
6.666699999999988
6.682900000000014
6.696699999999988
6.714199999999993
6.735600000000007
6.750799999999995
6.76690000000002
6.7834
6.800100000000003
6.817100000000003
6.837000000000003
6.8527
6.8693999999999855
6.89330000000002
6.918999999999994
6.943399999999994
6.9641
6.9857000000000085
7.003800000000018
7.0243
7.0452999999999975
7.062900000000009
7.079999999999997
7.1020999999999885
7.126600000000002
7.145300000000006
7.166699999999994
7.1841
7.206200000000002
7.226900000000004
7.248400000000009
7.269399999999997
7.291299999999997
7.314800000000002
7.334400000000006
7.3547
7.3787
7.396400000000002
7.421000000000001
7.4439
7.462500000000001
7.482099999999997
7.503899999999997
7.525899999999997
7.5481
7.5695999999999986
7.5885
7.616399999999997
7.636200000000004
7.657599999999997
7.677599999999998
7.699700000000003
7.725600000000003
7.748
7.769799999999998
7.790700000000001
7.8142
7.8388
7.8622
7.8848
7.9086
7.9329
7.9545
7.9742
7.9956
8.014299999999993
8.031400000000005
8.051900000000028
8.072499999999959
8.092299999999948
8.112100000000027
8.13119999999999
8.14459999999997
8.153999999999964
8.167899999999968
8.178700000000028
8.18889999999997
8.20120000000002
8.220200000000021
8.230399999999909
8.244100000000007
8.257699999999982
8.266999999999971
8.274499999999941
8.281099999999968
8.29179999999998
8.295700000000002
8.304999999999975
8.311200000000026
8.322299999999997
8.325200000000033
8.328900000000003
8.332800000000045
8.341300000000018
8.3502
8.35499999999999
8.35560000000001
8.362499999999974
8.363099999999964
8.37099999999997
8.375100000000002
8.376699999999996
8.377999999999956
8.385099999999964
8.389600000000014
8.392500000000132
8.392599999999973
8.39899999999997
8.400099999999972
8.398699999999996
8.395100000000001
8.401399999999995
8.404299999999994
8.401700000000005
8.403999999999987
8.40600000000004
8.404600000000002
8.404100000000007
8.403699999999967
8.408399999999988
8.406799999999953
8.41199999999999
8.40899999999997
8.413300000000026
8.419099999999997
8.421100000000012
8.424000000000007
8.427799999999952
8.436500000000006
8.440400000000011
8.445699999999976
8.446099999999984
8.4484
8.44899999999995
8.450599999999964
8.45459999999996
8.454400000000025
8.454799999999954
8.454000000000025
8.458099999999982
