6.0
6.0
5.991199999999996
5.98019999999999
5.972399999999992
5.959400000000004
5.946799999999996
5.9342000000000175
5.920599999999992
5.905699999999994
5.893100000000002
5.882400000000002
5.873600000000014
5.86379999999998
5.851999999999997
5.843200000000023
5.836299999999982
5.824699999999988
5.814500000000023
5.798200000000008
5.787599999999983
5.77309999999998
5.757000000000004
5.744199999999998
5.73570000000001
5.718899999999993
5.706400000000013
5.689099999999993
5.680500000000013
5.673800000000009
5.6610000000000085
5.64669999999999
5.634600000000012
5.6220000000000026
5.608899999999995
5.5984999999999925
5.586800000000007
5.578700000000021
5.57359999999999
5.564600000000006
5.5518
5.54089999999999
5.529599999999997
5.5189999999999975
5.51140000000001
5.501099999999981
5.489300000000006
5.480999999999999
5.468200000000014
5.455299999999993
5.440900000000007
5.4277000000000015
5.419100000000014
5.408499999999991
5.401699999999982
5.38940000000002
5.384400000000015
5.375199999999993
5.372199999999994
5.369000000000013
5.36999999999999
5.3718999999999975
5.370800000000002
5.369800000000011
5.371600000000009
5.375299999999977
5.375199999999988
5.378799999999993
5.385199999999994
5.390000000000002
5.3985999999999885
5.407800000000006
5.418200000000012
5.426900000000023
5.4374999999999885
5.443599999999981
5.450300000000009
5.458500000000001
5.468800000000017
5.480500000000001
5.491099999999983
5.503400000000017
5.5170999999999895
5.52759999999998
5.541399999999998
5.552800000000008
5.5656000000000025
5.576899999999998
5.590200000000005
5.600999999999998
5.611900000000005
5.627600000000022
5.640399999999988
5.652200000000008
5.667899999999981
5.68090000000001
5.696099999999988
5.708099999999978
5.721800000000007
5.736100000000018
5.747499999999989
5.756799999999997
5.769399999999986
5.775300000000007
5.7894
5.80070000000002
5.814899999999999
5.829900000000013
5.842999999999989
5.8553999999999995
5.870099999999996
5.885100000000013
5.898099999999976
5.912800000000004
5.928900000000022
5.939900000000004
5.952199999999994
5.97189999999998
5.9879000000000016
6.004200000000011
6.015699999999997
6.031000000000004
6.039500000000005
6.055999999999993
6.071399999999988
6.081300000000009
6.09730000000001
6.111100000000004
6.121499999999983
6.137300000000007
6.149199999999996
6.158600000000001
6.173799999999995
6.187900000000011
6.199200000000013
6.212100000000003
6.22710000000001
6.236500000000009
6.249800000000019
6.263000000000006
6.273099999999992
6.283700000000012
6.296400000000008
6.308799999999999
6.322399999999995
6.335300000000009
6.349499999999992
6.3610000000000095
6.3723999999999865
6.385299999999993
6.398600000000023
6.4114999999999975
6.422599999999985
6.43540000000002
6.447499999999995
6.4572
6.472500000000017
6.484800000000005
6.49690000000001
6.506799999999996
6.5188999999999915
6.527699999999981
6.5409000000000095
6.552899999999986
6.565500000000005
6.580199999999981
6.591599999999999
6.603600000000001
6.61559999999999
6.629400000000006
6.643299999999997
6.654999999999993
6.665600000000003
6.678400000000003
6.6928000000000205
6.703600000000009
6.7150999999999925
6.730600000000003
6.74460000000001
6.75629999999999
6.767899999999996
6.781599999999997
6.793599999999997
6.805400000000004
6.816599999999991
6.825499999999997
6.839700000000022
6.852100000000007
6.866099999999997
6.878199999999994
6.8872
6.8984
6.911699999999997
6.9282
6.9428
6.9519
6.961900000000014
6.974500000000009
6.985800000000014
6.9970000000000026
