0.0
0.0
0.0013
0.0031
0.0048
0.0069
0.0082
0.01
0.0115
0.0134
0.0165
0.0181
0.0194
0.0207
0.0227
0.0247
0.0276
0.0285
0.0311
0.0328
0.0355
0.0362
0.0389
0.041
0.0432
0.0464
0.0483
0.0505
0.053
0.0562
0.0599
0.0628
0.0662
0.0682
0.0705
0.0717
0.0732
0.0745
0.076
0.0803
0.0827
0.0847
0.0867
0.0882
0.0902
0.0921
0.0961
0.0987
0.1015
0.1036
0.1065
0.1105
0.1131
0.1149
0.1179
0.1216
0.1233
0.125
0.1284
0.1307
0.134
0.1357
0.1382
0.1414
0.1449
0.1477
0.1499
0.1551
0.1581
0.1637
0.1676
0.1726
0.1787
0.1825
0.1873
0.1946
0.2031
0.2069
0.2159
0.2208
0.2296
0.2368
0.2397
0.2487
0.2534
0.258
0.2647
0.2658
0.271
0.2727
0.279
0.2828
0.2919
0.3
0.3033
0.316
0.3258
0.3307
0.3333
0.3408
0.3445
0.3542
0.3629
0.3719
0.3772
0.3867
0.3966
0.4086
0.4183
0.43
0.4409
0.4565
0.4682
0.477
0.4954
0.5022
0.5162
0.5276
0.5358
0.5455
0.5632
0.5774
0.5928
0.607
0.621
0.635
0.6562
0.6719
0.6907
0.6996
0.7089
0.7208
0.7406
0.7608
0.7784
0.7937
0.8048
0.8193
0.835
0.8526
0.8722
0.8861
0.8998
0.9204
0.9327
0.9465
0.9704
0.9856
1.0025
1.0161
1.0316
1.0438
1.0686
1.0783
1.098
1.1151
1.1319
1.1545
1.171
1.1931
1.2158
1.2334
1.2574
1.2663
1.2808
1.3025
1.3161
1.3374
1.354
1.3697
1.3919
1.4075
1.4235
1.4327
1.4452
1.4688
1.4961
1.5051
1.5264
1.5539
1.5826
1.6081
1.6258
1.655
1.6743
1.6946
1.7151
1.727
1.7492
1.7758
1.8084
1.8242
1.8311
1.8552
1.8863
1.9047
1.9219
1.9378
1.959
1.9711
