27.0
27.0
27.5733
28.169
28.8001
29.505
30.3169
31.0608
31.8078
32.4396
33.1295
34.0516
34.7782
35.4002
36.0188
36.7121
37.2878
37.9117
38.7381
39.5757
40.421
41.1003
41.9162
42.566
43.3581
44.0336
44.6057
45.2554
46.1859
47.0297
47.7428
48.4702
49.3473
50.1472
50.7112
51.5186
52.3426
53.0418
53.8105
54.6229
55.1957
55.7208
56.5273
57.3901
58.0356
58.6307
59.3419
59.9765
60.5812
61.5702
62.4191
63.2219
64.2798
64.9725
66.0638
66.9313
67.7902
68.8378
69.8594
70.8361
71.4876
72.3148
73.1242
74.0677
75.2903
76.4109
77.3774
78.4558
79.528
80.7967
82.2358
83.6506
85.2818
86.5565
87.7865
89.1437
90.4544
91.5845
93.1305
94.7037
95.9435
97.3278
98.8161
99.959
101.428
102.6667
104.0934
105.7245
107.2487
108.6756
110.1441
111.6614
113.4346
114.8251
116.4291
117.9959
119.5554
121.1267
122.9788
124.2748
126.0204
127.7693
129.3939
130.9836
132.819
134.3799
136.1169
138.0908
139.8229
141.9588
143.7554
145.4119
146.8153
148.8479
150.7771
152.672
154.4833
156.5498
158.6726
160.517
162.621
164.7903
167.4849
169.3397
171.4985
173.7593
175.9042
177.996
180.242
182.4136
184.6349
186.7998
189.3024
191.7435
193.8959
196.1979
198.9191
200.9811
203.0482
205.5166
208.4758
211.2613
213.9961
216.0444
218.8326
221.4281
224.2657
226.5033
229.2923
232.4437
235.5325
238.044
241.1212
244.1326
246.8337
249.8961
252.8109
255.4907
258.4409
262.1476
265.454
268.5921
272.0176
275.5923
278.4995
281.1071
283.9137
287.3766
290.5723
294.4843
297.8736
301.4947
305.1886
308.8074
312.3523
315.0381
319.0257
322.2253
325.6304
329.4316
333.2727
337.225
341.4977
344.9989
348.5526
352.0937
355.9815
360.4141
363.8066
367.7384
371.3465
375.5433
379.3444
383.943
387.4589
392.3872
396.3716
400.8437
405.155
409.5443
