0.0
0.0
0.01739999999999994
0.03160000000000008
0.04139999999999988
0.049500000000000086
0.054600000000000044
0.06060000000000001
0.0666000000000002
0.06910000000000041
0.07189999999999984
0.07280000000000039
0.07540000000000051
0.0746999999999998
0.0777
0.07779999999999997
0.07910000000000007
0.07860000000000021
0.07850000000000004
0.07569999999999996
0.07830000000000041
0.0774
0.07679999999999976
0.07890000000000001
0.07790000000000007
0.07960000000000021
0.08150000000000002
0.07999999999999977
0.08020000000000006
0.08080000000000023
0.0837000000000003
0.0835
0.08260000000000031
0.08139999999999996
0.07759999999999963
0.07420000000000018
0.07440000000000016
0.07700000000000008
0.08019999999999974
0.0802999999999997
0.08009999999999988
0.08480000000000008
0.08349999999999994
0.08240000000000026
0.08179999999999987
0.08300000000000014
0.08169999999999998
0.08089999999999978
0.0794000000000001
0.08130000000000014
0.07930000000000012
0.08389999999999996
0.08439999999999981
0.08339999999999965
0.08500000000000013
0.0846
0.08769999999999965
0.09070000000000004
0.09489999999999986
0.09889999999999984
0.10389999999999963
0.10790000000000005
0.11239999999999996
0.11779999999999996
0.12099999999999998
0.12439999999999973
0.12740000000000062
0.12949999999999984
0.13339999999999985
0.1352000000000002
0.1386000000000001
0.14089999999999983
0.14420000000000033
0.14439999999999975
0.14640000000000009
0.1476999999999994
0.14680000000000112
0.14680000000000004
0.1514000000000003
0.15100000000000025
0.14999999999999997
0.15170000000000006
0.15550000000000044
0.1536000000000001
0.156799999999999
0.1577000000000006
0.15689999999999918
0.15460000000000046
0.1544999999999994
0.15640000000000076
0.1578999999999992
0.15580000000000008
0.15770000000000076
0.15599999999999953
0.15779999999999986
0.1583
0.15930000000000002
0.15649999999999942
0.1548999999999994
0.15429999999999996
0.155300000000001
0.15529999999999974
0.1553000000000004
0.15319999999999975
0.15480000000000044
0.1536000000000007
0.15320000000000022
0.15529999999999933
0.15770000000000003
0.15530000000000038
0.1540999999999998
0.15220000000000034
0.15219999999999986
0.15390000000000004
0.15170000000000014
0.15250000000000036
0.15289999999999915
0.15159999999999935
0.15349999999999933
0.15519999999999967
0.1571999999999994
0.15460000000000043
0.15390000000000004
0.15480000000000047
0.15279999999999994
0.1527999999999999
0.15170000000000008
0.15169999999999983
0.15259999999999962
0.1525000000000002
0.1543999999999999
0.15810000000000005
0.15650000000000047
0.1555000000000002
0.15660000000000007
0.15729999999999944
0.15810000000000055
0.1608000000000002
0.16149999999999953
0.15899999999999995
0.1609000000000004
0.16459999999999997
0.1643000000000001
0.16470000000000024
0.16350000000000067
0.16270000000000026
0.16400000000000017
0.16510000000000005
0.16399999999999976
0.16939999999999938
0.17160000000000025
0.17359999999999964
0.17490000000000008
0.17630000000000026
0.1776999999999997
0.1786000000000002
0.18199999999999997
0.18089999999999945
0.18329999999999982
0.18460000000000001
0.18470000000000034
0.18670000000000023
0.18739999999999943
0.1884999999999997
0.18959999999999905
0.1881999999999994
0.18980000000000005
0.18899999999999992
0.18849999999999967
0.18909999999999969
0.18750000000000014
0.18739999999999943
0.1887999999999999
0.19100000000000042
0.18920000000000003
0.189999999999999
0.19089999999999988
0.19170000000000015
0.19239999999999965
0.19309999999999983
0.19090000000000015
0.18839999999999957
0.18859999999999974
0.1879999999999997
0.1886999999999999
0.18760000000000052
0.18539999999999976
0.18469999999999948
0.1841000000000004
0.1847999999999996
0.18630000000000008
0.18620000000000028
0.18729999999999988
0.18839999999999982
0.18640000000000023
0.18720000000000053
0.18729999999999947
0.1883999999999994
0.19149999999999992
0.1930999999999998
