19.0
19.0
18.878100000000067
18.749100000000006
18.625499999999963
18.4946999999999
18.362499999999926
18.242299999999968
18.109000000000034
17.974199999999904
17.84719999999996
17.7215
17.587199999999896
17.461699999999976
17.33859999999993
17.212400000000052
17.088500000000053
16.961400000000015
16.8417999999999
16.717500000000015
16.582299999999957
16.451399999999992
16.318599999999922
16.189900000000158
16.065699999999993
15.9408
15.8221
15.701
15.570600000000006
15.435499999999998
15.315300000000006
15.1898
15.0457
14.9249
14.7915
14.661200000000006
14.526800000000005
14.3864
14.257000000000012
14.139499999999972
14.016900000000005
13.8945
13.769699999999997
13.634499999999965
13.51170000000003
13.385899999999994
13.261700000000035
13.139099999999992
13.009199999999987
12.893900000000018
12.770899999999994
12.645699999999975
12.508299999999986
12.380799999999992
12.270299999999988
12.164300000000008
12.073200000000003
11.984599999999988
11.900399999999983
11.819699999999985
11.743000000000006
11.659199999999984
11.583700000000015
11.510100000000001
11.432900000000012
11.353699999999996
11.2772
11.19189999999999
11.114299999999988
11.03610000000001
10.952600000000011
10.879000000000046
10.803599999999985
10.734499999999992
10.661300000000006
10.585399999999977
10.510300000000049
10.435599999999967
10.368100000000005
10.291499999999948
10.209400000000004
10.13309999999995
10.051899999999975
9.970599999999951
9.89290000000001
9.812399999999997
9.742600000000005
9.672000000000029
9.606299999999981
9.54139999999999
9.471200000000003
9.39609999999999
9.333900000000012
9.255099999999999
9.189599999999958
9.123400000000004
9.052100000000015
8.989700000000012
8.918299999999984
8.849199999999996
8.773500000000006
8.693299999999956
8.619300000000049
8.551499999999919
8.486000000000042
8.416599999999992
8.349399999999967
8.28400000000002
8.217699999999969
8.15059999999994
8.077599999999954
8.001400000000011
7.937699999999997
7.8723
7.8112
7.739899999999997
7.676100000000003
7.611400000000003
7.550199999999997
7.4868
7.423800000000006
7.356999999999997
7.290299999999997
7.233400000000003
7.175300000000002
7.121200000000002
7.059899999999997
7.007499999999985
6.9663999999999975
6.929199999999997
6.8956000000000115
6.8699
6.8356999999999974
6.814299999999991
6.794900000000017
6.777499999999988
6.766700000000003
6.756400000000003
6.732899999999986
6.721999999999997
6.699100000000003
6.689100000000018
6.67090000000002
6.676499999999988
6.669399999999976
6.653200000000007
6.637100000000013
6.624699999999993
6.6106
6.605699999999995
6.5974
6.577799999999997
6.567400000000009
6.552600000000018
6.5444
6.532999999999995
6.530300000000014
6.51680000000001
6.502000000000011
6.494900000000006
6.488499999999992
6.471400000000002
6.464600000000003
6.454699999999996
6.445299999999996
6.438599999999992
6.433999999999992
6.422599999999997
6.4120000000000115
6.398999999999993
6.389300000000004
6.380700000000016
6.370600000000008
6.356600000000012
6.353800000000011
6.341999999999996
6.330100000000008
6.320000000000002
6.311500000000008
6.299900000000018
6.293299999999991
6.284700000000013
6.276700000000011
6.26100000000001
6.24980000000001
6.238299999999985
6.22820000000001
6.210199999999995
6.205699999999996
6.202300000000009
6.186599999999995
6.175800000000013
6.167200000000004
6.151900000000008
6.138599999999989
6.1246000000000125
6.124499999999997
6.117200000000003
6.115799999999985
6.111300000000003
