4913.0
4913.0
4974.1044
5033.2947
5103.1832
5167.1397
5228.7865
5295.6274
5355.6353
5426.1172
5497.8455
5566.2403
5636.428
5709.8527
5774.2036
5846.1271
5918.7395
5986.9084
6052.9404
6130.4994
6194.7485
6265.7441
6332.2711
6401.7243
6473.3586
6542.6051
6624.463
6700.5545
6771.5311
6843.0791
6912.9917
6984.5324
7063.0688
7142.6697
7225.0817
7308.4556
7387.5972
7463.8494
7544.5526
7626.6678
7711.9812
7795.4944
7882.5125
7964.4188
8043.2501
8130.6802
8225.2862
8300.8097
8394.4181
8483.5328
8575.3594
8666.535
8756.809
8847.2982
8930.7643
9016.9605
9096.142
9183.7581
9257.5033
9336.2446
9408.7919
9485.9773
9555.7144
9629.283
9694.0826
9768.2199
9838.4142
9907.4677
9973.5466
10043.9336
10109.345
10173.6026
10234.0976
10301.6941
10363.1572
10431.5975
10499.8664
10556.8754
10623.7153
10694.7825
10755.7255
10828.8144
10894.8227
10955.2541
11012.4894
11071.3132
11134.584
11200.3598
11261.6265
11328.1174
11394.7633
11463.925
11529.3087
11593.3739
11670.7978
11737.4868
11801.4137
11865.5766
11933.7102
11998.1029
12069.5821
12149.2452
12213.7695
12279.7337
12342.9389
12417.7615
12491.2436
12553.7301
12623.8043
12696.1061
12770.4508
12849.9069
12918.7181
12997.6971
13071.9528
13145.1614
13215.6523
13287.7246
13358.5649
13428.1017
13512.5953
13589.0799
13657.0276
13724.1188
13801.7428
13882.6873
13950.253
14034.1827
14100.8113
14176.305
14247.9403
14325.0098
14413.4466
14491.211
14575.28
14661.4659
14752.4044
14833.3932
14916.0588
14999.661
15085.2217
15183.9562
15257.1532
15357.9957
15452.5264
15538.1902
15623.7195
15707.9104
15801.9143
15897.696
15993.4042
16088.9599
16183.2909
16281.3783
16368.2053
16459.6306
16558.3366
16648.6534
16742.9605
16838.625
16939.9789
17032.9754
17126.0524
17220.8178
17315.7265
17410.6381
17505.4388
17589.6235
17676.0894
17776.9661
17883.4375
17979.9378
18075.8007
18166.1684
18267.4868
18362.8589
18446.5128
18541.8961
18634.4135
18732.6981
18817.2903
18911.3925
19008.3942
19097.0742
19208.9736
19307.2412
19409.3045
19508.4067
19609.5745
19702.3217
19802.0539
19894.545
19987.4957
20077.5117
20161.4581
20251.6286
20342.0474
20449.2486
20531.0392
20619.9826
