15.0
15.0
15.004000000000007
15.005400000000012
15.012100000000006
15.017599999999996
15.028899999999995
15.0347
15.040299999999997
15.04209999999999
15.051999999999998
15.055399999999993
15.0594
15.066000000000003
15.073400000000012
15.0786
15.0852
15.090700000000004
15.097800000000007
15.100600000000004
15.109099999999994
15.114500000000007
15.120299999999995
15.122800000000005
15.126800000000006
15.134899999999996
15.1395
15.140999999999996
15.149699999999994
15.1576
15.163499999999988
15.170699999999995
15.1738
15.1839
15.187699999999994
15.193899999999994
15.201399999999994
15.2096
15.217799999999993
15.226699999999994
15.227299999999994
15.233499999999994
15.235700000000007
15.246899999999997
15.2559
15.262600000000006
15.2643
15.269999999999994
15.274899999999993
15.274899999999993
15.2795
15.285000000000005
15.2903
15.2948
15.298400000000006
15.3023
15.302500000000006
15.308800000000005
15.313500000000007
15.3231
15.326999999999996
15.327000000000004
15.3319
15.340600000000006
15.341000000000003
15.341399999999995
15.3475
15.3503
15.356700000000005
15.360899999999997
15.3582
15.359299999999998
15.3614
15.3638
15.3678
15.371999999999995
15.376500000000004
15.379300000000006
15.389
15.394
15.3958
15.395499999999995
15.396200000000002
15.3984
15.4006
15.4023
15.406299999999996
15.4063
15.411500000000006
15.411799999999998
15.415799999999994
15.4202
15.4259
15.430000000000005
15.435
15.4405
15.4419
15.4416
15.4404
15.4423
15.4469
15.4517
15.459000000000005
15.463499999999996
15.4707
15.473399999999996
15.4762
15.479799999999994
15.4834
15.486199999999997
15.492
15.4931
15.494199999999994
15.498300000000006
15.5046
15.5058
15.507800000000003
15.5127
15.517100000000006
15.519800000000004
15.5205
15.526
15.5321
15.537799999999997
15.5399
15.542600000000006
15.5436
15.549499999999995
15.551900000000005
15.557500000000003
15.557900000000005
15.563200000000004
15.563
15.564100000000005
15.563400000000005
15.5651
15.5678
15.5682
15.565099999999997
15.564600000000002
15.5624
15.5595
15.5568
15.555100000000007
15.5544
15.554200000000005
15.5549
15.5484
15.544900000000005
15.5395
15.5403
15.540700000000006
15.5419
15.5405
15.5375
15.530599999999998
15.528
15.526900000000003
15.5214
15.5203
15.515099999999995
15.5144
15.512799999999997
15.5113
15.510400000000002
15.508399999999996
15.503999999999994
15.5042
15.5014
15.497
15.4952
15.4898
15.484800000000005
15.484000000000005
15.4788
15.4764
15.4688
15.4649
15.462899999999994
15.4609
15.460300000000004
15.4548
15.451800000000006
15.445899999999995
15.445000000000006
15.4403
15.4409
15.436
15.429800000000004
15.4295
15.431499999999994
15.4264
15.4255
15.4236
15.423800000000004
15.4208
15.418
15.413099999999996
15.412299999999997
15.4098
