225.0
225.0
227.2711
229.1802
230.9944
232.8924
234.4273
235.858
237.2789
238.5874
239.83
241.0282
242.0347
243.0469
244.0521
244.9655
245.8028
246.6045
247.4106
248.1453
248.8483
249.5185
250.1333
250.6936
251.0744
251.5149
252.0235
252.4702
253.0871
253.5098
253.9493
254.3446
254.6644
255.0984
255.5103
255.7063
256.031
256.33
256.5986
256.8898
257.1022
257.3913
257.6144
257.8673
258.0632
258.274
258.4142
258.5603
258.727
258.8302
259.0321
259.2549
259.3314
259.563
259.748
259.8666
259.965
260.1516
260.3235
260.3979
260.3849
260.471
260.6456
260.6556
260.7836
260.7629
260.8535
260.8015
260.8035
260.8977
260.9588
261.043
261.0557
261.0644
261.1148
261.2091
261.2575
261.2315
261.1905
261.2645
261.2991
261.2062
261.0748
261.1099
261.158
260.979
260.9733
260.8846
260.8766
260.8239
260.9013
260.9569
260.8643
260.9122
260.9603
260.8486
260.8494
260.7963
260.6052
260.5316
260.5843
260.5885
260.5776
260.3953
260.3746
260.2793
260.1314
260.1773
260.2053
260.1826
260.1162
260.0868
260.1407
260.0906
260.0226
259.8599
259.8156
259.7782
259.7153
259.68
259.6934
259.5747
259.4851
259.4986
259.4746
259.4418
259.5425
259.5325
259.4157
259.3559
259.286
259.1614
259.1131
258.8943
258.7015
258.4149
258.2167
257.9732
257.7116
257.4026
257.1193
256.8032
256.3819
256.0823
255.8552
255.5711
255.0494
254.634
254.0661
253.4536
252.9241
252.5137
252.1532
251.6549
251.2453
250.6176
250.104
249.5667
249.0116
248.6674
248.0679
247.5165
247.0494
246.5049
245.9489
245.3481
244.7411
244.0434
243.4571
242.952
242.38
241.802
241.2366
240.6151
240.1186
239.5842
239.0026
238.4226
237.822
237.3035
236.6519
236.1794
235.7194
235.1141
234.5677
233.9122
233.3798
232.7304
232.1335
231.638
230.9745
230.4331
229.7164
229.1121
228.4982
227.9058
227.3296
226.7148
226.112
225.4556
