3375.0
3375.0
3380.917
3384.9774
3392.5843
3399.5132
3410.1697
3417.4553
3424.6495
3429.0697
3438.8632
3444.1076
3449.8656
3457.8822
3466.4726
3472.8936
3480.2556
3487.5307
3495.2202
3500.3284
3509.4875
3516.1157
3523.0839
3527.8852
3534.554
3542.9567
3549.7383
3553.8684
3562.5375
3571.4146
3579.0273
3585.9039
3591.2998
3602.0127
3608.3831
3615.6637
3623.7316
3631.9598
3641.2098
3650.0393
3653.7527
3661.3039
3665.6195
3675.9549
3685.3551
3693.1036
3698.4879
3705.9228
3712.1011
3714.8215
3721.4801
3729.1446
3735.3023
3742.2332
3747.8546
3753.2639
3756.1219
3764.2954
3769.5393
3779.5011
3785.475
3788.5458
3794.8945
3802.786
3805.199
3808.6572
3816.3187
3820.9319
3827.3655
3832.9815
3834.0066
3837.1007
3841.3274
3845.6276
3850.1034
3854.9382
3860.7417
3866.2597
3876.0536
3882.3328
3885.577
3887.8975
3890.8448
3894.4296
3898.5934
3901.5849
3905.8951
3908.5855
3914.5571
3916.6598
3921.7986
3927.0962
3933.0035
3938.7052
3945.7206
3951.7627
3956.4459
3958.3026
3960.0246
3963.3499
3969.0563
3974.6399
3983.4048
3989.0169
3996.3291
3999.801
4003.9498
4008.655
4014.3004
4018.4582
4026.3558
4029.5189
4032.3604
4038.2025
4045.0296
4047.732
4051.0514
4056.6819
4062.5927
4067.4968
4069.9683
4075.699
4081.9169
4088.642
4092.3203
4097.0816
4099.7148
4106.2019
4110.3425
4116.3451
4119.6131
4125.5272
4127.5778
4131.6613
4133.0646
4137.4307
4141.3976
4143.7644
4143.0095
4144.8414
4145.789
4146.4239
4146.0366
4147.1215
4148.3802
4151.3806
4154.2085
4153.077
4153.1587
4152.8155
4156.9863
4160.2489
4163.5459
4165.4555
4165.5335
4163.1158
4164.1344
4164.9763
4164.2358
4166.1547
4164.5901
4167.359
4168.5286
4168.2217
4170.1006
4172.0102
4170.651
4174.0544
4173.7414
4173.9614
4175.0504
4174.4384
4173.9492
4176.8254
4176.7626
4178.0652
4176.4736
4176.5051
4177.0809
4179.1051
4182.3151
4180.5282
4180.2978
4179.0667
4180.5334
4179.8357
4182.9053
4182.3502
4179.89
4182.2519
4187.1715
4186.1434
4187.7577
4188.5976
4191.8522
4193.4128
4192.6276
4191.7497
4192.9507
4194.6738
