27.0
27.0
7.9935
2.1615
0.5547
0.1753
0.0696
0.0528
0.0464
0.048
0.044
0.0504
0.0448
0.0467
0.0454
0.0347
0.0316
0.0412
0.0419
0.0392
0.0455
0.0363
0.0433
0.0569
0.0432
0.0468
0.0423
0.0386
0.0434
0.0474
0.0429
0.0436
0.0389
0.0382
0.0436
0.0465
0.0404
0.0454
0.0441
0.04
0.0426
0.047
0.0381
0.0413
0.0414
0.0399
0.0458
0.042
0.0417
0.0414
0.0443
0.0446
0.045
0.0418
0.0587
0.0626
0.072
0.0769
0.0688
0.0764
0.0677
0.068
0.0636
0.0688
0.0613
0.0638
0.0681
0.0647
0.0717
0.0695
0.0661
0.0587
0.0627
0.0569
0.055
0.0705
0.0644
0.0533
0.0592
0.0575
0.0582
0.0666
0.0624
0.0603
0.0553
0.0572
0.0609
0.062
0.0594
0.0495
0.0474
0.051
0.0566
0.055
0.0635
0.059
0.0551
0.0572
0.0601
0.0546
0.0481
0.0489
0.0516
0.0482
0.0457
0.0493
0.0527
0.0577
0.0567
0.0545
0.0554
0.0501
0.0598
0.0512
0.052
0.055
0.0648
0.0607
0.0569
0.0522
0.0634
0.0617
0.0593
0.0543
0.0528
0.0535
0.058
0.0491
0.0557
0.0673
0.0754
0.0788
0.0789
0.0677
0.0736
0.0734
0.0728
0.0696
0.0722
0.0712
0.0795
0.0722
0.0769
0.0759
0.0699
0.0759
0.0674
0.074
0.0741
0.0751
0.0743
0.075
0.0747
0.0665
0.0657
0.0717
0.0664
0.0703
0.0736
0.0721
0.0674
0.0727
0.0731
0.0727
0.0731
0.0747
0.0723
0.0702
0.0772
0.0731
0.0738
0.0713
0.0644
0.0658
0.0735
0.0837
0.0815
0.0815
0.0751
0.0737
0.0688
0.0776
0.0771
0.0807
0.0911
0.0852
0.0767
0.0758
0.0741
0.0639
0.0682
0.071
0.0692
0.0721
0.0727
0.0739
0.0721
0.0662
0.0658
0.0752
