12.0
12.0
11.960099999999962
11.922799999999995
11.881100000000012
11.841699999999998
11.798799999999988
11.762399999999975
11.723299999999998
11.684799999999976
11.645899999999983
11.605600000000022
11.567300000000015
11.526600000000013
11.48349999999997
11.448800000000002
11.407899999999993
11.371100000000016
11.331200000000038
11.295000000000035
11.253999999999994
11.21189999999997
11.167299999999992
11.12690000000002
11.087499999999995
11.047800000000018
11.01080000000005
10.974400000000012
10.935799999999977
10.898399999999972
10.859499999999962
10.818999999999969
10.780999999999938
10.739000000000042
10.697900000000045
10.658199999999987
10.615599999999969
10.57620000000002
10.53849999999997
10.495300000000011
10.45150000000003
10.41390000000001
10.375799999999982
10.333900000000023
10.295499999999967
10.258100000000024
10.220100000000027
10.179099999999995
10.142900000000017
10.104600000000042
10.067600000000024
10.023199999999957
9.985899999999976
9.948800000000084
9.912199999999995
9.871099999999986
9.838799999999951
9.801600000000043
9.7591
9.720900000000006
9.684400000000009
9.649100000000017
9.613199999999985
9.57540000000006
9.539600000000037
9.500500000000002
9.464300000000021
9.426100000000016
9.393999999999997
9.361100000000004
9.325400000000023
9.292100000000055
9.25940000000001
9.221800000000064
9.188799999999986
9.153600000000003
9.124199999999988
9.08940000000003
9.055900000000031
9.022000000000023
8.990199999999986
8.956600000000034
8.923700000000066
8.88970000000003
8.858900000000059
8.829099999999954
8.793700000000044
8.763499999999935
8.734999999999934
8.70610000000001
8.674400000000015
8.642199999999969
8.608100000000002
8.579800000000018
8.548099999999991
8.518100000000056
8.485299999999977
8.455299999999978
8.424100000000026
8.392800000000026
8.35890000000004
8.32930000000004
8.295999999999973
8.26770000000001
8.239200000000023
8.20770000000003
8.179199999999959
8.147000000000013
8.116599999999995
8.085600000000008
8.051599999999928
8.020000000000007
7.9884
7.9594
7.9268
7.8968
7.8683
7.8372
7.808300000000002
7.777099999999998
7.743099999999997
7.715
7.686400000000002
7.6562
7.624299999999997
7.5925
7.5611
7.529400000000002
7.498600000000006
7.4707
7.4386
7.408399999999997
7.375000000000003
7.34059999999999
7.307
7.275699999999997
7.243199999999991
7.2093
7.179000000000001
7.149099999999995
7.118699999999992
7.086
7.054300000000003
7.020000000000003
6.987999999999997
6.951299999999997
6.9177
6.885500000000003
6.853099999999997
6.8189
6.7846
6.7509
6.717500000000021
6.684199999999988
6.6523999999999885
6.623299999999974
6.5889999999999915
6.5531
6.517899999999994
6.483800000000011
6.450200000000002
6.419699999999997
6.384600000000006
6.351100000000003
6.316300000000002
6.281700000000022
6.248999999999995
6.217200000000009
6.182899999999997
6.149699999999999
6.11590000000001
6.0797
6.045599999999991
6.012200000000001
5.976700000000016
5.945400000000007
5.910799999999979
5.878900000000007
5.845799999999985
5.814800000000004
5.783500000000003
5.751899999999986
5.720499999999977
5.688300000000003
5.655699999999993
5.621499999999994
5.588599999999986
5.554499999999992
5.521199999999995
5.490199999999983
5.458000000000006
5.424000000000007
5.392199999999994
5.358199999999997
5.3257000000000225
5.300700000000016
5.269000000000007
5.239099999999988
5.206400000000015
5.174399999999992
