3375.0
3375.0
3385.6523
3396.9263
3405.0189
3416.9679
3427.5842
3437.4138
3446.7131
3455.4175
3466.1955
3475.8558
3486.9487
3495.3551
3502.7413
3512.853
3521.6013
3529.0718
3536.0556
3543.5178
3549.9944
3557.445
3564.159
3570.167
3577.9807
3583.9629
3590.2605
3596.9554
3603.4064
3609.0456
3615.9755
3620.1456
3624.8746
3630.875
3636.0209
3641.0304
3645.9227
3650.859
3655.3356
3659.572
3664.5018
3668.4718
3671.6603
3674.6726
3678.5467
3682.2387
3685.9937
3688.3241
3691.5149
3695.872
3700.1715
3704.1731
3706.6831
3708.8501
3712.5079
3716.23
3718.3803
3719.8846
3721.9124
3724.5266
3726.9876
3728.5971
3731.8688
3734.7046
3738.106
3740.5329
3743.4697
3745.8929
3747.8371
3749.5843
3752.9946
3756.4325
3758.351
3761.0007
3762.7005
3765.3574
3765.8409
3767.6951
3768.5693
3769.7006
3769.7174
3771.4118
3773.0147
3774.8329
3775.2372
3775.8271
3777.942
3780.1495
3782.1665
3783.2847
3784.6649
3786.4134
3787.5614
3787.8221
3787.8641
3789.1979
3789.0681
3790.4915
3790.7539
3791.4581
3793.2685
3794.8103
3796.1526
3796.4547
3797.4178
3798.9848
3799.7394
3800.0014
3800.982
3801.7816
3802.1421
3802.0495
3802.6552
3804.0702
3804.9151
3805.1926
3805.6336
3805.8835
3805.5181
3804.6181
3805.0921
3806.0248
3805.654
3805.3457
3805.172
3805.866
3806.4987
3806.6429
3807.1854
3807.0267
3806.9468
3807.1216
3807.598
3807.7537
3807.3979
3807.369
3806.9851
3808.1428
3809.4838
3809.9043
3810.0407
3809.8381
3810.1895
3811.1244
3810.8799
3811.2848
3811.1238
3811.3988
3811.4374
3811.8923
3812.7679
3813.0383
3813.0911
3813.612
3814.187
3812.6716
3812.0948
3812.4006
3812.3591
3812.4474
3811.8435
3811.2672
3811.9972
3811.4421
3810.9697
3811.1008
3811.093
3811.042
3811.2043
3810.6263
3811.066
3811.599
3811.3153
3811.1513
3812.3584
3812.4858
3812.6943
3813.166
3813.41
3813.0778
3813.4197
3813.255
3814.0693
3814.8233
3815.2854
3815.1316
3815.3581
3814.6352
3815.6446
3816.0766
3815.1536
3815.3274
3815.9145
3815.7036
3815.6376
3815.8972
3817.9112
3818.2152
3818.2285
3818.374
