1.0
1.0
0.8654000000000004
0.7546999999999984
0.6647999999999995
0.5853000000000012
0.521200000000001
0.46310000000000007
0.4145999999999995
0.37500000000000017
0.34129999999999905
0.31429999999999886
0.2883999999999989
0.2669000000000004
0.2487
0.23490000000000008
0.2202
0.20779999999999982
0.1991000000000002
0.19180000000000028
0.18389999999999987
0.1777000000000003
0.17400000000000032
0.16839999999999983
0.16480000000000053
0.15679999999999983
0.15190000000000015
0.1479000000000005
0.14349999999999966
0.14870000000000036
0.14630000000000026
0.14660000000000004
0.14410000000000026
0.1429000000000001
0.14269999999999985
0.1409999999999998
0.14319999999999966
0.13979999999999995
0.13879999999999998
0.1377000000000001
0.134300000000001
0.13569999999999938
0.13670000000000002
0.1349999999999998
0.13500000000000043
0.1343000000000003
0.1343000000000003
0.13409999999999958
0.13330000000000095
0.1337999999999996
0.13229999999999983
0.13240000000000046
0.13200000000000028
0.13029999999999997
0.1346000000000002
0.13500000000000068
0.13730000000000073
0.14350000000000002
0.14619999999999977
0.15139999999999967
0.15349999999999933
0.1574999999999993
0.15960000000000082
0.1649000000000006
0.16790000000000013
0.16949999999999937
0.1732000000000005
0.17450000000000027
0.17999999999999974
0.1835999999999999
0.1839999999999997
0.18800000000000036
0.1906000000000003
0.19239999999999977
0.19610000000000047
0.19940000000000002
0.20149999999999996
0.20279999999999992
0.20379999999999995
0.20420000000000024
0.20459999999999995
0.20630000000000018
0.20859999999999954
0.21089999999999964
0.2131000000000001
0.21600000000000008
0.21429999999999982
0.2143999999999999
0.21779999999999985
0.21870000000000037
0.21949999999999992
0.21799999999999994
0.2186999999999998
0.21990000000000018
0.2212000000000003
0.22060000000000005
0.2233999999999999
0.22259999999999983
0.21960000000000018
0.22150000000000017
0.2201999999999999
0.21809999999999974
0.2172000000000001
0.21899999999999978
0.2173000000000001
0.2163000000000001
0.21320000000000014
0.2115
0.2114
0.21219999999999994
0.21320000000000008
0.21069999999999983
0.21190000000000014
0.2122
0.21369999999999986
0.2163000000000001
0.21480000000000013
0.2136
0.21480000000000005
0.21330000000000018
0.21140000000000014
0.21199999999999983
0.21069999999999972
0.2120999999999999
0.2145
0.21599999999999972
0.2170999999999999
0.22109999999999982
0.22079999999999983
0.22039999999999976
0.22150000000000028
0.22729999999999967
0.22880000000000036
0.232
0.23570000000000013
0.24189999999999995
0.2442
0.2463
0.250700000000001
0.2555999999999994
0.26030000000000075
0.26749999999999957
0.2712999999999999
0.2753000000000007
0.279499999999999
0.2871
0.2922000000000004
0.2991000000000002
0.3055000000000007
0.31389999999999896
0.32069999999999965
0.32309999999999994
0.329800000000001
0.3358000000000009
0.3421000000000005
0.3476000000000008
0.3509999999999997
0.35679999999999973
0.36139999999999817
0.36660000000000015
0.3731000000000021
0.37869999999999926
0.3849
0.38560000000000116
0.3885999999999996
0.3940999999999996
0.3968
0.40039999999999976
0.4050000000000007
0.4081000000000007
0.4107000000000003
0.4134999999999991
0.4156999999999993
0.4213000000000002
0.4242999999999996
0.425000000000001
0.4275000000000004
0.4292000000000002
0.4346999999999998
0.4391
0.4412000000000001
0.44579999999999964
0.4465999999999993
0.4526
0.45520000000000016
0.45779999999999965
0.46319999999999983
0.4636999999999996
0.4665
0.4654000000000002
0.4687999999999997
0.47219999999999984
0.47489999999999993
0.47590000000000016
0.4779000000000001
0.4798000000000001
0.4834000000000001
0.4859
0.489
0.4926
