216.0
216.0
216.4118
216.6228
217.0914
217.0268
217.0958
217.0832
216.9076
216.7799
216.7805
216.9642
217.2386
217.5318
217.5872
218.092
218.7013
219.1031
219.4643
219.1696
219.21
219.1277
218.7366
218.7046
219.0423
218.5713
218.512
217.9823
218.1633
218.6708
218.5512
218.4463
218.3442
218.2722
218.2147
218.6711
218.7902
219.2123
220.178
220.625
220.674
220.9811
221.0448
221.624
222.0898
222.2781
222.3569
222.9402
223.0972
222.9595
222.5503
222.6481
222.9905
223.2709
223.5857
223.4354
223.8246
224.0932
224.881
225.8102
227.0118
228.0193
228.7202
229.3582
230.3974
231.8255
232.6984
233.8336
235.2998
236.5238
238.5148
240.5688
243.1394
244.9949
246.8127
248.4298
250.0823
251.8041
253.8526
255.7591
257.5307
259.7222
262.0189
263.9632
266.5348
268.4542
270.4146
272.5397
274.7532
277.0044
279.2095
281.6192
283.7668
285.6962
287.9931
290.4151
293.0787
295.9269
298.3454
300.6967
302.7589
304.4086
306.805
308.5179
310.8822
313.1207
315.5475
317.9685
320.2838
322.6314
325.0689
327.7239
330.7903
333.7498
336.5493
338.7557
341.0384
344.7577
347.9045
351.678
353.7253
356.3836
357.9617
361.0826
364.0554
366.3555
368.9005
371.2357
373.3917
376.0559
378.7048
380.7308
384.1498
387.3427
389.7132
392.3043
395.4831
397.8187
400.478
403.385
405.5437
408.1829
410.6598
413.4742
416.0582
419.0099
422.2209
424.978
427.5496
430.3741
433.7222
436.8197
439.3994
442.4932
445.1489
447.9858
451.0611
453.6732
456.3265
458.7214
461.7035
463.6959
466.8291
469.9149
473.4213
476.862
480.4554
483.2898
486.6252
489.6756
492.3769
495.0082
497.69
500.6992
504.4864
506.7316
509.3933
513.1666
516.456
519.2871
522.2675
525.6712
528.517
531.8078
534.891
537.8597
541.9239
544.7275
548.3163
551.1958
554.5102
557.9168
561.1743
565.422
568.4672
571.7433
574.2229
578.1439
580.7862
584.2972
