289.0
289.0
291.264
293.4471
296.0258
298.3679
300.6185
303.0596
305.2199
307.7742
310.3539
312.8089
315.2972
317.9099
320.1814
322.7337
325.2877
327.6738
329.9818
332.67
334.8959
337.3441
339.6265
342.0155
344.4668
346.8343
349.6046
352.1625
354.5529
356.9459
359.2673
361.6424
364.2612
366.9099
369.6333
372.3714
374.9812
377.4648
380.0852
382.7446
385.5066
388.2006
390.9823
393.5618
396.0415
398.8734
401.867
404.2333
407.1661
409.9806
412.8224
415.6682
418.477
421.2992
423.8287
426.4957
428.9084
431.6251
433.8977
436.2814
438.5017
440.8319
442.9136
445.1404
447.0638
449.2671
451.3512
453.3787
455.3108
457.398
459.3372
461.2072
462.9788
464.9469
466.7294
468.7171
470.7344
472.3738
474.3073
476.3501
478.1149
480.2056
482.0843
483.8175
485.4654
487.1292
488.9178
490.7998
492.5327
494.3946
496.2635
498.2114
500.0495
501.8661
504.0582
505.9084
507.6723
509.4174
511.3236
513.0875
515.0559
517.2376
519.0559
520.9239
522.6815
524.7555
526.7832
528.5059
530.4329
532.3963
534.4038
536.5671
538.4465
540.5553
542.5706
544.5768
546.4999
548.4836
550.4135
552.2777
554.5599
556.5845
558.4222
560.2214
562.2802
564.4563
566.2888
568.5097
570.2765
572.293
574.1363
576.1522
578.514
580.599
582.7804
585.0343
587.4418
589.574
591.7668
593.9842
596.1995
598.7428
600.6704
603.3029
605.7702
608.0142
610.2543
612.406
614.8429
617.3264
619.8176
622.2755
624.7005
627.1959
629.4515
631.8266
634.3562
636.6896
639.1311
641.5512
644.1397
646.4978
648.9028
651.3148
653.7685
656.1921
658.619
660.7517
662.9724
665.5431
668.2583
670.6558
673.0383
675.3276
677.8628
680.2263
682.3536
684.7483
687.0485
689.5213
691.6163
693.9283
696.36
698.521
701.298
703.7242
706.2349
708.6719
711.2103
713.4945
715.9537
718.265
720.5535
722.7587
724.8571
727.0886
729.332
731.9262
733.9316
736.103
