3375.0
3375.0
3369.8889
3364.1636
3358.1775
3352.4606
3346.1463
3340.1223
3334.6914
3329.6776
3324.0838
3318.1895
3311.74
3306.9245
3300.2556
3294.8583
3290.0848
3285.3732
3278.7553
3273.9427
3268.5995
3262.7388
3256.6804
3250.6105
3245.608
3240.0351
3233.9136
3228.1453
3222.7634
3218.0209
3212.4509
3206.6189
3201.9047
3197.4039
3191.8729
3186.1413
3180.8893
3176.002
3171.06
3165.7381
3160.3759
3155.075
3149.5181
3144.7131
3140.9519
3134.6089
3129.8285
3125.2393
3120.5225
3114.5466
3110.4261
3105.0349
3098.8506
3094.0846
3089.9507
3086.159
3084.0038
3080.7824
3077.2135
3075.0864
3072.3992
3069.2504
3066.2477
3063.4517
3060.5176
3057.5745
3054.684
3052.4812
3049.9129
3046.0381
3042.974
3040.2871
3037.797
3035.2563
3032.8961
3029.8014
3026.6795
3024.4411
3021.6438
3019.2985
3016.4808
3013.4389
3011.0556
3007.593
3005.194
3002.8475
2999.7682
2998.0087
2996.1339
2992.9338
2990.2591
2987.263
2984.6803
2982.2531
2979.4425
2976.7016
2974.1439
2971.0423
2968.6867
2965.5522
2963.1689
2961.1626
2958.4187
2955.4614
2953.5265
2950.9532
2948.243
2946.2774
2943.1627
2940.4097
2937.5877
2934.863
2932.4954
2931.0269
2928.6952
2926.8564
2924.6691
2922.1795
2918.7487
2916.7326
2914.2992
2912.0578
2909.4863
2907.5627
2905.0712
2903.0521
2900.0471
2895.1071
2885.2604
2873.0808
2860.3301
2850.5048
2837.5744
2826.8698
2815.7242
2804.8347
2793.5736
2781.7461
2768.4486
2757.7194
2745.5842
2733.7405
2721.9258
2710.116
2697.803
2686.4688
2676.0487
2664.376
2653.4735
2642.006
2630.8146
2619.6019
2609.0017
2597.6458
2586.0581
2575.8124
2563.5042
2553.2767
2542.5972
2529.892
2517.8919
2507.2575
2497.4042
2486.4848
2476.1074
2464.8824
2454.7905
2444.0893
2434.0062
2422.8499
2411.8364
2400.4705
2390.1775
2380.9702
2369.2743
2358.9894
2349.572
2339.0865
2329.3453
2318.6282
2309.1457
2300.7919
2289.7052
2279.9101
2269.4814
2259.0388
2249.2251
2239.8438
2229.2169
2218.6932
2207.6526
2197.1915
2186.3437
2176.9427
2167.4108
2157.3233
2146.5635
2136.3946
2126.087
2114.7659
