225.0
225.0
225.5155
225.9727
226.4001
226.9304
227.367
227.8851
228.3606
229.0021
229.6003
230.1527
230.6597
231.3751
232.0181
232.6565
233.3096
233.7703
234.4618
235.0176
235.5759
236.0672
236.6494
237.2015
237.6734
238.3429
238.8106
239.5375
240.0655
240.4076
240.8786
241.3709
241.7989
242.4759
243.0573
243.6057
244.1342
244.6025
244.9518
245.5273
246.1281
246.5266
247.086
247.49
247.8893
248.3289
248.6908
249.2058
249.5512
249.9055
250.3986
250.8386
251.2673
251.5879
252.0855
252.6715
253.0498
253.6503
254.2016
254.6711
255.0004
255.4211
255.8101
256.2264
256.6493
257.0555
257.4214
257.732
258.0393
258.434
258.6793
258.962
259.2465
259.5733
259.8294
260.0487
260.2299
260.366
260.5567
260.6857
260.9011
261.1139
261.3786
261.5899
261.8209
261.9301
262.1064
262.2349
262.4669
262.5762
262.664
262.8147
262.9797
263.0815
263.1728
263.3116
263.6471
263.7422
263.7537
263.7989
263.9093
264.0597
264.2202
264.3597
264.5238
264.6098
264.6781
264.7277
264.6947
264.7855
264.9058
264.8783
264.9504
265.1178
265.1666
265.1868
265.3884
265.5678
265.5435
265.4854
265.5323
265.5756
265.6495
265.5829
265.5809
265.7076
265.8032
265.596
265.0435
264.6584
264.1945
263.6701
263.102
262.5436
262.169
261.7567
261.3071
260.8308
260.4273
260.0417
259.7456
259.2347
258.6654
258.2133
257.6255
257.0595
256.6624
256.2109
255.8685
255.3759
255.0066
254.5681
254.0755
253.7095
253.1936
252.9342
252.5335
252.2422
251.7758
251.513
250.9794
250.5761
250.2167
249.8211
249.3837
249.0155
248.5972
248.2112
247.8358
247.3496
246.9757
246.5693
246.0835
245.6571
245.2413
244.8018
244.4001
243.9507
243.465
242.9488
242.4769
242.1904
241.7485
241.4303
241.0106
240.5723
240.2185
239.9762
239.4601
238.9442
238.4195
237.9794
237.4983
237.0627
236.6877
236.2814
235.8748
235.5011
235.1953
234.6625
