216.0
216.0
212.531
208.9925
206.061
203.1627
200.594
198.1415
195.7278
192.8097
190.1726
188.2274
185.7641
183.549
181.4663
179.4219
177.7002
175.9703
173.9362
171.9102
170.7462
168.9625
167.0186
165.3741
163.7512
162.3249
160.9188
159.2919
157.681
156.6864
155.1551
154.2678
152.9904
152.1766
151.3298
149.9797
148.4105
147.4492
146.3952
144.5448
143.6325
142.4292
142.0294
141.1741
140.4167
139.7767
138.7026
137.5688
136.7486
136.1836
134.9296
133.6313
132.471
131.4512
130.9028
130.2475
129.4517
128.4989
127.5322
126.7451
126.1902
125.0504
124.0946
122.731
121.6803
120.8796
119.6045
118.5681
117.7155
117.0808
116.0427
115.0534
113.9551
112.907
112.148
111.4121
110.5908
109.8481
108.7395
107.831
107.0054
106.0149
104.9548
103.9581
102.887
102.0168
100.957
99.5921
98.1738
97.0342
96.1501
95.1516
94.3796
93.3009
92.3846
91.3069
90.3074
89.3432
88.3687
87.1218
86.4722
85.4405
84.682
83.9763
83.2616
82.0457
81.3757
80.7068
79.8486
79.0238
78.0783
77.2567
76.3795
75.439
74.7549
74.06
73.4142
72.8219
72.1724
71.5289
70.9213
70.146
69.2089
68.3927
67.8159
67.2454
66.543
66.1889
65.9513
65.5845
65.3558
64.7889
64.4144
63.8967
63.212
62.7791
62.3257
61.6689
61.2139
60.3508
59.6945
59.3137
58.8715
58.7314
58.3177
58.0317
57.8706
57.5026
57.2034
56.8662
56.5528
56.3979
55.9482
55.4171
54.7573
54.2165
53.8637
53.6597
53.2017
53.0708
52.671
52.3536
51.9528
51.3739
50.9377
50.7828
50.3415
49.8937
49.5659
49.2306
48.7894
48.422
47.9143
47.6368
47.2676
46.993
46.6948
46.4075
46.1434
46.0962
45.8763
45.5954
45.2385
44.8762
44.4941
44.3391
44.217
44.1353
43.9563
43.9862
43.6965
43.5441
43.2625
43.1184
42.6393
42.4626
42.3424
42.0953
41.8213
41.3985
