343.0
343.0
343.4221
343.7814
343.6659
343.423
343.4208
343.9303
344.8951
345.3997
346.4783
347.2754
348.413
348.6718
349.4778
350.3819
351.6861
352.2684
353.3982
354.7748
355.9107
357.5689
358.4487
359.5677
360.8601
362.2776
363.428
364.7625
367.1842
369.1214
371.0211
372.2247
373.5774
375.5349
376.7328
378.3886
379.8275
382.1641
384.6098
386.8507
388.4235
390.8129
392.6774
395.1982
396.9213
398.9669
401.1816
403.3504
405.4722
407.619
409.639
411.75
413.9779
417.1801
420.1963
423.6192
427.2567
430.631
434.1898
437.8322
441.835
445.8653
449.8293
453.5013
457.377
461.4494
465.7256
469.8244
473.9783
478.3785
482.6621
486.8976
491.2188
495.6964
499.5862
504.3928
509.0816
514.031
518.2371
522.6466
527.2442
531.4755
536.1339
540.7357
545.3186
549.2536
553.7278
558.1111
562.8405
567.9229
572.7519
577.8081
582.0172
587.533
592.514
596.8664
601.8027
606.5358
612.6146
617.9806
623.4052
628.6347
632.9103
639.074
644.0204
649.7562
655.1556
660.4404
665.5815
670.5672
675.1905
681.1996
686.9317
692.8098
698.4907
704.0174
710.0141
715.8869
721.0788
727.1259
733.8666
740.3089
745.9831
751.9048
757.6673
763.5069
770.6382
775.9637
782.4345
788.412
794.4595
799.6218
805.8188
811.4046
817.7799
822.9212
828.9828
834.4793
840.2307
846.543
853.5152
860.4626
867.382
874.0028
879.2119
886.9607
893.4883
900.1251
906.7247
913.7671
919.811
926.5724
932.4069
938.7564
945.298
952.5753
959.857
965.4248
970.5877
977.3312
985.0685
992.0465
998.5346
1005.6746
1011.9705
1019.9596
1025.9697
1034.2321
1041.1568
1048.4252
1055.9286
1064.3609
1071.3395
1078.493
1086.2343
1093.4556
1101.3214
1109.6452
1118.6496
1127.0084
1136.0268
1143.9972
1152.0208
1159.1712
1167.0756
1173.8262
1182.5728
1189.867
1196.9042
1204.1614
1211.2611
1219.8858
1228.103
1236.3707
1244.1726
1252.0264
1260.5393
1269.2938
1279.1401
1287.7886
