23.0
23.0
22.954400000000092
22.910499999999963
22.867900000000013
22.82309999999997
22.77870000000007
22.73619999999999
22.692399999999978
22.649999999999988
22.61299999999997
22.575299999999984
22.53559999999997
22.49789999999998
22.457699999999935
22.421099999999903
22.3847
22.34740000000002
22.31200000000002
22.274099999999954
22.23759999999999
22.208100000000012
22.1741
22.139800000000072
22.105499999999967
22.071600000000096
22.038800000000094
22.004900000000127
21.969699999999957
21.93799999999996
21.902800000000024
21.869199999999953
21.842099999999945
21.80839999999994
21.77570000000002
21.74600000000009
21.7106000000001
21.680499999999974
21.64900000000004
21.619000000000053
21.588999999999984
21.559700000000003
21.526899999999927
21.4993000000001
21.469400000000043
21.4382
21.407899999999888
21.37679999999996
21.34759999999997
21.319500000000023
21.288300000000003
21.25230000000002
21.222099999999937
21.19210000000011
21.16330000000001
21.140399999999993
21.116199999999935
21.08720000000004
21.06509999999999
21.03950000000002
21.01480000000001
20.98760000000001
20.959399999999995
20.934800000000052
20.912100000000038
20.88410000000002
20.855499999999967
20.83160000000001
20.812
20.78350000000008
20.76350000000002
20.737699999999972
20.71189999999997
20.6898
20.664600000000057
20.638500000000047
20.614399999999947
20.5894
20.567300000000014
20.54330000000001
20.51320000000003
20.492700000000024
20.468599999999903
20.446199999999966
20.42299999999996
20.398099999999864
20.37349999999996
20.35029999999998
20.328900000000008
20.30349999999999
20.28180000000003
20.25609999999996
20.229900000000026
20.203500000000002
20.179799999999997
20.154000000000025
20.12590000000014
20.102900000000083
20.074599999999936
20.050900000000105
20.030100000000054
20.008599999999905
19.985699999999955
19.962100000000056
19.943099999999987
19.92440000000008
19.899599999999925
19.875999999999998
19.8537
19.827700000000057
19.80279999999996
19.782899999999977
19.75729999999996
19.73549999999992
19.71079999999993
19.68630000000003
19.665599999999856
19.640299999999904
19.617800000000017
19.596600000000034
19.57559999999995
19.55489999999996
19.533900000000052
19.506700000000013
19.484700000000068
19.46040000000004
19.43570000000005
19.40479999999995
19.361199999999947
19.316700000000004
19.277999999999903
19.233399999999968
19.188899999999926
19.146200000000032
19.098699999999987
19.049599999999984
19.007200000000104
18.96170000000003
18.920499999999947
18.869499999999917
18.825799999999994
18.779399999999907
18.73430000000002
18.692199999999918
18.64539999999994
18.602899999999934
18.554699999999954
18.50960000000001
18.467099999999974
18.422799999999967
18.383399999999924
18.342100000000055
18.29839999999996
18.25319999999995
18.213199999999926
18.17090000000003
18.130399999999977
18.088299999999975
18.042500000000118
17.991
17.950800000000037
17.912600000000054
17.870800000000052
17.830700000000153
17.790700000000083
17.752600000000015
17.70739999999994
17.664400000000082
17.62409999999995
17.581700000000005
17.541399999999985
17.498499999999943
17.461199999999995
17.417699999999922
17.376399999999958
17.335499999999954
17.29860000000005
17.259100000000014
17.218499999999967
17.17539999999988
17.135700000000078
17.08930000000008
17.04830000000008
17.001399999999986
16.95930000000008
16.91759999999996
16.8748
16.8389000000001
16.7967
16.755500000000016
16.711299999999966
16.671900000000004
16.634499999999996
16.59279999999999
16.54869999999993
16.50889999999994
16.46860000000006
16.432300000000055
16.397600000000004
16.35480000000011
