36.0
36.0
36.0468
36.1054
36.1502
36.2051
36.2827
36.3064
36.4389
36.589
36.678
36.745
36.8986
37.0336
37.1499
37.2734
37.4411
37.5657
37.6968
37.9005
38.0294
38.2459
38.447
38.6035
38.811
39.021
39.2351
39.4288
39.657
39.9038
40.0618
40.3214
40.5303
40.7997
41.0437
41.2497
41.5424
41.7645
42.0629
42.2837
42.5497
42.827
43.0695
43.3452
43.6037
43.9349
44.2386
44.4847
44.9027
45.2758
45.5765
45.9376
46.2393
46.6368
47.0589
47.4892
47.894
48.311
48.6906
49.0952
49.5648
49.9458
50.2975
50.7076
51.117
51.5449
52.0076
52.4235
52.8276
53.2351
53.616
53.9958
54.4628
54.8798
55.2596
55.5625
55.9269
56.3632
56.7087
57.0627
57.3827
57.8174
58.2357
58.5909
58.955
59.3009
59.7064
60.0508
60.4616
60.8991
61.3143
61.709
62.0567
62.402
62.8037
63.2393
63.5988
64.0217
64.3872
64.779
65.1494
65.5731
65.9407
66.3622
66.7808
67.1697
67.5301
67.8986
68.2782
68.7248
69.1174
69.5661
69.9827
70.3324
70.7814
71.1499
71.5489
71.8816
72.3412
72.7387
73.1646
73.562
73.9439
74.2603
74.6914
75.0841
75.5046
75.6991
75.7424
75.8592
76.0971
76.2566
76.3533
76.5387
76.6137
76.7173
76.811
76.9364
77.0768
77.2479
77.3329
77.4613
77.6462
77.6968
77.8444
78.0254
78.2053
78.3074
78.5067
78.6136
78.8248
78.9405
79.0534
79.1605
79.261
79.4407
79.6466
79.788
79.9683
80.06
80.0795
80.2984
80.4458
80.5407
80.5944
80.6673
80.8124
80.9678
81.1857
81.289
81.4151
81.6052
81.6798
81.7491
81.8441
82.0307
82.1829
82.2442
82.352
82.431
82.566
82.7466
82.8467
82.9648
83.0369
83.1563
83.2959
83.3764
83.651
83.7316
83.8833
83.9682
84.0439
84.1966
84.2295
84.3163
84.4268
84.6046
84.674
84.7622
