4.0
4.0
3.8776999999999995
3.7591000000000028
3.6413
3.5247000000000015
3.4086
3.2923999999999984
3.1765000000000034
3.0675000000000003
2.9533999999999967
2.8431000000000024
2.7307000000000023
2.6221000000000005
2.51509999999999
2.4076999999999997
2.3027999999999955
2.203299999999992
2.102699999999994
2.007599999999992
1.9187999999999992
1.8235000000000008
1.734
1.6476000000000006
1.5711999999999982
1.4940000000000002
1.4213999999999996
1.3488000000000004
1.2803000000000055
1.2137000000000004
1.1554000000000042
1.0966999999999933
1.0403999999999987
0.9832
0.929799999999999
0.8810000000000011
0.8359
0.7908000000000003
0.7490999999999991
0.7076000000000016
0.6748999999999988
0.6431999999999988
0.6122000000000013
0.5824000000000025
0.553400000000001
0.5231999999999991
0.4999000000000012
0.4788999999999999
0.45669999999999966
0.4342999999999993
0.41450000000000037
0.39579999999999965
0.3820000000000005
0.3696999999999998
0.37450000000000033
0.37760000000000066
0.38209999999999833
0.385100000000001
0.3903999999999989
0.39309999999999967
0.3990000000000008
0.4042999999999993
0.4099
0.41600000000000065
0.41999999999999943
0.4254999999999997
0.4316000000000002
0.43970000000000037
0.44410000000000016
0.4509999999999999
0.4598000000000002
0.4646
0.4689000000000002
0.47619999999999973
0.4841
0.4904
0.49540000000000084
0.5015000000000017
0.5060000000000017
0.513699999999995
0.5188999999999996
0.5264999999999999
0.5356999999999984
0.5431999999999989
0.5482999999999977
0.5522000000000016
0.5614999999999992
0.5683999999999987
0.5754000000000016
0.5812999999999999
0.5854999999999975
0.590399999999999
0.5977000000000022
0.6042999999999986
0.6131999999999994
0.6201000000000004
0.6252000000000016
0.628700000000001
0.6357999999999983
0.645499999999999
0.6530999999999998
0.658700000000002
0.665899999999998
0.6738999999999989
0.6813999999999967
0.6916000000000004
0.6967000000000025
0.7051000000000025
0.7133999999999985
0.7213999999999994
0.7301000000000016
0.7390000000000013
0.7467999999999997
0.7525999999999979
0.759800000000001
0.7665000000000004
0.7728000000000016
0.7818000000000005
0.7862000000000012
0.791599999999999
0.7995000000000003
0.8005000000000004
0.8067999999999991
0.8141000000000006
0.8217000000000014
0.8274999999999983
0.8341999999999989
0.8340000000000007
0.8265999999999992
0.8132999999999986
0.8032000000000005
0.7892999999999996
0.7799000000000007
0.7722999999999989
0.764400000000001
0.7575000000000007
0.7452000000000015
0.7382000000000001
0.7312000000000002
0.7274999999999988
0.7236000000000007
0.7193000000000005
0.7098999999999993
0.707000000000002
0.7026000000000002
0.6974999999999969
0.6958
0.6888999999999991
0.6889
0.6858000000000003
0.6838999999999995
0.6803999999999997
0.6820000000000002
0.6808999999999984
0.6789999999999985
0.6737999999999984
0.6775999999999998
0.6736999999999989
0.6697000000000002
0.6680999999999991
0.6631000000000002
0.6612999999999998
0.6606000000000014
0.6636000000000001
0.6594999999999983
0.6547999999999987
0.6516999999999996
0.6454000000000005
0.6427999999999985
0.6359
0.6374999999999982
0.6369999999999992
0.6327000000000012
0.6325999999999999
0.6321999999999978
0.6298999999999988
0.6284999999999981
0.6267000000000006
0.6275000000000016
0.6280000000000024
0.6222000000000012
0.624500000000001
0.621199999999999
0.6161999999999991
0.6163999999999988
0.6144000000000024
0.6093000000000006
0.6031999999999994
0.6025000000000015
0.6016000000000015
0.5970999999999993
0.597999999999999
0.5955999999999996
0.5950999999999992
0.5933999999999988
0.5906999999999992
0.5883999999999996
0.5861999999999998
0.583000000000003
0.5788000000000015
