1728.0
1728.0
1692.2247
1661.7678
1629.2882
1598.706
1569.3706
1537.1619
1506.9977
1476.333
1448.1929
1419.1331
1389.984
1362.3052
1336.195
1309.9388
1283.8987
1257.8746
1231.8202
1206.8711
1182.2675
1159.0703
1134.9872
1111.6138
1089.6116
1067.173
1046.1204
1024.6294
1004.4405
986.3401
964.8369
944.8219
924.1042
905.9946
886.9559
868.404
851.8953
832.6811
814.7885
797.8193
780.8793
763.707
747.4351
731.0841
715.2437
699.7528
685.7039
670.5229
656.0551
642.2589
626.7371
612.7705
599.0846
586.4718
575.6653
566.1486
555.7501
547.1019
537.2126
528.5961
518.8178
510.7273
501.8476
493.2514
484.4753
475.4298
467.3047
457.872
449.1892
440.6
433.4825
425.1464
417.1601
409.3296
402.095
394.3242
386.8281
380.433
373.4593
366.3452
359.6322
352.3241
346.343
340.2729
333.1565
326.6525
320.5536
314.4367
307.9553
301.9504
295.7838
290.035
284.6077
278.8733
273.4079
268.0736
263.019
258.1273
252.9997
247.8854
242.8248
238.4259
234.1814
229.6338
225.6598
220.8683
215.8623
211.2389
206.2406
201.8466
197.2604
193.545
189.6549
185.5579
181.4606
178.0644
174.4433
170.847
167.3057
163.7143
159.5592
156.3522
152.801
148.9473
145.4424
142.22
139.252
136.1311
133.5287
131.2602
129.0454
126.7807
124.4975
122.5705
120.7382
118.6772
116.6963
114.5867
112.4256
110.3938
108.2838
106.019
104.0255
102.0546
100.0356
98.4473
96.9013
95.3644
93.0377
91.3984
89.84
88.0954
86.5416
84.8422
83.4618
81.9943
80.4618
78.5788
77.0993
75.581
73.8333
72.0774
70.4909
69.1653
67.7117
66.2641
64.9977
63.6814
62.548
61.2379
59.8725
58.8588
57.7061
56.6346
55.2528
54.1454
52.9494
52.0578
51.1927
49.9648
49.0263
48.0249
47.2045
46.237
44.9834
44.258
43.4433
42.6893
41.7359
40.837
39.5605
38.7728
38.0738
37.1696
36.3255
35.4622
34.6268
33.937
33.241
32.6004
