15.0
15.0
15.068300000000006
15.135000000000005
15.191
15.249999999999995
15.303399999999995
15.3485
15.396
15.4374
15.476400000000003
15.5165
15.550499999999994
15.586
15.617700000000003
15.647
15.677499999999997
15.702199999999998
15.7238
15.7511
15.7754
15.7973
15.8225
15.8466
15.8658
15.8852
15.9019
15.9159
15.9322
15.9466
15.9634
15.9762
15.9893
16.001700000000042
16.015499999999957
16.02390000000001
16.035400000000074
16.045199999999944
16.053300000000025
16.060300000000023
16.068799999999946
16.076399999999914
16.082600000000138
16.089000000000013
16.093900000000033
16.104699999999955
16.113999999999965
16.120700000000006
16.124100000000045
16.13119999999999
16.13639999999998
16.140000000000143
16.146999999999867
16.15250000000002
16.155399999999943
16.154799999999874
16.151300000000056
16.146099999999986
16.143900000000045
16.14120000000002
16.13949999999992
16.13759999999998
16.13770000000008
16.140499999999932
16.139500000000115
16.135900000000028
16.133300000000045
16.132000000000005
16.128899999999934
16.12549999999999
16.123799999999992
16.124399999999977
16.12530000000008
16.12469999999999
16.121299999999994
16.120000000000033
16.11979999999994
16.11480000000007
16.113399999999935
16.1126
16.108099999999983
16.105700000000084
16.102100000000007
16.097299999999944
16.099599999999985
16.095999999999947
16.09460000000001
16.095799999999944
16.092
16.08880000000013
16.08940000000009
16.08550000000004
16.080399999999994
16.081299999999967
16.08199999999998
16.078099999999996
16.077800000000007
16.07659999999997
16.07420000000003
16.0737000000001
16.073200000000107
16.071299999999944
16.067399999999978
16.064600000000173
16.061899999999874
16.062100000000083
16.059499999999993
16.059400000000075
16.054000000000077
16.050199999999972
16.048799999999876
16.04789999999992
16.04490000000012
16.040199999999903
16.038799999999995
16.0371
16.035499999999946
16.03419999999992
16.030299999999873
16.029300000000003
16.02669999999999
16.0267
16.02400000000005
16.0206
16.019299999999923
16.01379999999999
16.011700000000037
16.004700000000028
15.9808
15.9556
15.9336
15.91
15.8861
15.8611
15.8391
15.816100000000002
15.7925
15.7658
15.7397
15.716399999999995
15.694
15.6699
15.644
15.6207
15.5958
15.5665
15.5401
15.5159
15.4922
15.463099999999997
15.4375
15.416099999999997
15.3934
15.3656
15.3433
15.3177
15.2917
15.2695
15.248100000000003
15.222000000000007
15.196899999999994
15.168500000000005
15.142200000000003
15.116699999999994
15.0887
15.0604
15.031999999999995
15.007900000000006
14.978400000000002
14.9549
14.923399999999992
14.898
14.869400000000011
14.842600000000012
14.817700000000011
14.790600000000007
14.769699999999997
14.745399999999995
14.719699999999985
14.6939
14.667400000000006
14.641300000000012
14.609899999999994
14.5777
14.5489
14.523900000000006
14.499000000000006
14.47410000000002
14.448399999999989
14.4191
14.39639999999999
14.3704
14.342700000000011
14.315699999999971
14.287300000000005
14.256500000000011
14.232499999999986
14.205599999999993
14.180000000000023
14.150299999999982
