0.0
0.0
3.0E-4
6.0E-4
0.001
0.0017
0.0018
0.0023
0.003
0.0035
0.0038
0.0043
0.0053
0.0058
0.0066
0.0073
0.0087
0.0096
0.0104
0.0112
0.0125
0.0131
0.0136
0.0148
0.0155
0.0169
0.0176
0.0183
0.0188
0.02
0.0205
0.0214
0.0222
0.0233
0.0251
0.027
0.0287
0.0296
0.0301
0.0315
0.0328
0.0337
0.0346
0.0355
0.0366
0.0378
0.039
0.0412
0.043
0.0449
0.047
0.0484
0.0489
0.0505
0.0517
0.0528
0.0539
0.0553
0.0581
0.0605
0.0629
0.0645
0.0662
0.0681
0.0704
0.0724
0.0742
0.077
0.0803
0.0822
0.0847
0.0869
0.0895
0.0922
0.0958
0.0995
0.104
0.1084
0.1101
0.1127
0.1168
0.1187
0.1227
0.1258
0.1306
0.1337
0.1376
0.142
0.1478
0.1522
0.1563
0.1608
0.1647
0.1688
0.1734
0.1788
0.1826
0.1879
0.191
0.1972
0.2026
0.2091
0.2171
0.2213
0.2271
0.2309
0.236
0.2434
0.2493
0.2555
0.2617
0.2666
0.2732
0.2789
0.2845
0.2902
0.2968
0.3015
0.3104
0.3176
0.3269
0.3327
0.3419
0.3493
0.356
0.3621
0.3725
0.3789
0.3854
0.3907
0.3969
0.4031
0.4077
0.4153
0.4221
0.4299
0.4346
0.4414
0.4461
0.4554
0.4634
0.4712
0.4817
0.4903
0.4978
0.505
0.5107
0.5152
0.5211
0.5313
0.5387
0.5457
0.5518
0.5581
0.5641
0.5724
0.5781
0.5855
0.5917
0.599
0.6076
0.6166
0.6204
0.6277
0.6357
0.6419
0.6506
0.6597
0.6667
0.6752
0.6823
0.6922
0.698
0.7035
0.7112
0.7167
0.7232
0.7341
0.7388
0.7462
0.7531
0.7588
0.7683
0.7723
0.7823
0.7912
0.8003
0.8036
0.8093
0.8155
0.8209
0.8316
0.8401
0.8484
0.856
0.8611
0.8674
0.8748
0.8824
0.8877
