6.0
6.0
5.9545999999999975
5.908100000000001
5.867400000000001
5.825699999999996
5.787199999999997
5.749700000000013
5.712599999999999
5.67029999999999
5.62940000000001
5.595199999999998
5.556500000000025
5.520000000000008
5.483900000000009
5.44649999999998
5.4125999999999905
5.377100000000001
5.340399999999998
5.303999999999991
5.271600000000021
5.236900000000028
5.2016000000000036
5.166900000000011
5.136399999999996
5.106300000000008
5.0748000000000175
5.03909999999999
5.003200000000001
4.976400000000009
4.941500000000011
4.913399999999989
4.882800000000001
4.856799999999987
4.83259999999997
4.79829999999999
4.763899999999977
4.737400000000004
4.708800000000011
4.671000000000003
4.641900000000028
4.613399999999988
4.590399999999984
4.560699999999999
4.533500000000013
4.508499999999978
4.4777999999999905
4.44799999999998
4.422799999999996
4.395399999999989
4.366000000000002
4.335499999999984
4.305599999999977
4.276399999999995
4.254199999999974
4.2301
4.207100000000026
4.1789
4.150599999999999
4.128499999999993
4.105200000000001
4.080200000000039
4.05499999999999
4.026399999999989
4.000499999999996
3.9779999999999993
3.9503
3.9207
3.8991
3.8781999999999988
3.8528999999999978
3.8296000000000014
3.8029
3.7766000000000006
3.7549999999999986
3.7289000000000008
3.7019999999999986
3.6781
3.6518999999999995
3.6254000000000044
3.597799999999994
3.5721000000000016
3.547
3.5192999999999985
3.493399999999997
3.4715999999999942
3.448
3.4163000000000063
3.388199999999997
3.3580000000000014
3.330699999999994
3.3011999999999944
3.27920000000001
3.2510999999999997
3.225800000000003
3.198100000000005
3.1718000000000055
3.1471999999999976
3.123099999999997
3.093000000000002
3.0722000000000014
3.0466999999999964
3.020200000000003
2.999100000000002
2.980399999999992
2.9506999999999923
2.9292999999999902
2.9102000000000006
2.8913999999999973
2.8681999999999945
2.8443000000000045
2.8201
2.7973
2.7736000000000147
2.752499999999999
2.7349999999999977
2.7155999999999962
2.6975000000000016
2.678599999999996
2.6555000000000035
2.6359000000000057
2.6160000000000028
2.594499999999998
2.5715000000000066
2.5503000000000013
2.5318000000000103
2.5128000000000017
2.4941000000000084
2.478499999999999
2.461500000000009
2.446399999999988
2.432100000000004
2.4188000000000045
2.404500000000001
2.388800000000007
2.3704999999999936
2.352700000000001
2.336700000000004
2.3274999999999944
2.3110000000000097
2.2948999999999944
2.280099999999999
2.266299999999996
2.255200000000004
2.244100000000003
2.234099999999998
2.2206000000000206
2.210199999999987
2.199600000000012
2.187000000000004
2.174799999999995
2.1657000000000104
2.1545999999999896
2.1389000000000036
2.125299999999992
2.114899999999999
2.102900000000009
2.094500000000006
2.0823000000000027
2.074400000000018
2.0664000000000002
2.056200000000015
2.044799999999994
2.0352999999999994
2.025699999999999
2.0178000000000034
2.007899999999998
1.9969
1.9865
1.9770000000000003
1.9624
1.9519999999999997
1.9387000000000003
1.9251999999999982
1.9195999999999995
1.9108
1.9042000000000008
1.895300000000001
1.8868000000000007
1.8828
1.8746999999999983
1.8685999999999985
1.8591000000000006
1.8489999999999975
1.8412999999999993
1.8393000000000008
1.83
1.8233
1.8147
1.808
1.7979000000000036
1.7943000000000011
1.7887000000000004
1.7808000000000015
1.7672999999999992
1.7592000000000003
1.7566
1.7440999999999944
1.7371000000000012
1.7301
