6.0
6.0
5.965699999999992
5.936300000000018
5.9057
5.872500000000004
5.840199999999997
5.805499999999992
5.770999999999982
5.741499999999983
5.709800000000009
5.681799999999998
5.653399999999989
5.626599999999999
5.594999999999998
5.565900000000008
5.541299999999997
5.512299999999997
5.483600000000011
5.460599999999992
5.428199999999997
5.4006999999999845
5.376500000000019
5.351000000000002
5.324699999999974
5.295299999999967
5.275199999999998
5.248700000000012
5.219199999999997
5.197100000000009
5.169800000000008
5.151000000000003
5.123899999999998
5.099299999999996
5.072400000000006
5.051200000000011
5.026700000000007
5.004500000000009
4.978400000000008
4.9566000000000106
4.927499999999985
4.903000000000005
4.876000000000023
4.851899999999997
4.83079999999997
4.81109999999999
4.784599999999985
4.763299999999997
4.738200000000016
4.718299999999953
4.6971000000000025
4.679799999999986
4.65400000000001
4.632999999999984
4.633399999999965
4.639099999999995
4.639600000000008
4.6409999999999885
4.646500000000005
4.650399999999998
4.651000000000003
4.6578000000000115
4.665500000000011
4.672300000000005
4.680899999999974
4.686099999999986
4.693899999999996
4.698399999999998
4.705700000000012
4.708599999999978
4.7152000000000145
4.725999999999993
4.732400000000003
4.740000000000003
4.747100000000002
4.758799999999989
4.767699999999992
4.773399999999979
4.7813999999999925
4.79059999999999
4.795600000000005
4.8041999999999785
4.818899999999972
4.82790000000003
4.838000000000018
4.850599999999994
4.864499999999991
4.872199999999999
4.882199999999994
4.892700000000004
4.900499999999999
4.915100000000007
4.927500000000013
4.937399999999993
4.951400000000013
4.962999999999998
4.9700000000000095
4.98470000000001
4.996499999999985
5.009499999999998
5.022900000000014
5.035200000000015
5.047100000000022
5.056600000000008
5.068499999999994
5.080400000000011
5.0936999999999895
5.107500000000004
5.118399999999985
5.13189999999999
5.1447000000000065
5.158800000000006
5.174899999999993
5.185500000000004
5.198500000000008
5.212200000000009
5.227099999999992
5.242900000000027
5.255300000000008
5.2687
5.2799
5.293999999999995
5.307200000000016
5.3192999999999975
5.333799999999997
5.347099999999992
5.363800000000006
5.379799999999993
5.391100000000014
5.405999999999979
5.419400000000002
5.434000000000019
5.447299999999999
5.464800000000019
5.47940000000001
5.500700000000019
5.52060000000001
5.541999999999999
5.555800000000008
5.574800000000007
5.592800000000004
5.613000000000009
5.638699999999986
5.661399999999992
5.684700000000025
5.707700000000015
5.728999999999982
5.753300000000005
5.776799999999997
5.804799999999977
5.827399999999997
5.853599999999984
5.873800000000001
5.900699999999993
5.927899999999994
5.952700000000023
5.978800000000019
6.006700000000008
6.031399999999999
6.057699999999992
6.082100000000014
6.1069
6.133300000000011
6.1606000000000165
6.186000000000021
6.21459999999999
6.2422999999999975
6.269199999999997
6.296400000000001
6.324999999999999
6.348199999999998
6.376400000000007
6.404200000000005
6.431899999999999
6.458000000000001
6.483300000000015
6.510400000000007
6.535999999999991
6.562400000000001
6.588000000000005
6.616300000000006
6.647800000000009
6.675500000000003
6.702599999999997
6.732200000000011
6.7630000000000114
6.794499999999994
6.8179
6.850599999999997
6.879499999999998
6.904699999999994
6.933999999999994
6.971199999999994
6.998399999999989
7.027799999999994
7.061099999999995
7.092399999999992
7.122800000000011
7.151300000000004
7.180599999999994
