3.0
3.0
2.9441999999999977
2.8850000000000016
2.827699999999993
2.7647000000000066
2.7044999999999986
2.644500000000008
2.588799999999996
2.5307000000000035
2.476100000000002
2.4144999999999945
2.3582000000000005
2.2990000000000075
2.2429999999999937
2.1825999999999977
2.127900000000002
2.0771000000000104
2.0246999999999984
1.9734999999999994
1.9216000000000004
1.8711
1.8206999999999987
1.7722000000000022
1.7284000000000028
1.679999999999997
1.6365999999999972
1.5937999999999997
1.5474999999999928
1.5007000000000048
1.4558999999999995
1.4170000000000003
1.376900000000001
1.3379
1.2979000000000058
1.2602999999999944
1.2203999999999944
1.1874999999999973
1.1534
1.1167999999999987
1.0848999999999984
1.0521000000000025
1.0227999999999986
0.9965999999999984
0.9659000000000002
0.9354000000000003
0.9063999999999999
0.8777999999999986
0.8522000000000007
0.8237000000000025
0.7975000000000012
0.7725000000000021
0.7481999999999996
0.7264000000000008
0.7188999999999978
0.7129000000000006
0.7076000000000018
0.7018000000000015
0.6959000000000011
0.6915
0.6868000000000014
0.6813
0.6758000000000015
0.6702000000000011
0.6656000000000009
0.6607999999999996
0.6554999999999989
0.6512000000000016
0.644600000000003
0.6389999999999971
0.635999999999999
0.6310999999999968
0.6245999999999979
0.6201000000000014
0.6160999999999979
0.6118000000000012
0.6062999999999984
0.6020999999999989
0.5973
0.5948999999999992
0.5916000000000001
0.588899999999998
0.5842999999999997
0.5803999999999978
0.5758000000000015
0.5727000000000003
0.570100000000001
0.566199999999999
0.5640999999999985
0.5615999999999998
0.558899999999999
0.5528999999999986
0.5492999999999982
0.5460999999999988
0.5419000000000002
0.5407999999999975
0.5364999999999973
0.5337000000000014
0.5306999999999952
0.5276999999999993
0.5229000000000023
0.520500000000001
0.5180999999999997
0.5165000000000006
0.5140000000000002
0.5127999999999986
0.5107999999999996
0.5078000000000042
0.5060000000000012
0.5028999999999977
0.4993000000000009
0.49740000000000084
0.49480000000000046
0.49099999999999994
0.4887
0.4884
0.487
0.4856999999999998
0.4842
0.4829
0.4806
0.4778999999999997
0.4754
0.47249999999999975
0.47220000000000034
0.4700999999999998
0.4679999999999995
0.4655000000000001
0.4645999999999998
0.4627999999999997
0.4608
0.45870000000000016
0.4580000000000001
0.4569999999999998
0.45669999999999983
0.45550000000000035
0.45510000000000034
0.4553000000000002
0.4534000000000002
0.4540999999999997
0.45269999999999955
0.4531000000000004
0.4528000000000005
0.4526
0.4537999999999995
0.45370000000000055
0.45520000000000055
0.4530000000000002
0.4529999999999993
0.4558
0.4563
0.4554999999999998
0.4558999999999998
0.4572999999999998
0.4592000000000004
0.46000000000000046
0.4619000000000002
0.46209999999999946
0.46490000000000026
0.4696
0.46939999999999993
0.4724000000000004
0.4731
0.47540000000000016
0.4776999999999999
0.4813
0.4831
0.4868
0.4893
0.4915
0.4923
0.4952000000000002
0.4987999999999991
0.5018999999999998
0.5045999999999998
0.5070999999999968
0.5092000000000021
0.5147000000000022
0.517000000000003
0.5196999999999986
0.5214000000000009
0.525100000000001
0.5289000000000029
0.5318999999999975
0.535999999999999
0.5387999999999996
0.5455000000000005
0.5488999999999986
0.5519
0.5551000000000027
0.5595999999999978
0.5630000000000033
0.5661000000000004
0.5714000000000021
0.5735999999999992
0.576700000000004
0.5788999999999995
0.5847000000000001
0.5868000000000023
0.5888000000000001
