144.0
144.0
141.9113
140.1154
138.1852
136.3542
134.5882
132.6385
130.8005
128.9148
127.1641
125.3483
123.512
121.7696
120.1006
118.3994
116.7135
115.0094
113.296
111.6333
109.9887
108.4279
106.7886
105.181
103.6662
102.108
100.6216
99.1224
97.6893
96.3805
94.8431
93.3953
91.9076
90.5768
89.1701
87.793
86.5123
85.0801
83.7093
82.3907
81.0813
79.7326
78.4459
77.1607
75.9053
74.656
73.5185
72.2989
71.0977
69.9599
68.6965
67.5377
66.3866
65.3042
64.3631
63.5292
62.6375
61.8803
61.0298
60.2865
59.4414
58.7243
57.9248
57.1436
56.3535
55.5532
54.8081
53.9702
53.1796
52.3894
51.7143
50.9268
50.2087
49.461
48.766
48.0364
47.3175
46.6942
45.9821
45.2774
44.5982
43.8951
43.2878
42.6645
41.9501
41.2987
40.6762
40.0491
39.3971
38.784
38.1544
37.559
36.9833
36.3809
35.8039
35.24
34.6922
34.1611
33.6081
33.0436
32.4916
31.9999
31.5268
31.0212
30.5536
30.0429
29.5001
28.9769
28.426
27.9246
27.3942
26.9486
26.4871
25.9875
25.5166
25.101
24.6665
24.2268
23.7821
23.3533
22.877
22.4824
22.0578
21.5959
21.1846
20.7896
20.4276
20.0559
19.7255
19.4414
19.1586
18.8653
18.5845
18.3363
18.0926
17.8232
17.5625
17.2909
17.0142
16.7506
16.4762
16.1894
15.9345
15.6732
15.4168
15.1863
14.9675
14.74
14.4595
14.2388
14.0072
13.7806
13.5626
13.3302
13.1326
12.9315
12.707
12.452
12.2433
12.0376
11.8143
11.5902
11.3821
11.1859
10.9857
10.7853
10.5961
10.4
10.2318
10.0505
9.8625
9.704
9.5445
9.3822
9.202
9.0366
8.863
8.7176
8.5789
8.411
8.2575
8.1075
7.9727
7.8276
7.6546
7.532
7.4049
7.2825
7.1345
6.9958
6.8193
6.6914
6.5832
6.4576
6.3239
6.1918
6.0724
5.9554
5.8396
5.739
