10.0
10.0
9.970699999999999
9.941500000000001
9.914000000000028
9.890100000000029
9.864899999999976
9.838500000000025
9.811699999999979
9.789099999999989
9.76609999999998
9.743600000000015
9.718700000000027
9.6977
9.676700000000062
9.658500000000009
9.639799999999978
9.618499999999992
9.601100000000041
9.581899999999985
9.562900000000006
9.537200000000027
9.51819999999994
9.502699999999988
9.4813
9.466500000000005
9.447700000000008
9.43130000000005
9.417800000000023
9.398800000000003
9.381099999999973
9.363400000000015
9.346899999999971
9.329399999999971
9.315800000000012
9.294100000000023
9.277700000000038
9.262799999999986
9.249499999999966
9.237300000000005
9.220600000000008
9.208700000000018
9.190199999999985
9.17980000000001
9.164599999999972
9.152799999999976
9.142700000000014
9.132199999999953
9.117899999999972
9.107399999999997
9.090900000000055
9.079599999999989
9.070199999999947
9.063100000000018
9.076100000000027
9.089899999999957
9.103399999999972
9.118300000000048
9.130300000000016
9.1431
9.156099999999995
9.174299999999988
9.18879999999999
9.204700000000026
9.219099999999942
9.234699999999972
9.248599999999948
9.26430000000001
9.28309999999995
9.30110000000004
9.317600000000015
9.33810000000001
9.356200000000035
9.375400000000063
9.392500000000013
9.412799999999994
9.437200000000011
9.457499999999992
9.479499999999982
9.499099999999979
9.522599999999981
9.544599999999992
9.562800000000022
9.581900000000017
9.606099999999994
9.62829999999997
9.650899999999972
9.675800000000011
9.702000000000004
9.724499999999995
9.749300000000007
9.775200000000048
9.799400000000011
9.827500000000047
9.85340000000005
9.87559999999997
9.900899999999972
9.925899999999961
9.952
9.975100000000008
10.003800000000004
10.035299999999989
10.059500000000023
10.085400000000028
10.113600000000021
10.141600000000029
10.168499999999998
10.194000000000038
10.224199999999986
10.251899999999956
10.28149999999999
10.309999999999981
10.336900000000028
10.366900000000006
10.39390000000001
10.418500000000021
10.448900000000025
10.4812
10.511299999999988
10.543599999999973
10.575799999999967
10.604999999999992
10.632099999999982
10.66320000000003
10.697500000000021
10.726899999999993
10.75860000000001
10.790199999999981
10.831100000000008
10.872399999999994
10.907200000000001
10.942900000000018
10.977799999999958
11.009000000000002
11.048499999999999
11.08309999999999
11.118600000000024
11.153899999999949
11.192699999999947
11.235299999999995
11.278500000000001
11.318200000000015
11.359799999999959
11.402700000000031
11.444900000000002
11.487000000000013
11.523800000000005
11.565300000000033
11.6054
11.642999999999988
11.693100000000003
11.734800000000034
11.773800000000007
11.810699999999963
11.851499999999984
11.892699999999998
11.935899999999988
11.980500000000024
12.0201
12.06439999999997
12.103900000000012
12.145299999999978
12.19130000000002
12.228799999999996
12.274300000000027
12.319400000000003
12.356399999999985
12.395999999999992
12.446099999999989
12.492700000000017
12.5377
12.57799999999996
12.624000000000027
12.66779999999998
12.711600000000006
12.75910000000003
12.805599999999997
12.850299999999988
12.896099999999974
12.947000000000015
12.992499999999982
13.039000000000003
13.089799999999999
13.139100000000006
13.190299999999985
13.237
13.282299999999994
13.329799999999977
13.3761
13.42790000000003
13.476799999999976
13.521099999999988
13.575300000000002
13.6196
13.669100000000011
13.717599999999988
13.768200000000029
13.813800000000029
13.863400000000011
13.909399999999994
