17.0
17.0
16.896300000000018
16.797699999999985
16.697300000000006
16.593999999999895
16.492200000000054
16.393700000000035
16.289400000000047
16.183499999999935
16.080199999999987
15.9848
15.8778
15.7735
15.671999999999997
15.5707
15.4696
15.3735
15.274800000000006
15.1746
15.072499999999991
14.967600000000006
14.867699999999994
14.768300000000005
14.6728
14.570399999999989
14.470299999999995
14.369100000000017
14.267399999999995
14.169700000000006
14.070299999999973
13.97
13.869399999999994
13.771299999999986
13.67580000000002
13.578599999999982
13.477100000000005
13.378100000000009
13.271900000000018
13.177199999999948
13.077899999999978
12.978799999999998
12.880700000000015
12.772000000000004
12.671200000000002
12.568900000000012
12.470500000000014
12.373100000000008
12.275100000000004
12.172299999999979
12.074200000000044
11.971899999999973
11.87040000000001
11.77230000000003
11.67329999999999
11.57969999999998
11.485799999999994
11.383099999999986
11.288299999999973
11.196600000000009
11.097999999999988
11.006199999999978
10.912399999999991
10.819700000000035
10.72159999999997
10.623000000000017
10.527100000000038
10.4334
10.339700000000017
10.247300000000019
10.157300000000028
10.061800000000046
9.963900000000034
9.871399999999973
9.77279999999997
9.679699999999983
9.584099999999987
9.48659999999999
9.386899999999992
9.288400000000022
9.194500000000016
9.102300000000023
9.007000000000003
8.911699999999989
8.824300000000022
8.732000000000049
8.636000000000049
8.54440000000001
8.451700000000018
8.360400000000027
8.264400000000004
8.174099999999966
8.087000000000055
7.997499999999956
7.909999999999998
7.8164
7.7209
7.629199999999997
7.5371
7.4459
7.350199999999997
7.2591
7.170899999999999
7.0801000000000025
6.989000000000006
6.902399999999993
6.80810000000002
6.718999999999991
6.633700000000003
6.544399999999991
6.450399999999993
6.361699999999978
6.270700000000003
6.184599999999984
6.091099999999995
5.998300000000005
5.9128000000000025
5.829200000000016
5.739100000000001
5.655000000000009
5.565500000000013
5.473899999999977
5.392599999999997
5.309400000000022
5.226199999999987
5.145799999999999
5.060500000000008
4.983099999999992
4.932899999999979
4.888799999999992
4.8489000000000235
4.805700000000017
4.7615000000000025
4.715100000000024
4.674399999999979
4.633200000000001
4.589300000000016
4.544999999999995
4.503900000000003
4.461900000000019
4.416999999999989
4.3741
4.332900000000036
4.293799999999974
4.251900000000026
4.212000000000003
4.172000000000015
4.129099999999993
4.088700000000007
4.045000000000008
4.001799999999982
3.9625
3.922
3.8873
3.8472999999999984
3.8121000000000014
3.7718999999999987
3.7341999999999973
3.6956999999999987
3.6594000000000015
3.6194999999999986
3.5805000000000016
3.542000000000002
3.5041999999999933
3.4647999999999963
3.4305000000000043
3.3938999999999955
3.3591000000000064
3.3188
3.2800000000000087
3.242100000000006
3.210100000000004
3.170499999999994
3.1362000000000005
3.102199999999994
3.067600000000001
3.035099999999994
3.002400000000004
2.967000000000006
2.9342000000000046
2.901099999999999
2.865900000000001
2.832299999999992
2.800700000000003
2.771000000000004
2.7363000000000066
2.705800000000007
2.6729000000000003
2.638699999999993
2.607000000000008
2.576600000000011
2.5460999999999987
2.5166999999999984
2.4895000000000045
2.457699999999997
2.4301999999999926
2.4023000000000105
2.3740999999999994
2.3412999999999955
2.3150000000000053
