144.0
144.0
142.8284
141.7113
140.6171
139.5053
138.4348
137.328
136.29
135.0843
134.0251
132.9494
131.8066
130.6777
129.6371
128.5066
127.4751
126.3668
125.3397
124.2061
123.1703
122.1505
121.1631
120.1214
119.1052
118.1463
117.1764
116.2679
115.2789
114.3166
113.3802
112.4354
111.474
110.4381
109.5705
108.6169
107.6881
106.8048
105.8644
104.9917
104.1414
103.2256
102.3883
101.5178
100.5997
99.6924
98.8746
98.0216
97.2474
96.3895
95.5998
94.7764
93.9508
93.2021
92.7076
92.1707
91.6073
91.1803
90.715
90.1692
89.6816
89.2257
88.7684
88.305
87.7788
87.2657
86.7821
86.3428
85.9079
85.4321
84.9823
84.4728
84.0324
83.5851
83.0744
82.5276
82.017
81.5294
81.088
80.6803
80.2226
79.7876
79.3556
78.9269
78.4723
78.045
77.6004
77.1894
76.8015
76.3745
76.0234
75.5698
75.1491
74.8021
74.4089
73.9802
73.5977
73.2272
72.8204
72.4622
72.0908
71.6972
71.2971
70.8842
70.4831
70.1028
69.7008
69.2861
68.938
68.5537
68.1466
67.8104
67.4489
67.1835
66.7961
66.4121
66.0329
65.6917
65.3923
64.9786
64.6176
64.2845
63.9201
63.5656
63.2221
62.893
62.5743
62.2639
62.0083
61.8285
61.6074
61.4041
61.1639
60.9504
60.6462
60.3918
60.2138
60.0391
59.8345
59.6196
59.4733
59.2493
58.9899
58.7657
58.5078
58.3211
58.1408
57.9324
57.7703
57.5749
57.3466
57.1598
56.9443
56.7362
56.5039
56.3214
56.1642
55.993
55.7914
55.6654
55.4501
55.2432
55.0671
54.922
54.7259
54.5268
54.2875
54.0626
53.888
53.6794
53.4859
53.3198
53.0921
52.9201
52.7118
52.5074
52.362
52.1528
51.9557
51.7489
51.5742
51.4722
51.2959
51.1412
50.9805
50.7928
50.652
50.481
50.2827
50.1125
49.9393
49.7431
49.5818
49.3839
49.214
49.0567
48.9082
48.7505
48.6204
48.4656
