5.0
5.0
4.953099999999981
4.9037000000000015
4.854399999999999
4.80769999999999
4.7591000000000045
4.7136999999999984
4.66479999999996
4.613699999999991
4.563200000000011
4.516499999999987
4.471899999999991
4.426500000000002
4.386799999999989
4.346399999999981
4.299500000000002
4.247799999999992
4.201700000000001
4.16410000000001
4.112199999999986
4.066699999999988
4.022199999999973
3.9763000000000015
3.936000000000001
3.8931999999999984
3.8544
3.8130999999999986
3.7771999999999983
3.7374999999999994
3.6951
3.6549000000000023
3.6105999999999985
3.5716000000000006
3.5363000000000038
3.5047999999999955
3.4622000000000006
3.42489999999999
3.3929000000000014
3.3524
3.323500000000006
3.293399999999997
3.260499999999996
3.2232999999999987
3.1822999999999904
3.1513000000000027
3.113100000000001
3.081799999999997
3.0508000000000077
3.0227999999999984
2.9934999999999947
2.9630000000000076
2.9359999999999946
2.916
2.9003000000000063
2.893499999999999
2.8857000000000013
2.8751999999999938
2.8692
2.8611999999999953
2.853900000000002
2.8476000000000012
2.841100000000003
2.831899999999996
2.8273000000000006
2.8223999999999974
2.8124999999999956
2.7979999999999987
2.787000000000011
2.7790999999999975
2.771800000000003
2.7657999999999974
2.751500000000009
2.7450999999999977
2.7379999999999978
2.7321000000000026
2.720400000000005
2.7123999999999993
2.7033999999999963
2.7029000000000076
2.6915999999999904
2.6845999999999965
2.6789999999999967
2.672299999999986
2.666799999999999
2.6646999999999976
2.6562999999999994
2.651700000000003
2.644600000000002
2.6377000000000104
2.6357999999999926
2.6263000000000116
2.6192000000000006
2.6150000000000024
2.6031999999999917
2.5963999999999965
2.5896999999999926
2.587999999999993
2.5838999999999985
2.576799999999993
2.571199999999999
2.565399999999998
2.557600000000009
2.5509999999999957
2.5452000000000097
2.5432000000000006
2.535100000000007
2.5274000000000063
2.5205000000000006
2.5146999999999915
2.5126999999999984
2.5106999999999857
2.505600000000005
2.5031000000000008
2.5028999999999897
2.497999999999986
2.4932000000000043
2.4910000000000077
2.4849999999999963
2.4779000000000004
2.475100000000008
2.473
2.4763999999999933
2.467400000000005
2.4653999999999905
2.4636000000000027
2.4565000000000032
2.4459999999999926
2.434100000000007
2.419799999999994
2.405899999999999
2.3943000000000016
2.3838999999999984
2.3718999999999895
2.3559000000000148
2.3474999999999904
2.332800000000006
2.318599999999994
2.312600000000002
2.3008000000000064
2.290399999999994
2.2814000000000023
2.2673999999999923
2.2531999999999917
2.2396999999999987
2.228000000000011
2.220499999999994
2.2105000000000015
2.1978000000000053
2.1834999999999885
2.171100000000001
2.1580999999999952
2.1432999999999933
2.135099999999999
2.1283
2.114900000000005
2.1052999999999975
2.090199999999996
2.075100000000007
2.062099999999991
2.0522999999999936
2.0415000000000036
2.0324000000000035
2.025200000000011
2.020300000000002
2.005800000000012
1.9904
1.982
1.9754
1.9695
1.9617999999999982
1.9578999999999993
1.9487000000000003
1.9423999999999992
1.9296000000000006
1.9235999999999995
1.9162000000000008
1.9098
1.9048999999999994
1.8951999999999993
1.8873999999999977
1.8774000000000006
1.869
1.8591000000000006
1.8501000000000014
1.8402000000000007
1.8311000000000004
1.8236000000000019
1.8142000000000011
1.8078000000000007
1.8015999999999985
1.7905999999999986
1.7824000000000007
1.7768000000000017
1.7675000000000003
1.7613999999999985
1.7509000000000021
1.7456000000000007
1.7360999999999993
1.7269999999999979
