16.0
16.0
15.1735
14.3971
13.6637
12.9577
12.2748
11.623
10.9911
10.4203
9.8474
9.3167
8.7865
8.3041
7.8355
7.3789
6.935
6.5305
6.1489
5.7842
5.4542
5.1099
4.7848
4.493
4.2376
3.9838
3.7474
3.5164
3.3051
3.0973
2.9196
2.7367
2.5784
2.407
2.253
2.1116
1.9913
1.8638
1.7559
1.645
1.5585
1.4802
1.3986
1.326
1.245
1.1676
1.1055
1.0489
0.9939
0.9325
0.8793
0.8334
0.7906
0.7625
0.7671
0.7674
0.7713
0.7753
0.7814
0.7847
0.794
0.8017
0.8115
0.82
0.8266
0.8325
0.8404
0.8571
0.8695
0.885
0.9022
0.9104
0.9185
0.937
0.9525
0.967
0.975
0.9877
0.993
1.0085
1.0225
1.0417
1.0625
1.0772
1.0871
1.0992
1.1139
1.1322
1.1484
1.1611
1.1811
1.1896
1.2093
1.2269
1.2478
1.2703
1.2902
1.2973
1.3132
1.3351
1.3543
1.3645
1.3853
1.4069
1.4294
1.4518
1.4723
1.4987
1.5254
1.5462
1.5633
1.593
1.6136
1.6296
1.6528
1.6763
1.694
1.715
1.7342
1.7486
1.7805
1.7893
1.8078
1.8273
1.8547
1.8735
1.8952
1.9042
1.8874
1.8593
1.8404
1.8103
1.7883
1.7759
1.7548
1.7507
1.7256
1.703
1.6888
1.6919
1.6874
1.6781
1.6595
1.645
1.6356
1.6155
1.6116
1.5989
1.6167
1.6038
1.5983
1.5886
1.5914
1.5885
1.5874
1.5652
1.5846
1.5757
1.5559
1.5483
1.5321
1.5215
1.5192
1.5296
1.5201
1.5084
1.5015
1.4802
1.4818
1.4755
1.4771
1.4738
1.4553
1.4556
1.4484
1.4425
1.4385
1.4269
1.4243
1.4262
1.4136
1.4253
1.419
1.4042
1.4022
1.3918
1.3751
1.3642
1.3631
1.362
1.3579
1.357
1.3532
1.3447
1.3352
1.3205
1.3172
1.3092
1.3036
1.2946
