6859.0
6859.0
6689.0021
6530.708
6367.3094
6212.4909
6062.3835
5916.5021
5773.0544
5640.3538
5505.1864
5378.7663
5242.3764
5128.8235
5016.7896
4906.28
4799.3479
4696.0909
4591.9585
4498.6175
4398.8533
4302.659
4203.5774
4109.3696
4020.5597
3940.8447
3855.81
3776.022
3706.112
3628.1628
3558.6599
3491.4335
3417.4975
3344.5264
3279.8552
3220.2322
3157.4408
3097.1909
3043.1552
2986.2731
2931.8921
2876.5535
2822.8526
2770.8255
2716.4356
2667.4304
2614.0826
2564.5132
2523.5924
2481.9051
2437.8792
2399.0375
2365.3204
2331.877
2306.5582
2283.1888
2260.926
2241.9429
2216.2082
2193.5141
2176.8702
2153.6168
2130.9544
2111.5137
2085.9535
2067.8909
2043.9398
2019.7666
2000.6712
1980.7607
1957.0073
1931.4611
1914.9356
1891.5923
1872.8814
1850.8477
1825.8966
1810.2157
1793.7253
1774.6436
1751.2358
1730.1732
1709.5059
1690.0231
1673.264
1650.4409
1633.8394
1613.3963
1594.4422
1575.2955
1554.0761
1533.3328
1511.3525
1491.245
1475.0635
1452.9192
1433.5526
1415.7966
1399.2935
1383.9265
1368.959
1351.4965
1330.0102
1316.7245
1300.9731
1284.4141
1269.0378
1251.133
1235.3583
1219.7107
1203.4074
1187.3268
1169.6172
1154.6944
1139.3965
1123.6638
1110.1102
1094.2035
1082.2963
1065.8935
1047.6147
1034.2091
1020.4279
1005.7077
995.3388
981.6596
967.9385
957.9145
953.3749
953.5515
951.9986
948.4633
943.7227
942.2878
940.1046
937.1933
935.431
931.6639
929.7299
929.9976
928.4554
925.7195
924.8381
923.0789
920.6112
919.6238
918.5768
918.0768
919.9551
917.6719
915.2521
914.8136
912.7829
909.2519
908.7419
908.6565
907.1909
907.2549
905.9417
902.3669
902.2165
899.0643
897.6384
894.0928
896.7291
895.8804
896.5629
892.5129
893.3118
892.3922
887.2949
890.3309
891.6317
894.6383
891.9925
889.0937
886.7501
883.5979
881.2373
881.783
881.3767
881.4241
882.2588
882.6423
880.1817
882.3503
881.7964
878.1281
876.3719
871.9003
866.8313
866.7629
866.6461
865.9355
864.031
860.8936
856.873
854.2632
851.1148
850.2725
