7.0
7.0
6.998500000000014
6.9966
6.991499999999994
6.985599999999984
6.981
6.979899999999997
6.981699999999982
6.980500000000009
6.983299999999993
6.9847999999999955
6.987800000000009
6.985000000000003
6.985799999999994
6.986899999999989
6.990299999999997
6.9894000000000025
6.992400000000004
6.996799999999999
6.998699999999992
7.003900000000003
7.004699999999999
7.007099999999996
7.0107
7.0152
7.018400000000003
7.022099999999994
7.031799999999994
7.0393999999999926
7.045500000000006
7.047899999999997
7.050600000000003
7.0581000000000085
7.060799999999988
7.066000000000006
7.070900000000003
7.080700000000003
7.090399999999986
7.09930000000001
7.1031
7.112299999999997
7.1185999999999945
7.127800000000006
7.133700000000003
7.142299999999994
7.151400000000006
7.159000000000011
7.166999999999999
7.175400000000003
7.181199999999997
7.189200000000003
7.198300000000003
7.2121
7.227099999999994
7.245000000000003
7.263299999999991
7.280000000000006
7.297600000000002
7.316599999999998
7.3372000000000055
7.357099999999993
7.375500000000003
7.393500000000006
7.4124
7.432399999999997
7.452800000000002
7.472800000000007
7.493299999999997
7.514100000000003
7.5341
7.553400000000003
7.5738
7.594
7.610800000000005
7.6336
7.655000000000003
7.676599999999997
7.695300000000003
7.714
7.734199999999997
7.7517
7.772700000000001
7.791700000000001
7.8122
7.829199999999998
7.8484
7.867299999999998
7.8885
7.9105
7.9305
7.9515
7.9684
7.9912
8.013200000000007
8.031199999999991
8.051100000000032
8.071800000000039
8.097200000000022
8.119000000000044
8.13999999999998
8.160299999999989
8.17830000000001
8.202799999999959
8.222000000000028
8.244599999999988
8.266200000000014
8.285999999999998
8.306099999999969
8.325
8.342100000000059
8.365000000000043
8.38749999999999
8.408399999999979
8.428900000000013
8.44999999999994
8.471900000000053
8.493500000000028
8.513399999999988
8.536499999999974
8.560800000000079
8.584899999999964
8.60589999999999
8.627800000000038
8.648299999999974
8.669699999999985
8.695199999999963
8.713700000000022
8.73570000000001
8.755800000000036
8.775700000000016
8.79419999999998
8.813600000000008
8.832599999999978
8.855099999999982
8.87179999999998
8.891999999999959
8.911099999999983
8.930100000000063
8.950800000000017
8.973799999999978
8.997799999999941
9.019599999999967
9.040400000000005
9.057100000000029
9.080899999999993
9.10209999999999
9.123299999999993
9.143900000000034
9.165700000000056
9.18440000000002
9.205999999999998
9.224099999999979
9.243600000000024
9.262600000000003
9.285299999999994
9.308199999999967
9.324800000000021
9.339700000000002
9.360199999999988
9.382700000000002
9.404900000000005
9.423799999999995
9.444200000000025
9.463499999999991
9.48699999999998
9.504900000000017
9.528700000000036
9.548000000000032
9.569600000000019
9.589799999999988
9.613100000000012
9.633499999999973
9.6536
9.674099999999953
9.694200000000066
9.715600000000011
9.737199999999966
9.761400000000004
9.786199999999985
9.81119999999999
9.832800000000004
9.855399999999971
9.874800000000018
9.897000000000011
9.916200000000021
9.941200000000004
9.96160000000002
9.981200000000031
9.998800000000006
10.016699999999966
10.040400000000012
10.060999999999996
10.083499999999994
10.102799999999947
10.123000000000074
10.1465
10.168599999999973
10.193500000000016
10.21580000000002
