9.0
9.0
9.04869999999997
9.099299999999976
9.150199999999957
9.200700000000008
9.259399999999998
9.30949999999998
9.364000000000004
9.415200000000006
9.47180000000003
9.522500000000004
9.573500000000022
9.631800000000027
9.68659999999999
9.74450000000003
9.803800000000004
9.862499999999953
9.916099999999986
9.978799999999982
10.033299999999977
10.086199999999947
10.144400000000028
10.197000000000067
10.256000000000018
10.309800000000012
10.367799999999997
10.433100000000016
10.49489999999998
10.550399999999982
10.612499999999986
10.673400000000017
10.737900000000005
10.801199999999977
10.861100000000027
10.915799999999958
10.97690000000001
11.034500000000005
11.093400000000033
11.156900000000016
11.215400000000033
11.275000000000018
11.340100000000003
11.401399999999994
11.459900000000014
11.517199999999987
11.572699999999998
11.634899999999977
11.696800000000017
11.757800000000023
11.819500000000062
11.883900000000057
11.937500000000005
11.991800000000005
12.051099999999987
12.106499999999986
12.163700000000002
12.219000000000007
12.271899999999956
12.330000000000004
12.383699999999982
12.443100000000022
12.490900000000014
12.53969999999999
12.587999999999987
12.639499999999964
12.688099999999977
12.734800000000003
12.781200000000029
12.8294
12.875899999999998
12.922700000000017
12.962399999999993
13.007199999999974
13.0485
13.091
13.131400000000047
13.172499999999994
13.216200000000002
13.256600000000011
13.294499999999998
13.335800000000006
13.373900000000026
13.409700000000011
13.448199999999948
13.484800000000009
13.520900000000012
13.557399999999994
13.592700000000006
13.63010000000001
13.664200000000006
13.702300000000012
13.737999999999989
13.7739
13.806599999999982
13.839000000000015
13.874700000000024
13.903099999999979
13.938300000000012
13.967199999999995
14.001599999999986
14.036799999999994
14.069499999999998
14.102499999999988
14.135100000000003
14.164999999999988
14.196399999999993
14.228199999999994
14.257699999999991
14.287599999999994
14.315399999999988
14.345700000000003
14.373199999999994
14.400100000000005
14.4326
14.46030000000001
14.488
14.518199999999997
14.541499999999985
14.570699999999993
14.596399999999988
14.623899999999992
14.648900000000008
14.675099999999993
14.700600000000012
14.726199999999997
14.748800000000006
14.7732
14.7973
14.824900000000007
14.8501
14.875599999999991
14.8953
14.915600000000007
14.936099999999989
14.955700000000009
14.975599999999995
14.999999999999988
15.021199999999997
15.039700000000005
15.060299999999991
15.081900000000006
15.1009
15.11950000000001
15.133899999999997
15.1534
15.171499999999988
15.1878
15.2048
15.220200000000006
15.236299999999996
15.254000000000007
15.271099999999997
15.2891
15.3072
15.326999999999988
15.343999999999998
15.3586
15.374100000000006
15.3893
15.4043
15.417700000000005
15.433699999999995
15.4512
15.4656
15.483400000000005
15.497600000000002
15.510399999999997
15.5183
15.5312
15.544599999999994
15.5554
15.5674
15.5803
15.5895
15.602799999999995
15.615
15.6289
15.6406
15.6507
15.662099999999997
15.6739
15.685700000000002
15.6995
15.7112
15.7203
15.7333
15.7444
15.753
15.7632
15.7747
15.7838
15.7956
15.8073
15.8195
15.8298
15.8397
15.8458
15.8561
15.866
