1.0
1.0
0.8707
0.7638
0.6753
0.5971
0.5305
0.471
0.4174
0.3798
0.3451
0.3142
0.2904
0.2766
0.2586
0.2454
0.2331
0.2221
0.213
0.2096
0.2023
0.1975
0.1896
0.1879
0.1892
0.1892
0.1919
0.1943
0.1947
0.1958
0.1927
0.1995
0.1955
0.1983
0.202
0.208
0.2093
0.2116
0.2075
0.2085
0.2157
0.2218
0.2165
0.2218
0.228
0.2362
0.2421
0.2412
0.2391
0.2364
0.2362
0.2387
0.2414
0.244
0.2599
0.2732
0.2844
0.2873
0.2893
0.2925
0.2978
0.3044
0.3091
0.3064
0.3034
0.309
0.3116
0.3074
0.3098
0.3054
0.3096
0.3098
0.3045
0.3013
0.2984
0.2968
0.2966
0.2958
0.2911
0.2921
0.2892
0.2858
0.2805
0.2849
0.2775
0.2799
0.2709
0.2672
0.2661
0.2628
0.2549
0.2499
0.2469
0.2396
0.2409
0.2408
0.2376
0.235
0.2334
0.2316
0.2299
0.2277
0.2293
0.2282
0.2282
0.2281
0.2269
0.2238
0.2216
0.2187
0.2213
0.2174
0.2124
0.2112
0.2089
0.2017
0.1963
0.1944
0.1886
0.1868
0.1869
0.1833
0.1834
0.1787
0.1767
0.1741
0.1764
0.1797
0.1845
0.1926
0.2019
0.215
0.227
0.2345
0.2422
0.2495
0.2641
0.2712
0.2823
0.2923
0.3027
0.3094
0.324
0.3398
0.3498
0.3581
0.3677
0.3775
0.3893
0.3949
0.4102
0.4256
0.4369
0.4488
0.4586
0.4679
0.4738
0.4842
0.4912
0.5032
0.5167
0.5263
0.5435
0.5538
0.5672
0.5788
0.5842
0.5921
0.6074
0.6154
0.6284
0.6329
0.6454
0.6546
0.6611
0.6732
0.683
0.6863
0.6921
0.705
0.7135
0.7224
0.7253
0.73
0.7359
0.7496
0.7543
0.7592
0.768
0.7752
0.7849
0.7908
0.8001
0.8105
0.8242
0.8355
0.8402
0.8481
0.8477
0.8462
