64.0
64.0
69.2115
73.9896
79.3137
84.3344
89.4609
94.6507
99.9218
105.4812
111.0818
116.9131
122.5203
128.3985
134.0766
139.9334
146.2233
152.069
158.6233
164.0745
170.408
177.5856
184.5099
190.6534
197.3953
203.4133
210.3172
217.7327
224.6282
231.6107
239.034
246.4202
255.0896
263.0566
271.365
278.8262
287.0241
295.0938
302.7263
310.745
319.1642
327.3782
334.9412
343.5021
351.8628
359.9624
368.0786
378.009
386.6111
396.0844
405.5081
415.6118
425.5349
435.4537
444.2952
453.4507
462.8606
471.5775
481.7828
491.5418
502.4757
512.508
524.1098
536.1192
548.2276
559.4972
571.5489
582.5093
594.3397
606.3212
618.9403
631.7431
644.6904
658.119
673.6176
688.0679
703.5041
719.0723
734.1452
751.7136
768.7986
786.2568
804.1014
820.0277
837.6548
857.2233
875.4025
896.7323
914.6681
935.4646
956.0735
974.3465
995.177
1014.3643
1036.1714
1059.8193
1081.2512
1103.7729
1124.7526
1147.3072
1170.5159
1194.1581
1216.4242
1240.7177
1265.9144
1290.9542
1315.9791
1341.1622
1368.0744
1392.7223
1422.6565
1450.4704
1482.1984
1510.416
1542.1498
1572.1361
1600.8766
1632.3536
1660.6341
1692.3787
1723.6444
1754.5115
1785.1764
1814.3857
1847.6867
1881.5391
1914.4698
1946.2884
1969.7573
1994.1785
2022.3999
2050.7877
2077.1041
2108.145
2133.143
2159.2392
2184.8093
2208.1086
2232.9017
2260.7473
2282.2449
2301.9525
2323.8906
2347.0765
2369.1942
2394.3735
2419.1059
2443.3288
2470.5574
2490.8956
2514.52
2538.4829
2561.4588
2581.3568
2604.6658
2625.2026
2648.8512
2672.8076
2694.4637
2711.9689
2731.0169
2746.5465
2765.6622
2788.0542
2813.4069
2827.1673
2846.5063
2863.2271
2884.6413
2902.845
2929.7283
2953.0088
2978.255
2993.8756
3017.473
3040.211
3065.0166
3090.1147
3110.2165
3130.3015
3149.5001
3163.5352
3179.6322
3200.022
3223.3053
3242.4851
3265.3292
3286.1369
3298.9599
3319.1231
3337.0965
3353.7943
3373.1465
3386.4494
3407.7058
3425.2493
3447.4967
3463.093
3484.0823
3507.0941
