49.0
49.0
46.7697
44.6124
42.5105
40.4664
38.5182
36.5752
34.7053
32.8489
31.2302
29.5923
28.0039
26.4969
25.0629
23.7373
22.4105
21.1429
19.8994
18.7435
17.5671
16.5163
15.5209
14.568
13.6485
12.7827
11.9743
11.2053
10.4721
9.8086
9.1894
8.571
8.0228
7.4734
6.9519
6.4605
6.0092
5.6449
5.2866
4.9248
4.5669
4.2911
4.001
3.7176
3.4804
3.2524
3.0233
2.8357
2.6663
2.483
2.3061
2.1687
2.0379
1.9174
1.8918
1.8632
1.8472
1.8379
1.8166
1.8019
1.7725
1.753
1.7433
1.7333
1.7079
1.7068
1.6983
1.6767
1.6529
1.6379
1.614
1.5974
1.5815
1.5642
1.5468
1.5272
1.512
1.4961
1.4804
1.4625
1.459
1.4527
1.4313
1.4099
1.3963
1.385
1.3732
1.3646
1.3594
1.3407
1.3372
1.323
1.3055
1.2956
1.2898
1.2808
1.2678
1.2454
1.2256
1.2063
1.1935
1.1811
1.1777
1.1661
1.1501
1.1427
1.1234
1.0963
1.0809
1.077
1.0758
1.0632
1.0617
1.0534
1.0448
1.0244
1.012
1.0009
0.9934
0.9869
0.9825
0.967
0.9637
0.9567
0.9542
0.9523
0.9427
0.9272
0.8936
0.8605
0.8227
0.7878
0.7579
0.741
0.7156
0.6916
0.6732
0.6527
0.6237
0.6067
0.5898
0.575
0.5597
0.5465
0.5283
0.5092
0.4826
0.4697
0.4657
0.4557
0.445
0.4368
0.4258
0.4191
0.4108
0.4062
0.394
0.3831
0.3773
0.3771
0.3755
0.3681
0.3629
0.3594
0.3516
0.3513
0.347
0.3388
0.3353
0.3254
0.3188
0.3129
0.3104
0.3077
0.3065
0.2988
0.2973
0.2928
0.2894
0.2888
0.2908
0.2848
0.2805
0.2805
0.2765
0.2762
0.2761
0.2758
0.2722
0.2736
0.2707
0.2647
0.2607
0.2606
0.2629
0.2622
0.2623
0.2606
0.2589
0.261
