289.0
289.0
285.5943
282.3789
279.1223
275.7948
272.5372
269.4105
266.1156
262.7831
259.5594
256.6038
253.3066
250.1123
247.0318
243.9629
240.94
238.0811
235.1684
232.2114
229.2351
226.1926
223.3239
220.4885
217.7794
214.8862
212.0863
209.2905
206.4908
203.8373
201.1609
198.4482
195.7732
193.1841
190.6662
188.1122
185.4769
182.9191
180.1979
177.797
175.3047
172.8358
170.4047
167.732
165.2672
162.7985
160.4403
158.1449
155.8289
153.4033
151.1456
148.8023
146.4914
144.2953
142.0805
140.0189
137.9388
135.7265
133.6861
131.7418
129.6268
127.6934
125.7356
123.8501
121.8318
119.8682
117.9437
116.1114
114.3025
112.5285
110.8067
108.9758
107.1141
105.3884
103.5436
101.8431
100.1157
98.357
96.5667
94.7978
93.1311
91.5335
89.8788
88.2697
86.8103
85.2694
83.6976
82.1998
80.7011
79.2614
77.7804
76.3443
75.0072
73.6429
72.3024
70.891
69.5011
68.1806
66.8355
65.5527
64.205
62.9521
61.7499
60.5219
59.2588
58.1056
56.8605
55.6786
54.5739
53.425
52.2292
51.1275
50.0251
48.987
47.8791
46.7979
45.7742
44.8312
43.8197
42.9054
41.8983
40.9077
40.0246
39.1596
38.275
37.419
36.5055
35.7049
35.1869
34.7254
34.2911
33.8487
33.4167
32.9455
32.5364
32.1336
31.7157
31.3046
30.9229
30.5393
30.1002
29.6981
29.3049
28.9302
28.5327
28.151
27.7858
27.4009
27.0303
26.6396
26.2472
25.8855
25.5286
25.2333
24.8989
24.6007
24.2547
23.9306
23.5799
23.2686
22.9325
22.5901
22.2674
21.9498
21.6352
21.3409
21.0101
20.7309
20.4132
20.0938
19.7755
19.5235
19.2055
18.9512
18.6898
18.426
18.1717
17.9202
17.6468
17.3786
17.1181
16.8483
16.5875
16.3279
16.0976
15.8271
15.5936
15.3571
15.0915
14.8614
14.64
14.4045
14.1797
13.9843
13.7769
13.5626
13.3535
13.1431
12.9123
12.7136
