1728.0
1728.0
1708.5214
1691.5392
1676.6153
1658.731
1641.2506
1625.0584
1607.708
1590.0477
1574.0633
1558.0747
1541.3623
1524.7082
1508.3994
1490.8605
1475.0221
1458.8887
1441.3461
1425.8191
1410.6749
1394.125
1379.5338
1364.568
1348.9584
1334.7739
1322.0019
1306.4312
1292.1796
1278.2931
1265.6936
1251.4121
1235.9454
1219.3497
1205.6275
1192.1088
1177.9165
1165.9188
1153.3249
1140.1022
1127.3065
1113.807
1100.7925
1089.1363
1076.2734
1063.7555
1051.1382
1040.4477
1027.7151
1016.2219
1003.9343
992.8742
981.0962
969.9745
961.2795
954.6051
947.424
940.9142
934.0933
927.0533
920.1405
912.7841
905.8581
899.502
893.1276
886.8991
881.389
875.3059
869.3391
861.7864
855.3225
848.8601
842.8694
836.64
831.0922
824.9279
819.0906
813.6201
808.6295
803.4468
797.7496
792.711
786.8863
780.8334
775.3182
769.9457
763.2499
757.7848
752.2851
746.4781
741.5343
735.7359
730.29
725.2076
720.0769
714.8878
710.5313
705.6283
699.6591
694.168
689.3218
684.2994
679.3886
674.3195
669.6476
665.0464
660.3426
655.5717
651.2034
646.3467
641.4634
636.6836
631.2829
627.0991
622.6069
617.2041
612.4365
607.8561
602.8975
598.6006
594.3105
589.7287
584.541
579.8198
575.815
571.3536
567.1445
563.1261
557.9554
552.683
547.5465
542.04
536.7126
530.9936
525.9141
520.6541
514.4339
509.4145
504.201
499.0345
494.3369
489.8225
484.5136
479.3403
474.3602
469.407
464.7747
459.744
454.5351
450.024
445.4657
440.8303
436.3561
431.4641
426.566
421.9912
417.0475
412.9372
408.6746
404.8278
400.7477
396.6807
392.6983
389.0048
384.6473
380.6927
376.9714
373.0381
369.0195
365.0142
361.1691
356.8692
353.3275
349.7715
346.0963
342.4842
337.8613
334.5096
331.3759
327.748
323.9677
320.486
316.8854
313.3231
310.0035
306.6447
303.1146
299.8111
296.4445
293.5727
290.4422
287.1843
284.2012
280.8651
277.8362
274.708
271.5065
268.3904
265.2347
262.2508
