361.0
361.0
354.7193
348.8018
342.6368
336.7463
330.9857
325.3561
319.7256
314.447
309.0606
303.9607
298.4554
293.7637
289.1146
284.5074
279.9791
275.5995
271.1017
267.0241
262.6333
258.3772
253.9872
249.7798
245.7557
242.0681
238.124
234.4444
231.117
227.4046
223.9963
220.7139
217.1435
213.6054
210.3488
207.3364
204.243
201.1299
198.337
195.4341
192.6595
189.7537
186.9628
184.2485
181.3624
178.7308
175.8856
173.2856
170.9886
168.6869
166.1948
163.9933
161.9828
160.0644
158.669
157.3686
156.0496
154.9311
153.5046
152.2025
151.1672
149.8094
148.4598
147.2549
145.8087
144.6675
143.2556
141.8794
140.708
139.5185
138.1747
136.7781
135.7148
134.2909
133.119
131.8297
130.322
129.3375
128.2653
127.1102
125.7254
124.463
123.1807
122.0263
120.939
119.5335
118.4252
117.1815
116.0168
114.8183
113.5315
112.2312
110.8725
109.617
108.5377
107.24
106.0332
104.9134
103.8607
102.8667
101.871
100.7643
99.449
98.5255
97.4505
96.3959
95.3608
94.1672
93.1407
92.1029
91.0416
89.9668
88.8694
87.9104
86.8891
85.8494
84.8582
83.8251
82.9883
81.9049
80.7617
79.8565
78.9111
77.9381
77.1754
76.2714
75.3567
74.7137
74.3559
74.3355
74.2
73.9323
73.6609
73.4616
73.3
73.0599
72.9052
72.6227
72.4359
72.3908
72.2498
72.0669
71.9449
71.7753
71.562
71.4122
71.282
71.183
71.2291
71.0683
70.8689
70.7692
70.5713
70.3371
70.2097
70.1279
70.0347
69.9821
69.8295
69.6249
69.5611
69.3419
69.2214
68.9446
69.0213
68.9182
68.8701
68.5871
68.595
68.4834
68.1451
68.2475
68.2419
68.2955
68.0927
67.8975
67.7817
67.5931
67.4107
67.348
67.2731
67.2379
67.1814
67.1553
66.9883
66.9735
66.9354
66.7229
66.5925
66.3625
66.0417
65.9775
65.9073
65.7975
65.6194
65.4314
65.1724
65.0126
64.8502
64.7641
