9.0
9.0
8.9098
8.8209
8.7389
8.6589
8.5708
8.4956
8.4171
8.3171
8.2456
8.1649
8.1165
8.0264
7.9727
7.9315
7.8647
7.8064
7.7428
7.7268
7.6736
7.6348
7.5802
7.5343
7.4984
7.4572
7.4247
7.3876
7.3645
7.326
7.2837
7.2304
7.1738
7.1244
7.1113
7.1032
7.0784
7.0375
7.015
7.0022
6.9999
6.9718
6.9598
6.9234
6.8837
6.8535
6.827
6.7982
6.787
6.768
6.748
6.6978
6.6759
6.6464
6.6261
6.6371
6.64
6.6441
6.6567
6.6599
6.668
6.6565
6.6791
6.6709
6.6758
6.6793
6.6833
6.6951
6.7137
6.7259
6.7504
6.7443
6.7517
6.7694
6.7734
6.7632
6.7729
6.7804
6.7754
6.7828
6.7941
6.8063
6.8223
6.8404
6.829
6.8266
6.8549
6.8639
6.8786
6.9051
6.9186
6.9293
6.9301
6.9394
6.9501
6.9775
7.0049
7.0141
7.0276
7.0473
7.0669
7.0874
7.086
7.1181
7.1369
7.1283
7.145
7.1693
7.1957
7.2331
7.2567
7.2701
7.2856
7.3131
7.3384
7.3716
7.4013
7.4205
7.4363
7.4468
7.4754
7.4836
7.4847
7.5148
7.5437
7.5629
7.5761
7.5864
7.598
7.6282
7.6387
7.662
7.6659
7.6846
7.7018
7.7076
7.7227
7.7468
7.7685
7.7993
7.8131
7.8236
7.8055
7.8139
7.8301
7.8329
7.8586
7.8767
7.899
7.9095
7.9358
7.9617
7.9753
8.01
8.0205
8.0493
8.0832
8.0761
8.0998
8.1168
8.1242
8.1196
8.1334
8.1521
8.1465
8.177
8.1814
8.2059
8.2109
8.2157
8.2233
8.2531
8.2799
8.3058
8.3143
8.3437
8.3702
8.4122
8.439
8.4484
8.4638
8.4565
8.4629
8.4698
8.4811
8.4791
8.4873
8.5281
8.5596
8.5713
8.5964
8.6241
8.6432
8.6652
8.692
8.7106
8.7258
8.7369
8.7572
8.7575
