2.0
2.0
2.0197000000000065
2.0473999999999912
2.0768000000000186
2.0966000000000125
2.119499999999999
2.1456999999999957
2.1713000000000044
2.201600000000003
2.23480000000001
2.2655000000000136
2.3007000000000035
2.3302000000000085
2.365599999999982
2.396800000000002
2.4334999999999924
2.4628000000000068
2.5040000000000093
2.5418999999999934
2.570199999999996
2.603900000000005
2.650699999999998
2.691300000000005
2.7289000000000034
2.7673999999999976
2.804200000000004
2.841699999999998
2.879600000000008
2.9169999999999936
2.955399999999999
2.9965999999999977
3.0250999999999983
3.058999999999996
3.1004999999999896
3.1373999999999884
3.180500000000003
3.2228999999999943
3.2589999999999972
3.300899999999993
3.3395000000000006
3.379099999999994
3.416
3.451100000000003
3.4906000000000015
3.5306999999999973
3.5669999999999984
3.6039000000000017
3.6433000000000013
3.6759999999999984
3.7174999999999985
3.7517999999999994
3.7922
3.8314
3.8780000000000006
3.9208
3.966
4.010600000000005
4.047500000000029
4.089899999999979
4.133800000000039
4.175299999999989
4.211100000000007
4.25609999999998
4.296999999999992
4.336200000000007
4.369900000000011
4.4102000000000015
4.450799999999997
4.48570000000001
4.520899999999999
4.555099999999991
4.589899999999994
4.626800000000011
4.66109999999999
4.690699999999999
4.7307999999999915
4.764099999999986
4.800999999999993
4.838299999999983
4.876899999999992
4.907100000000012
4.94110000000002
4.978200000000012
5.011600000000008
5.043900000000014
5.077599999999994
5.115400000000012
5.149700000000003
5.184199999999973
5.222400000000012
5.258599999999989
5.293000000000026
5.326100000000009
5.358699999999987
5.395799999999999
5.431199999999977
5.46830000000001
5.501599999999995
5.532699999999998
5.56880000000001
5.605600000000006
5.643999999999984
5.681600000000007
5.716200000000009
5.747999999999999
5.7786000000000035
5.812800000000008
5.846900000000006
5.876500000000003
5.912700000000009
5.9415999999999976
5.970299999999998
6.000199999999986
6.0378000000000025
6.074300000000014
6.105700000000009
6.136700000000018
6.170100000000005
6.201399999999997
6.234000000000004
6.266199999999984
6.304600000000007
6.338500000000016
6.37159999999999
6.407300000000007
6.440299999999999
6.466700000000008
6.470599999999989
6.482700000000015
6.494999999999995
6.503799999999981
6.509399999999999
6.520899999999991
6.528700000000002
6.538400000000009
6.5483000000000136
6.554499999999991
6.568900000000007
6.5747999999999855
6.5875
6.599599999999995
6.615099999999994
6.626099999999993
6.630199999999985
6.646099999999997
6.654599999999994
6.663899999999997
6.67029999999998
6.683399999999997
6.6918999999999915
6.7042
6.720099999999996
6.733400000000001
6.747300000000005
6.7675000000000045
6.787700000000012
6.80270000000001
6.817099999999987
6.8356999999999974
6.844099999999991
6.857599999999992
6.867899999999997
6.885
6.904500000000003
6.914099999999983
6.930899999999997
6.945300000000006
6.9508999999999945
6.963700000000014
6.9757000000000104
6.990700000000001
7.007699999999997
7.0214000000000025
7.037899999999997
7.058599999999998
7.074200000000001
7.0896000000000114
7.1002
7.119299999999993
7.1318000000000055
7.1496
7.166299999999994
7.181800000000003
7.1929000000000025
7.2071
7.223799999999988
7.2427000000000055
7.257400000000003
7.274800000000006
7.2942
7.307999999999991
7.330800000000003
7.344500000000002
7.367199999999999
7.383199999999994
7.3994
7.420900000000004
7.444499999999997
7.460900000000003
