729.0
729.0
698.2793
668.7135
639.4604
612.1231
587.4063
562.2627
537.6815
515.9201
493.0045
472.581
452.8726
434.6295
417.6615
400.3276
383.4858
367.1778
352.4374
337.6385
323.9704
311.6568
298.5696
286.4395
274.1843
263.5321
251.5856
241.7857
231.787
223.4176
213.9509
206.4914
198.81
190.8376
183.6798
176.5095
169.7662
163.3756
157.375
151.6275
145.5798
140.1499
134.9451
129.7415
124.3549
119.6071
114.5193
110.1302
106.185
102.4251
98.757
95.1492
91.4398
89.0829
88.4856
88.5076
88.148
87.8468
87.8244
87.6645
87.7571
87.3882
87.462
87.7924
87.7241
87.5033
87.6742
86.7963
86.3103
85.8623
85.7031
85.432
85.3023
84.9247
84.6839
84.1987
83.9222
83.9032
83.7085
83.343
82.9444
82.2583
81.834
81.7927
81.0611
80.9396
80.7206
80.4773
80.3815
80.3432
79.9105
79.7963
79.6431
79.4577
79.0549
79.1877
78.73
78.8589
78.9603
78.709
78.1885
77.7527
77.5696
77.5998
77.6653
77.3545
76.9028
76.8519
76.6233
76.3434
76.4673
76.127
75.9037
75.2964
75.1397
74.7147
74.7684
74.8933
74.7906
74.7164
74.7339
74.4535
74.1111
74.4128
74.213
74.259
74.1001
73.9887
73.5038
73.0644
72.9215
72.627
72.3525
72.1034
71.7329
71.4369
71.5472
71.5257
71.6765
71.3268
71.4585
71.4327
71.275
71.3666
71.3931
71.2848
70.845
70.9509
70.6282
70.2771
70.0517
69.6927
69.607
68.8651
68.413
68.6182
68.4278
68.3082
68.0943
68.5826
68.4243
68.3295
68.0711
68.4264
68.7203
68.7252
68.8404
68.852
68.6266
68.8474
69.1845
69.2484
69.0514
68.9657
68.9085
68.7079
68.9346
68.7922
68.6933
68.6586
69.0144
68.506
68.6622
68.2139
68.0387
67.7602
67.9353
67.6105
67.3861
67.0257
67.3939
67.3008
66.9952
66.6102
65.9578
66.055
66.0698
65.8516
65.5786
65.5047
