0.0
0.0
0.004499999999999991
0.007899999999999999
0.012300000000000023
0.01489999999999996
0.014900000000000004
0.016099999999999986
0.01840000000000005
0.02169999999999996
0.024099999999999972
0.024700000000000027
0.02549999999999996
0.026699999999999977
0.029799999999999927
0.03029999999999993
0.03100000000000013
0.03210000000000006
0.033399999999999895
0.03350000000000008
0.032399999999999936
0.03299999999999975
0.03380000000000012
0.035200000000000155
0.03719999999999997
0.03940000000000011
0.04019999999999982
0.041899999999999986
0.040700000000000014
0.04120000000000001
0.04229999999999993
0.040100000000000094
0.039500000000000056
0.041500000000000134
0.04050000000000004
0.04030000000000003
0.0421
0.045000000000000026
0.04450000000000006
0.046600000000000114
0.04689999999999994
0.048099999999999914
0.049599999999999894
0.050500000000000066
0.051000000000000024
0.04970000000000003
0.049499999999999975
0.04869999999999996
0.050700000000000134
0.05229999999999991
0.05130000000000005
0.04879999999999984
0.05199999999999989
0.051699999999999954
0.05459999999999997
0.06060000000000007
0.06400000000000015
0.06570000000000056
0.06750000000000057
0.07130000000000042
0.0730000000000005
0.07390000000000015
0.07569999999999984
0.07619999999999992
0.0809000000000001
0.0829000000000001
0.08540000000000003
0.08999999999999997
0.09420000000000023
0.09459999999999989
0.09709999999999999
0.09989999999999986
0.09960000000000017
0.10389999999999998
0.10609999999999993
0.10799999999999993
0.1105
0.11430000000000004
0.11729999999999996
0.11979999999999998
0.1187
0.1216
0.1212
0.12299999999999986
0.12369999999999998
0.12250000000000007
0.12330000000000026
0.1270999999999996
0.12709999999999994
0.12439999999999991
0.12269999999999986
0.12500000000000017
0.12690000000000037
0.1290999999999997
0.13100000000000067
0.13110000000000052
0.13389999999999974
0.13710000000000022
0.13859999999999967
0.1409999999999998
0.1436000000000001
0.14349999999999988
0.14429999999999943
0.1422999999999991
0.14250000000000035
0.1452999999999997
0.1432000000000006
0.14250000000000113
0.14129999999999948
0.1412999999999994
0.14129999999999981
0.13769999999999985
0.1392
0.14040000000000033
0.1407000000000005
0.14060000000000078
0.14400000000000063
0.14549999999999985
0.14570000000000016
0.1486999999999997
0.1537000000000005
0.15400000000000005
0.15490000000000015
0.15260000000000032
0.15270000000000056
0.1543999999999994
0.15360000000000024
0.15409999999999965
0.15859999999999982
0.1633999999999999
0.1677000000000005
0.16610000000000033
0.17200000000000001
0.17400000000000057
0.1774999999999996
0.18120000000000014
0.1841
0.1870000000000001
0.18979999999999955
0.19039999999999957
0.1912999999999997
0.19009999999999963
0.19109999999999994
0.19309999999999988
0.19739999999999971
0.19649999999999992
0.20049999999999957
0.20050000000000026
0.20169999999999969
0.2056000000000001
0.2082999999999999
0.2105000000000001
0.20680000000000026
0.2084
0.2100999999999996
0.20979999999999963
0.2127000000000002
0.2149
0.2175999999999999
0.21759999999999974
0.2193
0.2184
0.2186999999999998
0.22000000000000014
0.22099999999999972
0.22210000000000013
0.22499999999999973
0.22670000000000026
0.2297000000000001
0.2264999999999999
0.22759999999999983
0.2273
0.22680000000000014
0.22520000000000015
0.22809999999999991
0.23049999999999982
0.2350000000000001
0.23180000000000014
0.23369999999999996
0.2342
0.23600000000000018
0.2364
0.23559999999999992
0.2373
0.2397
0.2395
0.2410999999999999
0.2411000000000001
0.24110000000000023
0.24070000000000008
0.2396000000000001
0.2395
0.23990000000000009
0.23669999999999985
0.235
0.237
0.23900000000000005
0.24070000000000008
0.24290000000000003
0.2421
