9.0
9.0
8.7324
8.4568
8.1927
7.9133
7.6485
7.3949
7.162
6.9231
6.7097
6.4653
6.2486
6.0276
5.822
5.6106
5.4245
5.2509
5.0737
4.9035
4.7406
4.5753
4.4125
4.2622
4.1274
3.9806
3.852
3.7268
3.5905
3.4589
3.3373
3.2304
3.1237
3.0097
2.9057
2.8061
2.6964
2.6091
2.5224
2.4322
2.3465
2.2645
2.1986
2.1314
2.0521
1.9766
1.9076
1.8438
1.78
1.7161
1.6539
1.5999
1.5454
1.493
1.4761
1.4625
1.4498
1.438
1.4251
1.4143
1.4034
1.3921
1.3804
1.3664
1.3526
1.342
1.3313
1.3226
1.3084
1.2956
1.2888
1.2757
1.2572
1.2479
1.2391
1.229
1.2199
1.2117
1.1991
1.1937
1.186
1.1801
1.1699
1.1646
1.1542
1.1457
1.1391
1.132
1.1289
1.1226
1.1165
1.1055
1.0963
1.0867
1.0749
1.075
1.0657
1.0601
1.0535
1.0485
1.0371
1.0311
1.0283
1.0259
1.0196
1.0186
1.0114
1.0064
1.0058
1.0001
0.9911
0.9862
0.9814
0.971
0.9665
0.9638
0.9596
0.9567
0.9526
0.9487
0.9472
0.9401
0.9342
0.9281
0.9276
0.9201
0.916
0.9085
0.9052
0.9016
0.8968
0.8939
0.89
0.888
0.8845
0.8823
0.8831
0.8831
0.8766
0.8777
0.8741
0.8753
0.8752
0.8752
0.8788
0.8799
0.8824
0.876
0.8738
0.8794
0.8765
0.8729
0.8759
0.8757
0.877
0.8788
0.8809
0.8789
0.8857
0.8952
0.8982
0.905
0.9067
0.913
0.9149
0.9227
0.9269
0.9354
0.9383
0.9405
0.9427
0.9476
0.9574
0.9629
0.9684
0.9737
0.9766
0.9861
0.9912
0.9981
0.9998
1.0093
1.0171
1.0265
1.0326
1.0408
1.0541
1.0623
1.0697
1.0801
1.09
1.0988
1.1077
1.1204
1.1294
1.1371
1.1387
1.1523
1.157
1.1636
