121.0
121.0
120.0942
119.1696
118.2843
117.3772
116.4605
115.6626
114.887
114.0324
113.2778
112.5095
111.7107
110.9303
110.0978
109.375
108.5768
107.7794
107.0226
106.3851
105.5866
104.8092
104.0356
103.3783
102.7819
102.0535
101.3458
100.6466
100.0115
99.3703
98.6774
98.1312
97.4779
96.8635
96.3068
95.7123
95.1311
94.5252
93.9353
93.326
92.7591
92.094
91.5176
90.8939
90.3266
89.7792
89.1957
88.6706
88.2127
87.6238
87.0953
86.583
86.0485
85.5553
85.0922
84.6158
84.1938
83.7376
83.316
82.8565
82.4154
81.8842
81.4663
81.1168
80.6738
80.2224
79.7825
79.366
78.9588
78.5396
78.1701
77.7354
77.2802
76.9095
76.519
76.1941
75.7765
75.3191
74.9099
74.5662
74.1808
73.7276
73.3292
72.9073
72.497
72.0811
71.68
71.2706
70.9866
70.5097
70.208
69.7741
69.4888
69.1074
68.7192
68.2734
67.999
67.6659
67.3284
66.9122
66.5437
66.1432
65.7855
65.4555
65.1403
64.7396
64.4215
64.0715
63.786
63.4092
63.0042
62.6784
62.2545
61.8639
61.5094
61.1466
60.779
60.4266
60.0682
59.7316
59.3596
58.9996
58.6204
58.2652
57.9496
57.6292
57.317
56.9564
56.5631
56.1134
55.6438
55.1574
54.6223
54.1272
53.6685
53.2388
52.7092
52.2138
51.7029
51.2244
50.7071
50.1811
49.7342
49.2491
48.7552
48.2066
47.7187
47.2405
46.7776
46.298
45.8345
45.4078
44.9739
44.501
44.0373
43.5618
43.0323
42.5909
42.1201
41.7311
41.3078
40.8771
40.3852
39.9014
39.4805
39.0513
38.6306
38.2455
37.8063
37.4062
36.9906
36.6228
36.2054
35.7862
35.4259
35.0228
34.6108
34.2088
33.812
33.4567
33.0671
32.7247
32.3354
31.9686
31.619
31.2489
30.8349
30.4682
30.1077
29.7643
29.4213
29.0718
28.7493
28.4354
28.0721
27.708
27.3837
27.0625
26.7504
26.4491
