1331.0
1331.0
1316.8852
1302.5718
1288.9225
1275.106
1261.0469
1249.0078
1237.4146
1224.5816
1213.3122
1201.9565
1190.0661
1178.6583
1166.35
1155.9854
1144.3646
1132.7816
1121.971
1113.1589
1101.6306
1090.5116
1079.6052
1070.4591
1062.1975
1051.8463
1041.954
1032.3496
1023.5739
1014.6863
1005.2348
997.9874
989.1013
980.7023
973.2328
965.4963
957.7851
949.6008
941.8323
933.6536
926.1229
917.301
909.7078
901.4303
893.9942
886.9138
879.3343
872.8016
867.0147
859.7894
853.1839
846.5222
839.8601
833.7651
828.2072
822.027
816.5916
810.8518
805.7956
800.0353
794.665
788.0932
783.0059
778.8288
773.4492
768.0898
762.9231
758.0612
753.0474
748.1262
743.5859
738.3862
732.8216
728.5159
723.831
720.2313
715.2919
709.7849
704.9541
701.0702
696.7184
691.3786
686.4668
681.5245
676.8242
671.8469
667.1188
662.4778
659.6444
653.7957
650.6408
645.6467
642.5588
638.1584
633.6462
628.5712
625.569
621.9759
618.2522
613.6058
609.3507
604.9538
600.9487
597.2183
593.8025
589.2602
585.9363
581.9191
579.113
574.9162
570.2422
566.642
561.7627
557.2757
553.547
549.4234
545.5918
541.7054
537.908
534.2426
530.1994
526.542
522.3894
518.4088
515.2516
512.0868
508.8524
504.9622
500.7757
495.9202
490.924
485.8266
479.9503
474.6224
469.7351
465.1038
459.3804
454.0368
448.4483
443.2862
437.4679
431.7021
427.0314
421.9643
416.7972
410.9482
405.7213
400.6161
395.7856
390.7296
385.9403
381.562
377.1705
372.109
367.3851
362.3752
356.8053
352.4277
347.4223
343.5523
339.4258
335.2907
330.2068
325.4226
321.2347
316.9673
312.911
309.1863
304.8619
300.7406
296.6136
293.0172
288.9062
285.0362
281.6055
277.6412
273.5952
269.7644
265.8532
262.3587
258.6333
255.3597
251.5444
248.0928
244.8174
241.2963
237.3891
233.9532
230.8279
227.6055
224.3919
221.2708
218.4433
215.7156
212.3221
209.147
206.2639
203.3149
200.5786
198.1321
