9.0
9.0
3.2493
1.0696
0.3743
0.1494
0.0819
0.0575
0.0579
0.0566
0.0513
0.0485
0.0533
0.0485
0.0488
0.0473
0.051
0.0492
0.0479
0.0532
0.0527
0.0477
0.0509
0.0465
0.0474
0.0497
0.0513
0.047
0.0421
0.0459
0.0462
0.0454
0.0443
0.0464
0.0497
0.0484
0.0492
0.0492
0.0423
0.0478
0.0403
0.0404
0.039
0.0428
0.0433
0.0402
0.0394
0.0456
0.0453
0.0436
0.0444
0.0407
0.044
0.0505
0.0503
0.0492
0.0473
0.052
0.0521
0.0512
0.049
0.0504
0.051
0.0447
0.0444
0.0472
0.0473
0.0463
0.0514
0.0439
0.0425
0.04
0.0443
0.0451
0.0467
0.0415
0.0404
0.0438
0.043
0.0446
0.0414
0.04
0.0382
0.041
0.0416
0.0424
0.0429
0.0407
0.0434
0.0409
0.0392
0.0391
0.0411
0.0397
0.0395
0.0408
0.0424
0.0399
0.0389
0.0367
0.035
0.0435
0.0358
0.0392
0.039
0.0369
0.0377
0.0378
0.041
0.0389
0.0425
0.0387
0.0412
0.0318
0.0351
0.0373
0.0385
0.0359
0.0347
0.0356
0.038
0.0383
0.0372
0.0386
0.0374
0.036
0.0381
0.0413
0.0439
0.047
0.049
0.0561
0.0546
0.0493
0.0498
0.0515
0.052
0.0487
0.0488
0.0509
0.0482
0.046
0.0414
0.0499
0.0499
0.0517
0.0507
0.0483
0.0483
0.0441
0.0508
0.0528
0.0528
0.0487
0.0511
0.0539
0.057
0.0533
0.0508
0.0506
0.0516
0.0491
0.0511
0.0507
0.0528
0.0524
0.051
0.0505
0.0478
0.0498
0.047
0.049
0.0542
0.0548
0.0538
0.052
0.055
0.0528
0.0563
0.0523
0.0504
0.0547
0.0541
0.0504
0.048
0.0482
0.049
0.0526
0.0502
0.0512
0.0514
0.0564
0.0536
0.0556
0.053
0.051
0.0526
0.0502
0.0561
0.0534
