5832.0
5832.0
5789.1283
5744.3655
5705.0522
5666.8709
5625.2806
5584.4439
5542.5889
5498.8594
5458.4277
5421.6599
5381.1607
5340.4347
5299.5348
5259.0858
5221.5174
5185.144
5147.8877
5111.2743
5074.4296
5036.2385
5001.4881
4964.0728
4931.4095
4893.3202
4854.7244
4820.8767
4789.0557
4755.4713
4720.6674
4688.5204
4654.3694
4618.8479
4585.255
4547.7506
4514.3784
4486.2048
4454.5689
4425.3631
4394.0426
4361.5967
4324.8058
4297.117
4267.33
4240.2517
4210.1669
4178.792
4149.7386
4119.7332
4092.5117
4065.1022
4033.0241
3998.7847
3958.5539
3916.8218
3875.1546
3836.2697
3796.4362
3755.6636
3714.0243
3678.2468
3640.2947
3601.9289
3565.7769
3525.8134
3491.2877
3456.2642
3419.5396
3381.7902
3347.024
3313.7563
3283.2979
3252.467
3219.5979
3187.667
3153.4187
3117.6838
3082.6048
3048.1178
3016.5373
2985.4565
2949.7421
2917.8293
2886.2922
2856.4693
2823.0978
2793.501
2765.2535
2737.2556
2709.6115
2682.1874
2655.3427
2625.8315
2599.2209
2572.7677
2548.0365
2521.1574
2493.6265
2466.6434
2436.7629
2413.5313
2388.5634
2362.929
2338.9629
2317.0454
2293.6506
2272.1728
2247.822
2220.9486
2197.4655
2174.42
2150.3806
2125.0309
2101.0228
2077.626
2057.6365
2035.5433
2012.3478
1990.7629
1970.7776
1949.8785
1929.4748
1909.5184
1890.023
1871.8306
1851.6851
1833.0417
1817.1887
1801.8057
1787.7095
1774.7594
1759.2841
1745.0924
1729.3053
1716.1691
1701.7233
1688.2175
1673.9988
1660.3291
1647.0961
1633.0888
1618.2184
1604.0494
1590.3573
1578.4941
1567.8877
1555.0695
1540.5403
1528.4744
1517.0836
1506.2905
1495.471
1483.8671
1472.4617
1460.6262
1449.6634
1437.4951
1428.5302
1417.3088
1406.6405
1395.4545
1384.6031
1374.3749
1364.6667
1353.9833
1343.0707
1332.8369
1319.9564
1307.8022
1298.5112
1288.0852
1277.2574
1267.1978
1255.9603
1244.8657
1234.4188
1225.1462
1212.9399
1203.538
1195.3606
1186.3834
1176.7552
1167.516
1159.1523
1149.1144
1141.1354
1133.1948
1124.6409
1115.6353
1105.9862
1096.183
1087.7421
1078.3468
1068.4769
1060.2815
1051.1133
1040.812
1032.6407
1023.9558
