529.0
529.0
526.9592
525.0007
523.1023
521.1133
519.1509
517.2772
515.348
513.4888
511.8754
510.2377
508.504
506.8707
505.1235
503.5415
501.9739
500.3678
498.8522
497.2143
495.6598
494.4157
492.9741
491.531
490.0623
488.634
487.2574
485.8105
484.3325
483.01
481.5416
480.141
479.0165
477.6142
476.2597
475.0358
473.566
472.3245
471.0116
469.7636
468.5368
467.3169
465.9791
464.8551
463.6286
462.3512
461.1229
459.8612
458.6862
457.5649
456.3077
454.8513
453.6325
452.4269
451.2699
450.3716
449.411
448.2472
447.3819
446.3649
445.4086
444.3274
443.2028
442.2362
441.3541
440.2249
439.0979
438.1654
437.4036
436.2769
435.5009
434.5009
433.5049
432.6552
431.6944
430.6997
429.7606
428.8106
427.9583
427.0365
425.8562
425.0727
424.1436
423.2972
422.3938
421.4383
420.5047
419.6395
418.8259
417.8773
417.0534
416.0589
415.0623
414.0441
413.1564
412.1978
411.1567
410.2957
409.2142
408.3095
407.5393
406.7254
405.8773
405.0019
404.3115
403.628
402.6984
401.8416
401.0111
400.0487
399.146
398.4317
397.4765
396.6847
395.7712
394.8633
394.0924
393.1573
392.3662
391.6154
390.8502
390.0873
389.3217
388.3475
387.5715
386.7102
385.8013
384.688
383.0888
381.4305
380.0248
378.4146
376.8227
375.2426
373.5503
371.7594
370.2056
368.5715
367.1223
365.2625
363.71
362.0674
360.4589
358.9594
357.3184
355.8191
354.1063
352.5442
351.0799
349.5346
348.1494
346.7215
345.194
343.6084
342.2298
340.7867
339.4256
337.9921
336.4433
334.6936
333.3416
332.0514
330.625
329.3089
328.0023
326.7372
325.214
323.8116
322.4837
321.0711
319.7818
318.3449
317.1588
315.7475
314.3864
313.0579
311.8824
310.5561
309.2699
307.8936
306.6073
305.1645
303.8603
302.4002
301.0765
299.7802
298.4436
297.3329
295.9985
294.6941
293.3583
292.1389
290.9607
289.6458
288.2463
287.0435
285.7924
284.7255
283.6964
282.3958
