9.0
9.0
8.853499999999995
8.708099999999973
8.558599999999956
8.412700000000036
8.27669999999998
8.1345
7.988300000000003
7.8533
7.707700000000002
7.574999999999996
7.44160000000001
7.310699999999994
7.185299999999995
7.0552
6.9228
6.788400000000003
6.660399999999991
6.5290999999999935
6.40120000000001
6.280799999999983
6.152999999999991
6.030099999999995
5.902699999999989
5.78110000000001
5.651600000000001
5.533900000000006
5.4070000000000045
5.294200000000008
5.174900000000008
5.064799999999986
4.95240000000001
4.837599999999992
4.728000000000001
4.618500000000025
4.511200000000004
4.4025999999999925
4.301799999999989
4.1978999999999935
4.0938000000000025
3.997300000000006
3.8943
3.7991
3.696700000000002
3.6036999999999972
3.5066999999999995
3.4147999999999987
3.3246
3.231900000000004
3.145200000000004
3.0611999999999977
2.9818
2.9241000000000037
2.911800000000001
2.9091999999999905
2.8987999999999956
2.8921999999999968
2.8877999999999933
2.876100000000005
2.8697000000000012
2.8584
2.8500000000000045
2.8473999999999995
2.8414999999999955
2.827099999999997
2.8209999999999975
2.8089000000000044
2.799300000000002
2.7874999999999996
2.7813000000000048
2.7688000000000024
2.7554999999999987
2.747500000000005
2.737699999999997
2.7228999999999988
2.713399999999994
2.7063999999999955
2.698900000000007
2.6874000000000007
2.6770000000000023
2.6604999999999976
2.6484000000000063
2.6334999999999913
2.6194999999999933
2.611399999999994
2.596399999999995
2.589500000000008
2.576499999999998
2.5628000000000197
2.5524999999999967
2.5451000000000064
2.531700000000002
2.5257000000000023
2.5164999999999895
2.5083
2.4963999999999973
2.494499999999992
2.4909000000000057
2.481399999999998
2.470299999999997
2.4647000000000006
2.4537999999999998
2.4498000000000086
2.443299999999992
2.4324999999999983
2.4253999999999922
2.4177000000000097
2.4092999999999942
2.4024000000000028
2.395499999999995
2.388799999999988
2.3802999999999996
2.3700000000000094
2.360899999999995
2.3510999999999997
2.344799999999988
2.3418999999999963
2.3340000000000125
2.3258000000000023
2.322300000000003
2.317299999999994
2.307900000000012
2.298799999999983
2.2940000000000107
2.2926000000000126
2.2885000000000053
2.2815000000000096
2.2657999999999983
2.2541999999999978
2.2439000000000053
2.2314000000000056
2.2209000000000008
2.2094000000000036
2.2006999999999994
2.1909000000000067
2.1812
2.1759000000000035
2.1695000000000078
2.1582000000000017
2.151300000000008
2.1423000000000054
2.1346000000000083
2.131400000000002
2.1279000000000035
2.1228000000000105
2.119199999999997
2.120100000000004
2.117200000000002
2.1116999999999986
2.104100000000001
2.095499999999998
2.0931999999999964
2.0863000000000027
2.0781999999999905
2.0728000000000075
2.0731999999999946
2.0670000000000144
2.065500000000021
2.0653999999999875
2.05829999999999
2.0546999999999978
2.051899999999991
2.054399999999993
2.056100000000012
2.0585999999999913
2.054999999999997
2.054600000000005
2.0571999999999955
2.0583999999999865
2.058900000000001
2.0586000000000046
2.0548000000000064
2.056099999999998
2.0547000000000053
2.0569000000000046
2.060399999999983
2.0607999999999973
2.0603
2.0555999999999983
2.057399999999996
2.0529999999999995
2.052600000000004
2.0422999999999996
2.041699999999995
2.0355999999999996
2.0379000000000107
2.031700000000006
2.0365000000000033
2.0337000000000143
2.032899999999999
2.028599999999995
2.0247999999999857
2.018999999999999
2.013400000000011
2.0152000000000014
2.0101999999999878
2.0116000000000027
2.0104000000000015
2.0090999999999997
