5.0
5.0
5.0046999999999935
5.010100000000017
5.017999999999991
5.023599999999992
5.031000000000012
5.0365999999999875
5.04410000000002
5.047399999999994
5.054999999999981
5.059399999999993
5.061900000000026
5.068800000000005
5.073600000000021
5.0781999999999945
5.085399999999983
5.0924
5.104999999999996
5.108400000000004
5.1167000000000025
5.124199999999997
5.129500000000024
5.137599999999993
5.147
5.152499999999995
5.160800000000022
5.165999999999984
5.170799999999996
5.180399999999979
5.187999999999987
5.194800000000001
5.199699999999991
5.207799999999983
5.212500000000003
5.218699999999997
5.22599999999999
5.232699999999997
5.238800000000004
5.2450999999999945
5.250599999999987
5.256299999999996
5.262999999999988
5.272399999999969
5.277900000000004
5.287100000000007
5.295900000000009
5.304800000000003
5.312699999999981
5.319199999999989
5.327100000000024
5.337699999999995
5.3467
5.349799999999996
5.342700000000004
5.335000000000005
5.326700000000023
5.320000000000013
5.314599999999997
5.3109000000000055
5.308499999999996
5.299500000000014
5.290200000000023
5.284300000000002
5.2758000000000065
5.2742000000000235
5.272600000000026
5.272199999999999
5.268200000000004
5.261899999999988
5.255900000000004
5.255600000000009
5.253399999999997
5.249200000000018
5.245699999999999
5.240199999999967
5.233700000000004
5.225999999999992
5.22749999999999
5.220699999999987
5.21659999999999
5.2129000000000145
5.210299999999998
5.211600000000006
5.209800000000016
5.208599999999989
5.208599999999977
5.207499999999971
5.210999999999981
5.210299999999984
5.204700000000005
5.204699999999997
5.203600000000015
5.206600000000006
5.206199999999996
5.205800000000001
5.199100000000015
5.199099999999996
5.199400000000021
5.197399999999993
5.197299999999995
5.196699999999988
5.200000000000003
5.207199999999977
5.208999999999995
5.206400000000007
5.206199999999996
5.205299999999994
5.208100000000004
5.214999999999997
5.214500000000001
5.214000000000005
5.211099999999999
5.2146999999999775
5.215100000000013
5.213299999999989
5.2177999999999995
5.221899999999985
5.223600000000005
5.227200000000012
5.2289
5.2263000000000135
5.228100000000008
5.227800000000011
5.2279
5.227299999999984
5.225100000000008
5.225800000000017
5.217899999999983
5.209600000000033
5.198399999999989
5.183399999999996
5.171900000000017
5.162600000000009
5.149699999999998
5.139199999999996
5.133000000000022
5.119500000000005
5.111400000000012
5.099999999999998
5.094300000000006
5.089399999999999
5.0790000000000015
5.070799999999969
5.058399999999992
5.045000000000023
5.03850000000001
5.030600000000009
5.020500000000019
5.017300000000008
5.009599999999987
4.998699999999973
4.99540000000001
4.983900000000003
4.975299999999991
4.962100000000019
4.954399999999995
4.946999999999994
4.937299999999979
4.931500000000007
4.923999999999994
4.9210999999999885
4.91500000000002
4.905100000000011
4.89469999999998
4.883800000000022
4.874000000000003
4.866999999999983
4.859199999999982
4.853500000000005
4.844
4.833900000000008
4.824199999999982
4.81370000000001
4.8041999999999945
4.792900000000006
4.7789000000000055
4.773800000000001
4.763599999999992
4.7589
4.747200000000001
4.735400000000008
4.726599999999988
4.723400000000004
4.713699999999993
4.705999999999978
4.69670000000003
4.689399999999975
4.6788000000000025
4.667700000000011
4.659499999999993
4.650399999999992
4.642600000000003
4.634100000000011
4.625000000000002
4.619100000000003
4.616399999999981
4.613099999999989
4.602000000000021
4.5960999999999945
