4913.0
4913.0
4843.6171
4782.4573
4712.6096
4645.1786
4578.0127
4513.9892
4449.7297
4384.5322
4324.3981
4262.1817
4205.2438
4141.7582
4081.2544
4023.0863
3965.2053
3907.64
3853.3293
3800.1884
3741.0088
3686.7751
3626.9533
3567.6825
3514.6495
3459.8092
3405.4307
3353.0164
3300.9369
3250.061
3200.2655
3148.2024
3097.5463
3042.6254
2993.4034
2943.8377
2893.6039
2847.2624
2802.131
2755.197
2710.3554
2661.484
2615.4133
2570.5265
2524.4559
2479.5208
2433.2411
2390.718
2349.7784
2305.5563
2264.1963
2218.947
2180.3071
2146.867
2128.5658
2108.2529
2085.2237
2064.9853
2045.3317
2025.7019
2004.3668
1986.3583
1969.6916
1952.1112
1934.8092
1914.7603
1898.8689
1880.8437
1863.2106
1847.386
1829.0322
1812.022
1795.753
1779.405
1763.8062
1745.6343
1730.6682
1716.7529
1701.6515
1686.6658
1670.9667
1657.0024
1640.5139
1623.4424
1607.3308
1592.2615
1575.5969
1564.1159
1549.1798
1535.7157
1522.173
1508.2064
1494.8075
1481.1448
1468.8718
1454.7617
1442.2305
1430.5664
1416.8961
1403.525
1392.4195
1379.2505
1368.4443
1358.0682
1346.2927
1335.8378
1322.9053
1311.6973
1300.7013
1288.6357
1276.7171
1262.5705
1251.719
1244.8732
1233.6311
1222.4898
1210.8793
1200.8599
1191.7264
1180.7349
1169.7105
1158.7734
1149.0491
1139.1459
1129.8477
1119.4377
1110.1069
1099.6014
1083.8615
1068.9479
1053.054
1038.7685
1021.9577
1009.3847
995.1971
982.2088
965.6866
951.5957
938.4044
924.8947
914.6599
901.9861
890.0669
877.2287
865.5059
852.9294
841.8496
829.758
818.3213
807.1015
794.8611
783.1811
772.0479
761.3028
753.6816
742.2733
731.3289
719.5074
707.3281
697.8428
687.1086
677.8045
667.1494
656.4089
646.7999
637.0451
629.1576
620.2757
611.3625
604.0235
595.4765
586.9266
579.8904
572.054
563.6209
555.0279
547.3826
539.2015
531.2065
524.5765
517.1463
509.2218
502.4148
494.4922
489.562
483.0258
475.2521
468.3592
460.9851
453.6078
446.7057
440.3622
433.7524
426.4635
421.0413
414.5764
409.5035
404.0408
398.4629
393.9069
