1000.0
1000.0
1005.4705
1013.6874
1020.0802
1027.449
1034.8435
1043.9373
1052.3093
1059.8599
1067.8255
1075.7768
1083.887
1092.9421
1100.8767
1109.3324
1118.7261
1127.8947
1137.3244
1146.8245
1155.6236
1164.8619
1174.2063
1184.5654
1193.7922
1204.6457
1214.6154
1225.2278
1236.2744
1247.7529
1257.2816
1268.4279
1278.7496
1289.3453
1301.464
1313.5815
1324.1474
1334.3148
1346.3911
1356.2079
1368.4367
1380.7891
1393.4354
1405.2885
1417.2547
1431.8484
1442.9695
1456.247
1468.2131
1480.3481
1493.8403
1505.9934
1520.4201
1533.0563
1543.4626
1553.9685
1563.7666
1572.5699
1585.137
1595.9458
1605.9498
1616.8962
1625.8311
1635.3982
1643.2233
1654.3545
1666.3745
1679.1414
1689.1591
1700.7854
1710.9933
1716.5143
1725.8656
1736.0289
1744.907
1755.3213
1766.0768
1776.0102
1788.5826
1799.721
1810.5072
1821.9468
1833.7165
1842.9274
1852.2591
1864.3289
1875.1488
1885.7153
1894.0219
1903.6807
1914.9921
1924.512
1935.5285
1945.4792
1957.9879
1967.0062
1976.6309
1985.9509
1998.1892
2009.5952
2020.6985
2032.3538
2042.4931
2055.5592
2067.6249
2079.6724
2089.5538
2102.8269
2114.405
2127.342
2138.9042
2148.963
2159.0085
2166.4136
2177.8815
2190.3942
2201.6069
2213.4544
2223.9219
2236.8335
2247.2301
2258.4503
2269.0729
2279.3814
2291.6484
2302.5188
2314.675
2327.4298
2343.2685
2361.7931
2379.6454
2399.126
2415.4269
2433.4763
2449.9696
2467.0156
2487.3095
2509.7384
2530.6652
2552.1585
2576.7654
2600.2306
2621.8764
2643.8529
2667.7713
2693.6963
2716.7573
2743.1704
2767.9664
2792.8585
2820.4977
2847.3177
2872.7791
2898.4217
2920.9019
2949.8772
2975.1835
2997.706
3026.2067
3056.9678
3085.3071
3112.3899
3140.5295
3169.5865
3198.4097
3229.9008
3259.3575
3290.9767
3322.9555
3359.8163
3394.8445
3429.1982
3459.5074
3497.6884
3534.4594
3565.2639
3600.6096
3635.4429
3675.0982
3708.5822
3744.1623
3780.4263
3819.4753
3855.573
3894.3298
3935.1377
3971.7708
4009.1637
4047.389
4089.9288
4130.5086
4174.8685
4219.9633
4256.3659
4301.0196
4337.158
4376.7963
4419.2904
4456.4496
4496.3133
