17.0
17.0
16.86030000000014
16.71670000000001
16.579899999999984
16.441200000000045
16.296199999999917
16.151600000000016
16.01250000000002
15.8712
15.7289
15.586199999999995
15.4354
15.285900000000005
15.142300000000006
14.998499999999995
14.8503
14.7007
14.554599999999994
14.4112
14.259399999999983
14.113600000000009
13.97490000000004
13.826500000000015
13.681299999999988
13.531099999999997
13.382400000000011
13.228400000000017
13.072599999999984
12.922400000000017
12.779399999999992
12.623999999999974
12.476800000000015
12.322800000000006
12.17749999999999
12.026200000000005
11.871100000000004
11.721100000000005
11.57050000000003
11.419600000000035
11.266300000000006
11.10780000000003
10.955700000000009
10.804100000000023
10.647699999999974
10.497100000000005
10.350200000000033
10.196499999999995
10.044100000000006
9.890499999999998
9.744500000000023
9.592300000000023
9.441299999999998
9.305000000000021
9.227400000000012
9.151800000000016
9.074800000000003
8.99929999999999
8.920500000000011
8.842799999999988
8.763699999999986
8.679600000000017
8.603100000000008
8.52399999999998
8.442300000000014
8.358899999999979
8.271300000000036
8.190999999999947
8.112499999999939
8.028299999999978
7.944899999999997
7.8628
7.776600000000003
7.692499999999997
7.602600000000002
7.513599999999996
7.425999999999996
7.3413999999999975
7.257300000000009
7.1778999999999975
7.0900000000000025
7.004999999999997
6.9249999999999945
6.840700000000014
6.7656
6.678
6.598800000000006
6.5169
6.435399999999997
6.351900000000005
6.267199999999998
6.183699999999995
6.101499999999996
6.015500000000024
5.933600000000005
5.852800000000005
5.76860000000002
5.684999999999991
5.601300000000014
5.521100000000008
5.441800000000003
5.3578999999999875
5.272000000000022
5.19209999999997
5.1164999999999985
5.034599999999994
4.957900000000024
4.876699999999999
4.799099999999999
4.730900000000018
4.6576
4.584600000000002
4.514100000000005
4.440500000000002
4.366800000000014
4.294599999999998
4.224300000000011
4.144800000000022
4.071000000000007
3.997999999999994
3.9302999999999995
3.854700000000003
3.7891
3.7212999999999994
3.6549999999999985
3.5884
3.5237000000000043
3.4597000000000016
3.4009000000000014
3.3445999999999927
3.2910999999999904
3.238199999999994
3.185599999999999
3.133700000000002
3.080299999999999
3.0315999999999925
2.9893999999999967
2.9401999999999995
2.893899999999997
2.842199999999995
2.796699999999999
2.7471000000000005
2.7009000000000007
2.6582000000000017
2.614700000000008
2.5729999999999986
2.529199999999996
2.4875999999999987
2.4489000000000014
2.4064999999999968
2.369099999999999
2.332900000000003
2.28950000000001
2.2536000000000014
2.2153000000000027
2.1751000000000102
2.1365999999999823
2.0957999999999997
2.0544999999999924
2.01970000000001
1.9860999999999946
1.9560000000000022
1.919499999999997
1.8885999999999996
1.8576000000000008
1.8231000000000008
1.7923999999999995
1.7621000000000007
1.7338999999999993
1.7050000000000023
1.6741
1.6447000000000014
1.6141000000000023
1.584500000000001
1.5541000000000034
1.5316999999999994
1.5052999999999968
1.4814999999999974
1.4606999999999999
1.4380999999999982
1.4173999999999995
1.3958999999999997
1.370700000000002
1.3474000000000024
1.3261000000000003
1.3021999999999994
1.2820999999999971
1.2604999999999944
1.2360999999999986
1.2143000000000028
1.1961
1.1779999999999984
1.1555999999999977
1.1363
1.1167000000000065
1.0979999999999988
1.0777999999999992
1.0636000000000037
1.0476000000000028
1.0294999999999992
