2197.0
2197.0
2195.7606
2196.2936
2198.6403
2200.2022
2200.6513
2203.3574
2208.5266
2211.7792
2218.1484
2223.2988
2229.4883
2238.7741
2244.7882
2252.8232
2263.7242
2272.5718
2281.8315
2294.8227
2305.2224
2318.6197
2332.6445
2345.1579
2359.8407
2373.3687
2388.825
2405.1366
2420.5997
2435.7985
2451.0986
2466.7304
2485.8559
2502.5768
2520.2036
2540.3512
2557.783
2574.2029
2592.6334
2614.3135
2635.6414
2654.7437
2676.2491
2697.4798
2717.7002
2739.0359
2762.6816
2784.1225
2808.8902
2832.2308
2856.6021
2880.6267
2902.2002
2928.3927
2952.5367
2982.8713
3009.4876
3036.9106
3058.6033
3083.6673
3108.4468
3134.3776
3160.9959
3185.0664
3214.1423
3242.8446
3270.8652
3295.9133
3319.2711
3345.7423
3373.185
3399.0685
3426.7429
3454.4365
3484.8934
3516.2746
3542.5732
3573.3785
3602.9758
3630.877
3659.7603
3691.5558
3716.3634
3742.0941
3769.8871
3802.497
3837.7955
3865.844
3899.9499
3929.3031
3964.6586
4003.9929
4035.5792
4069.3803
4102.1276
4135.6092
4171.887
4205.4459
4240.5348
4274.1333
4307.2005
4342.1988
4376.2598
4415.7574
4452.3085
4490.521
4523.0059
4557.2259
4592.335
4628.9196
4665.9981
4702.7892
4742.1665
4777.7783
4815.9912
4861.2091
4898.1666
4936.8772
4970.8471
5008.5243
5048.0526
5084.6659
5121.7062
5158.5979
5205.5295
5251.7527
5296.3394
5336.5842
5380.6977
5424.7711
5463.1665
5506.0407
5555.5158
5600.2634
5641.586
5694.9743
5744.2342
5789.1416
5838.4802
5886.2202
5943.7657
6000.3973
6047.0906
6105.7243
6153.5229
6210.4619
6258.6095
6310.0078
6361.6508
6418.3188
6467.8297
6518.4069
6572.8565
6629.1477
6682.1422
6740.9808
6796.8499
6851.2321
6906.5882
6960.634
7014.2258
7066.0728
7126.9837
7183.4548
7247.1151
7307.1867
7360.8974
7419.7231
7472.419
7535.432
7590.496
7652.6736
7711.9011
7776.4353
7839.2252
7900.457
7968.7141
8036.5361
8092.7707
8156.0579
8218.2333
8285.1794
8357.3244
8421.776
8488.8018
8548.622
8615.6063
8681.1748
8731.9029
8800.1678
8868.8042
8936.1227
9011.6912
9084.5692
9155.9405
9229.5098
9303.9307
9378.3672
9443.2199
9514.0503
