12167.0
12167.0
12098.4974
12032.9641
11969.5039
11903.2605
11838.1995
11776.219
11712.4672
11651.304
11598.5018
11545.0965
11488.2938
11435.1921
11378.1897
11326.8783
11276.1983
11224.2484
11175.505
11122.3293
11072.6038
11033.2689
10987.3781
10941.7822
10894.5021
10849.3026
10805.8904
10759.4723
10712.8117
10671.3608
10625.2846
10581.3856
10546.2945
10502.4194
10460.2127
10422.26
10376.3474
10337.8579
10296.616
10257.4882
10219.6978
10181.4233
10140.3823
10105.9231
10068.0872
10028.6492
9991.1309
9952.5456
9916.8458
9883.1619
9845.0385
9800.5947
9763.4587
9726.9115
9691.8313
9665.3088
9636.5746
9601.2602
9575.7657
9545.2817
9517.399
9484.9922
9451.0562
9422.3966
9396.5523
9362.0777
9328.4857
9300.9578
9278.6494
9244.9483
9222.1853
9192.8705
9163.7993
9139.104
9111.3642
9082.7523
9055.0202
9027.7084
9002.8097
8976.0023
8940.865
8918.1933
8891.0582
8866.8096
8840.12
8812.3493
8785.4669
8761.1449
8737.6893
8710.7545
8687.0556
8657.7583
8628.9543
8599.1235
8573.8452
8546.6604
8517.2515
8492.6729
8461.3828
8435.1349
8413.3857
8389.939
8366.0535
8341.4719
8322.3885
8303.4968
8276.9628
8253.325
8229.8469
8202.6181
8177.7982
8158.2741
8130.9131
8108.8533
8083.1024
8057.1789
8035.4142
8008.9475
7987.7672
7967.4636
7946.208
7924.7673
7903.4835
7876.8799
7856.2215
7833.0372
7807.4189
7776.7424
7731.7678
7684.3683
7645.2438
7600.579
7557.0135
7512.1004
7465.8457
7415.732
7371.9418
7326.8609
7287.8527
7235.8705
7193.2796
7148.4168
7104.0791
7062.8464
7018.4746
6977.5283
6930.3489
6888.371
6849.2835
6807.3706
6769.587
6731.3785
6690.2318
6647.2656
6610.4258
6572.3609
6536.804
6499.0129
6458.4545
6412.047
6376.908
6343.1318
6305.1592
6271.3253
6238.1713
6205.5034
6165.1148
6129.4162
6095.1315
6058.5647
6026.2132
5988.3403
5958.9078
5923.0785
5887.873
5854.0275
5824.6332
5789.6827
5757.8853
5723.4142
5690.6523
5655.4681
5623.0751
5586.9196
5554.1463
5522.5506
5489.6542
5462.7821
5429.4099
5396.7665
5364.6379
5334.8463
5305.4875
5272.7404
5237.6191
5208.6797
5177.5858
5152.6807
5128.3034
5096.6376
