0.0
0.0
3.0E-4
6.0E-4
0.001
0.0017
0.0018
0.0023
0.003
0.0035
0.0038
0.0043
0.0057
0.0062
0.007
0.0077
0.0091
0.01
0.0108
0.0116
0.0129
0.0135
0.014
0.0152
0.0159
0.0173
0.018
0.0187
0.0192
0.0204
0.0209
0.0218
0.0226
0.0237
0.0255
0.0274
0.0295
0.0304
0.0309
0.0323
0.0336
0.0345
0.0354
0.0367
0.0382
0.0394
0.0406
0.0432
0.0454
0.0473
0.0502
0.0516
0.0525
0.0549
0.0565
0.058
0.0591
0.0601
0.0651
0.0679
0.0703
0.0719
0.0736
0.0759
0.0782
0.0806
0.0824
0.0856
0.0909
0.0932
0.0953
0.0975
0.1009
0.104
0.1084
0.1137
0.121
0.1274
0.1309
0.1339
0.1392
0.1411
0.1467
0.1506
0.1562
0.1635
0.1698
0.1732
0.1824
0.1882
0.1955
0.2024
0.2075
0.2136
0.2206
0.2292
0.2342
0.2433
0.2468
0.258
0.2664
0.2799
0.2949
0.2999
0.3095
0.3153
0.3214
0.3352
0.3455
0.3571
0.3677
0.3754
0.3878
0.3981
0.4075
0.4188
0.4296
0.4401
0.4612
0.4762
0.4943
0.5041
0.5215
0.5361
0.547
0.5593
0.5839
0.5963
0.6068
0.6141
0.6273
0.6381
0.6443
0.6599
0.6717
0.6871
0.6992
0.711
0.7175
0.738
0.7552
0.7704
0.7925
0.8097
0.8278
0.844
0.8539
0.862
0.8743
0.9009
0.9165
0.9321
0.9462
0.9603
0.9759
0.9944
1.0063
1.0231
1.0387
1.0564
1.0746
1.098
1.1024
1.1191
1.1429
1.1585
1.1774
1.2033
1.2191
1.2428
1.2605
1.2942
1.3104
1.3219
1.3376
1.3497
1.3708
1.3983
1.4098
1.4286
1.4513
1.461
1.4809
1.4891
1.5167
1.5442
1.5669
1.5744
1.5873
1.6045
1.6185
1.6468
1.6723
1.6946
1.718
1.7249
1.741
1.764
1.7874
1.8021
