1.0
1.0
0.98
0.9587
0.9397
0.9165
0.896
0.8781
0.8632
0.8463
0.8284
0.8168
0.8003
0.785
0.7672
0.7512
0.7369
0.7257
0.7128
0.6972
0.6857
0.6708
0.6598
0.6479
0.6359
0.6263
0.6162
0.608
0.5953
0.5843
0.5737
0.5644
0.5527
0.5457
0.5383
0.524
0.5141
0.5054
0.5009
0.4971
0.4924
0.4836
0.4754
0.4652
0.4601
0.4519
0.4475
0.4387
0.4299
0.4282
0.4223
0.4166
0.4091
0.4023
0.3996
0.4016
0.3994
0.3972
0.396
0.3907
0.3885
0.3863
0.385
0.3858
0.3853
0.3829
0.3838
0.3808
0.3803
0.3792
0.3772
0.3799
0.3778
0.3758
0.3758
0.374
0.3712
0.369
0.3677
0.3675
0.3664
0.3657
0.3618
0.3596
0.3556
0.3536
0.3552
0.3584
0.3596
0.3569
0.3608
0.3573
0.3561
0.3528
0.3559
0.3561
0.3534
0.3525
0.3552
0.3526
0.3529
0.3511
0.3497
0.3544
0.3521
0.3507
0.3474
0.3442
0.3452
0.3413
0.3404
0.3422
0.3485
0.3488
0.3506
0.3539
0.3562
0.3565
0.3559
0.3555
0.354
0.3498
0.3502
0.3447
0.3481
0.3458
0.3444
0.3411
0.3417
0.3383
0.3383
0.3378
0.335
0.3352
0.3346
0.3353
0.3409
0.3452
0.3482
0.3459
0.3498
0.3508
0.3551
0.3549
0.3567
0.3576
0.3573
0.3587
0.3628
0.3661
0.3653
0.366
0.3703
0.371
0.3723
0.3733
0.3755
0.3786
0.3797
0.3754
0.3743
0.375
0.3737
0.3727
0.3713
0.3685
0.3696
0.37
0.3733
0.374
0.372
0.3725
0.3718
0.3718
0.3695
0.3667
0.3702
0.3699
0.3716
0.3745
0.3757
0.3713
0.3739
0.3773
0.3813
0.3829
0.3872
0.3904
0.3921
0.3803
0.3816
0.3821
0.3843
0.3866
0.3891
0.3881
0.3901
0.387
0.3848
0.3859
