36.0
36.0
35.6163
35.2542
34.8646
34.4646
34.0912
33.7367
33.3892
33.0165
32.6522
32.3211
32.0157
31.6933
31.3704
31.0547
30.7324
30.415
30.1325
29.7866
29.4658
29.1803
28.8919
28.6099
28.3014
28.0102
27.7742
27.5458
27.2841
26.9785
26.7424
26.4454
26.1635
25.9117
25.6495
25.3748
25.1446
24.92
24.6592
24.4858
24.2482
24.0115
23.7638
23.5428
23.316
23.0532
22.8006
22.6054
22.3912
22.1749
21.9534
21.72
21.5007
21.3188
21.2257
21.181
21.1974
21.2141
21.1882
21.1944
21.2123
21.2375
21.221
21.2297
21.2413
21.2892
21.3085
21.3051
21.3533
21.3507
21.3761
21.4045
21.4261
21.4522
21.4784
21.5162
21.5617
21.5855
21.6084
21.6248
21.6463
21.6656
21.6844
21.7187
21.7561
21.7927
21.8451
21.8906
21.9495
21.9676
21.991
22.0441
22.0699
22.0959
22.1115
22.1396
22.1747
22.2393
22.2778
22.3263
22.3587
22.4041
22.4599
22.4962
22.5265
22.5677
22.5674
22.6082
22.6393
22.6887
22.7138
22.7593
22.7846
22.8266
22.8504
22.8789
22.9203
22.9525
23.0048
23.0281
23.0699
23.1509
23.183
23.1938
23.2306
23.2704
23.3307
23.3609
23.3342
23.2908
23.1993
23.1246
23.0561
23.0023
22.9271
22.8629
22.7868
22.718
22.6318
22.5616
22.4308
22.3009
22.193
22.0972
22.0052
21.9063
21.7979
21.7222
21.6126
21.4971
21.4022
21.2669
21.1798
21.0869
20.9715
20.8813
20.7739
20.6653
20.5688
20.4889
20.3642
20.2359
20.1261
20.0017
19.9023
19.7658
19.6671
19.5484
19.4666
19.3576
19.2481
19.1248
19.0259
18.8921
18.7804
18.6552
18.536
18.4385
18.3139
18.2035
18.0689
17.966
17.8609
17.774
17.673
17.551
17.4358
17.343
17.2356
17.1229
17.0143
16.9067
16.787
16.6787
16.5853
16.4759
16.3558
16.2269
16.1127
15.987
