0.0
0.0
0.0045
0.0079
0.0125
0.0151
0.0151
0.0165
0.0192
0.0223
0.0251
0.0257
0.0265
0.0279
0.0312
0.0317
0.0322
0.0337
0.0358
0.0365
0.0348
0.0356
0.0362
0.037
0.039
0.0418
0.0434
0.0449
0.0435
0.0442
0.0451
0.0425
0.0409
0.0433
0.0435
0.0431
0.0453
0.049
0.0495
0.0518
0.0521
0.0529
0.0528
0.0543
0.054
0.0529
0.0531
0.0523
0.0545
0.0575
0.0573
0.054
0.0574
0.0569
0.0588
0.0666
0.071
0.0727
0.0755
0.0785
0.0796
0.0815
0.0843
0.085
0.0917
0.0945
0.0976
0.1038
0.1102
0.1108
0.1153
0.1183
0.1194
0.1243
0.1269
0.131
0.1341
0.1387
0.1421
0.1452
0.1443
0.146
0.1452
0.1486
0.1495
0.1513
0.1523
0.1575
0.1601
0.1572
0.1543
0.159
0.1615
0.1637
0.1638
0.1639
0.1711
0.1757
0.1766
0.1796
0.1816
0.1823
0.1833
0.1801
0.1789
0.1849
0.184
0.1825
0.1807
0.1799
0.1807
0.1773
0.1792
0.18
0.1799
0.1792
0.1842
0.1869
0.1889
0.1917
0.1989
0.1988
0.2017
0.1964
0.1991
0.2012
0.1994
0.1963
0.2074
0.214
0.2203
0.2199
0.23
0.2332
0.2411
0.2442
0.2487
0.2528
0.2562
0.2536
0.2557
0.2541
0.2561
0.2599
0.2648
0.2627
0.2713
0.2703
0.2729
0.2778
0.2811
0.2853
0.2796
0.2838
0.2841
0.2834
0.2903
0.2911
0.297
0.298
0.3015
0.3014
0.3051
0.3088
0.3098
0.3119
0.3166
0.3205
0.3267
0.3231
0.3204
0.3205
0.3208
0.3186
0.3285
0.3311
0.3364
0.3336
0.3367
0.3358
0.3368
0.3346
0.3356
0.3399
0.3481
0.3495
0.3529
0.3535
0.3533
0.3523
0.3508
0.3475
0.3475
0.3427
0.3412
0.345
0.3454
0.3501
0.3501
0.3463
