289.0
289.0
291.145
293.5231
295.682
298.0028
300.4852
302.8773
305.3774
307.9698
310.7345
313.0983
315.6696
318.3376
320.913
323.7365
326.5436
329.0332
331.9934
334.9082
337.9206
340.9286
344.1287
346.9259
349.787
353.0415
355.8803
359.1092
362.4551
365.7865
368.9081
371.8733
374.8918
378.1164
381.1596
384.4255
387.7157
391.1581
394.6096
398.2289
401.6128
405.0336
408.5274
411.8065
415.4334
418.8949
422.6615
426.3742
429.9846
433.5982
437.241
440.9181
444.7988
448.2774
450.8982
453.4982
455.9071
458.7142
461.2095
464.0398
466.5466
469.0275
471.5915
474.0651
476.8537
479.0904
481.3145
483.6426
485.8978
488.4163
490.7326
493.0767
495.496
497.6979
500.0914
502.2794
504.4616
506.6476
508.756
510.8889
513.0063
515.0811
517.2868
519.2882
521.6076
523.8125
525.7586
527.8633
529.8084
532.1322
534.1029
536.0212
538.1138
540.0545
541.8814
543.6523
545.7336
548.0438
549.837
552.0022
554.1043
555.9679
558.2002
560.2448
562.1292
563.9045
565.7942
567.998
570.0133
571.6797
573.6827
575.4044
577.4327
579.2901
581.1899
583.1294
585.1038
587.0167
588.8207
590.6705
592.5106
594.2449
596.1468
598.0805
599.8604
601.9865
603.6098
605.678
607.9692
610.1985
612.8047
614.7288
616.905
619.1424
621.4648
623.6776
625.7811
627.7072
629.902
632.2775
634.2568
636.4686
638.5395
640.6695
642.6971
644.8557
647.1092
649.0417
651.2013
653.1643
655.7326
657.7015
659.5793
661.8143
663.6103
665.6589
667.4324
669.6026
671.5398
673.5416
675.3293
677.501
679.3532
681.2261
683.1159
684.9956
686.8662
689.0108
690.6135
692.4647
694.369
696.5749
698.5226
700.1148
702.1637
704.0001
705.8122
707.6255
709.7398
711.5458
713.5166
715.1781
716.9378
718.6019
720.2859
722.3906
724.1012
726.1254
727.9641
729.7436
731.327
733.1876
734.9566
736.7974
738.5633
740.2504
741.9865
743.6642
745.59
747.3649
