9.0
9.0
9.030100000000031
9.063100000000047
9.089000000000047
9.111799999999961
9.141200000000012
9.168600000000021
9.192399999999994
9.220000000000073
9.243100000000025
9.265200000000043
9.286100000000062
9.310000000000029
9.3297
9.347499999999975
9.365499999999962
9.387200000000064
9.406000000000008
9.423699999999991
9.443000000000012
9.458499999999985
9.478200000000026
9.498900000000031
9.51640000000002
9.533700000000037
9.54869999999999
9.571600000000004
9.587400000000025
9.602199999999954
9.612200000000021
9.626700000000008
9.639400000000004
9.655999999999983
9.671199999999954
9.689200000000024
9.702599999999986
9.719300000000025
9.732700000000031
9.749399999999996
9.763200000000063
9.777200000000002
9.796300000000036
9.815999999999992
9.833299999999955
9.84259999999999
9.85809999999997
9.87010000000002
9.88529999999998
9.902800000000038
9.918599999999968
9.934199999999983
9.95310000000001
9.965199999999978
9.974300000000028
9.982100000000056
9.993800000000071
9.9973
9.999200000000013
10.008099999999978
10.017599999999973
10.028099999999995
10.036199999999985
10.04449999999999
10.053500000000044
10.069999999999963
10.075899999999978
10.089200000000023
10.103599999999991
10.114899999999999
10.127200000000009
10.138600000000032
10.149899999999993
10.15730000000002
10.166100000000013
10.177099999999989
10.190899999999957
10.204400000000014
10.219099999999994
10.231099999999982
10.242600000000047
10.255200000000004
10.269100000000043
10.287400000000003
10.302100000000015
10.316099999999999
10.32760000000005
10.340399999999994
10.356000000000014
10.368999999999957
10.382199999999997
10.39740000000004
10.409200000000004
10.42249999999994
10.442299999999998
10.455700000000027
10.46979999999996
10.489499999999989
10.503800000000004
10.520299999999969
10.534899999999984
10.551600000000033
10.563700000000026
10.582499999999982
10.594600000000003
10.616800000000046
10.634899999999954
10.649099999999995
10.666699999999992
10.67949999999997
10.697300000000007
10.714199999999972
10.72719999999998
10.74609999999997
10.75929999999999
10.783299999999993
10.799600000000012
10.819799999999944
10.844500000000002
10.865400000000045
10.88379999999997
10.89870000000001
10.916200000000016
10.934199999999986
10.95099999999997
10.968999999999996
10.985100000000026
11.010299999999988
11.0477
11.090799999999943
11.131099999999995
11.167300000000013
11.205599999999977
11.243500000000003
11.283199999999947
11.318100000000006
11.352099999999993
11.387499999999982
11.42749999999998
11.465500000000018
11.496299999999998
11.528899999999958
11.563899999999988
11.598600000000024
11.62600000000001
11.663999999999962
11.695000000000052
11.729700000000014
11.762699999999978
11.798300000000031
11.837399999999985
11.873300000000011
11.906799999999995
11.942800000000029
11.976200000000018
12.010699999999982
12.04170000000001
12.074200000000005
12.110399999999984
12.145499999999984
12.183300000000056
12.217199999999986
12.248599999999984
12.280400000000009
12.314899999999998
12.347799999999983
12.387400000000007
12.420600000000022
12.460899999999988
12.490999999999998
12.527000000000006
12.558799999999977
12.592600000000019
12.628099999999973
12.660299999999992
12.690599999999975
12.72570000000003
12.758299999999995
12.79029999999999
12.824100000000005
12.854999999999993
12.884200000000027
12.913399999999951
12.94330000000003
12.978299999999972
13.01119999999997
13.041300000000007
13.073700000000049
13.106
13.138
13.171999999999956
13.202499999999997
13.233300000000003
13.262
13.291300000000005
13.315100000000012
13.346199999999971
13.378399999999994
13.411300000000024
13.446400000000006
