900.0
900.0
899.6733
899.1648
897.8821
897.1742
896.5734
895.895
895.1135
894.4234
894.0782
893.2933
892.6642
892.0213
890.7717
889.8665
888.6835
887.4369
886.3724
885.3095
884.2481
883.1206
882.0692
880.6538
879.4265
878.2018
876.778
875.5714
874.3363
873.2555
871.738
870.6039
869.5388
867.9892
867.09
865.4319
864.145
862.4505
861.1241
859.62
858.4222
856.7501
855.2606
853.6293
852.3588
851.117
849.8689
848.1705
846.8936
845.552
843.8284
842.505
841.2208
840.0237
839.6938
839.2053
838.7712
838.4937
837.9152
837.4882
836.843
835.9809
835.0022
834.363
833.6424
832.7051
831.6125
830.5741
829.5903
828.6411
827.5001
826.8554
825.6424
824.5531
823.2309
821.9495
820.6457
819.2177
818.0029
816.7886
815.5144
814.4772
812.8626
811.5537
810.2838
808.8166
807.5444
806.0267
804.3812
802.739
801.5598
799.9877
798.524
796.7558
795.3733
794.0765
792.2668
790.6523
789.1781
787.6573
785.9993
784.4199
782.8443
781.2392
779.6732
777.974
776.2725
774.5225
772.8666
771.273
769.6083
767.9858
766.3347
764.7882
763.1261
761.2462
759.3085
757.787
755.8908
754.229
752.6456
750.6526
748.9387
747.3319
745.5376
743.6897
742.1109
739.71
737.1344
734.2053
731.8356
729.0728
726.2807
723.6989
721.0071
718.5807
715.5365
713.0475
710.5947
707.8658
705.0171
702.6041
699.786
697.3346
694.8844
692.4701
690.5382
688.2964
685.9771
683.6351
681.18
678.8225
676.5511
674.4684
671.8081
669.303
666.8973
664.0965
661.8936
659.4472
657.4624
655.0743
652.965
650.7043
648.3218
646.1993
644.0899
641.672
639.1455
636.9329
634.6861
632.3007
629.9532
627.4685
624.9434
622.8256
620.4856
618.5649
616.4018
614.2056
611.9486
609.8541
607.5355
605.2282
603.0037
600.6245
598.4167
596.0216
593.8612
591.4756
589.4121
587.1089
584.897
582.9084
580.989
579.0837
577.043
575.0097
572.8565
570.89
