289.0
289.0
284.4819
279.8743
275.5369
271.1768
266.6434
262.1568
257.8677
253.5574
249.2765
245.008
240.5512
236.1599
232.0041
227.8419
223.6557
219.4301
215.3382
211.3676
207.217
203.256
199.5633
195.6389
191.8101
187.9365
184.088
180.1712
176.279
172.6086
169.0886
165.3148
161.7914
158.1788
154.8261
151.3372
147.8647
144.5027
141.2065
137.9016
134.6323
131.255
128.1649
125.0853
121.9259
118.9449
116.0552
113.0977
110.2551
107.3377
104.6959
101.9615
99.2893
96.9004
95.59
94.2756
92.9738
91.7241
90.4267
89.1504
87.8129
86.4614
85.1979
83.9146
82.6329
81.3117
79.9341
78.7462
77.5391
76.2659
75.0157
73.8254
72.5188
71.2877
69.9606
68.6704
67.4158
66.2228
65.0643
64.0039
62.81
61.6424
60.5352
59.3839
58.3772
57.2562
56.2542
55.2083
54.2206
53.1763
52.1446
51.1297
50.1245
49.0997
48.1576
47.203
46.2186
45.2318
44.2999
43.4225
42.4962
41.5595
40.6326
39.7705
38.9473
38.0574
37.2599
36.4111
35.6089
34.9259
34.1512
33.375
32.6507
31.9229
31.2026
30.4796
29.7951
29.0184
28.2996
27.6128
27.0051
26.3333
25.7315
25.1189
24.5
23.923
23.3343
22.7403
22.2243
21.7016
21.2223
20.755
20.317
19.8689
19.4305
19.0302
18.664
18.2652
17.8993
17.4898
17.1153
16.7053
16.3575
16.0124
15.6871
15.3684
15.0382
14.7268
14.4437
14.1405
13.8573
13.5695
13.2413
12.9648
12.6847
12.3715
12.0898
11.8148
11.5175
11.2961
11.0539
10.8288
10.5867
10.366
10.1464
9.9057
9.6628
9.4565
9.2413
9.0492
8.8511
8.6523
8.4437
8.2361
7.9999
7.8315
7.6723
7.5103
7.3695
7.2189
7.0992
6.9455
6.7753
6.632
6.5003
6.3332
6.1939
6.0485
5.8995
5.7617
5.6559
5.5288
5.3714
5.2361
5.1317
4.9974
4.8694
4.764
4.6606
4.5539
