15.0
15.0
14.991900000000012
14.982800000000006
14.973300000000005
14.964199999999995
14.9541
14.944500000000005
14.9358
14.927800000000007
14.9188
14.909300000000004
14.899000000000015
14.891299999999994
14.8806
14.871900000000005
14.8642
14.856599999999995
14.845900000000011
14.838100000000015
14.829500000000007
14.819999999999995
14.810200000000004
14.800299999999995
14.792199999999994
14.783100000000008
14.773199999999989
14.763699999999991
14.7548
14.746899999999991
14.737700000000014
14.728100000000003
14.720299999999996
14.7129
14.703699999999989
14.694300000000018
14.685699999999983
14.677600000000004
14.6694
14.660499999999994
14.65150000000001
14.642599999999991
14.6333
14.625299999999994
14.6189
14.608300000000003
14.6003
14.592700000000002
14.584699999999986
14.5746
14.567699999999983
14.558499999999974
14.548200000000008
14.540200000000006
14.533099999999989
14.526800000000005
14.5232
14.517799999999994
14.511700000000017
14.507999999999976
14.503399999999994
14.498
14.492899999999993
14.488100000000017
14.483199999999995
14.478299999999985
14.4732
14.469399999999979
14.464899999999988
14.458299999999989
14.452999999999994
14.448099999999991
14.4438
14.439299999999994
14.435300000000005
14.429999999999982
14.4245
14.420499999999993
14.415599999999989
14.411499999999982
14.406600000000008
14.401299999999994
14.396999999999979
14.391
14.386600000000014
14.382500000000006
14.376999999999994
14.373699999999994
14.370300000000023
14.364600000000006
14.359899999999994
14.354799999999997
14.350300000000017
14.345900000000006
14.340899999999989
14.336000000000002
14.33130000000001
14.32569999999998
14.321499999999988
14.315999999999994
14.311700000000029
14.307599999999988
14.3027
14.297399999999989
14.293899999999988
14.28920000000002
14.284400000000003
14.280800000000006
14.2753
14.270299999999983
14.265300000000005
14.260400000000011
14.256199999999994
14.2535
14.249200000000013
14.245800000000012
14.2419
14.237499999999969
14.231500000000018
14.2278
14.2232
14.2192
14.214500000000008
14.210900000000015
14.206399999999995
14.202699999999988
14.197100000000011
14.18789999999998
14.170399999999988
14.1486
14.125699999999977
14.108000000000006
14.08479999999998
14.065599999999982
14.045199999999985
14.025299999999977
14.004600000000005
13.983299999999995
13.959600000000005
13.939799999999995
13.917400000000006
13.895499999999988
13.8738
13.85219999999999
13.829000000000002
13.807799999999988
13.788100000000012
13.765600000000012
13.745299999999977
13.723400000000012
13.702199999999976
13.680699999999995
13.660300000000008
13.638400000000008
13.615700000000018
13.595800000000015
13.572
13.5523
13.531799999999993
13.506999999999998
13.48350000000002
13.462499999999995
13.443199999999976
13.421599999999977
13.4014
13.3796
13.3599
13.338099999999976
13.317599999999988
13.294900000000018
13.272199999999964
13.249300000000027
13.228300000000003
13.209400000000018
13.185300000000012
13.164000000000012
13.144400000000008
13.122299999999944
13.101699999999996
13.079599999999983
13.059099999999976
13.041700000000018
13.017800000000026
12.997300000000008
12.974999999999993
12.953200000000022
12.93210000000003
12.911999999999999
12.888899999999982
12.866400000000016
12.843000000000018
12.820699999999997
12.7969
12.77629999999996
12.755599999999989
12.73369999999999
12.710299999999966
12.687399999999977
12.665000000000001
12.640700000000017
