4913.0
4913.0
4803.4659
4692.5485
4589.2681
4486.2528
4379.5982
4274.7128
4174.9383
4075.6932
3978.3863
3881.922
3782.2114
3684.3585
3593.1439
3501.5985
3411.6063
3320.5927
3233.2942
3149.2822
3062.4742
2980.015
2904.4725
2824.6453
2746.9255
2669.8277
2593.0392
2516.0918
2440.8256
2371.0718
2303.7504
2232.2286
2166.3304
2099.682
2038.7927
1975.7626
1914.5341
1854.9133
1797.5131
1740.0292
1684.2799
1626.7164
1576.1217
1525.3799
1473.9745
1425.9871
1379.6468
1332.7369
1288.5733
1242.5509
1202.8199
1161.8791
1122.0981
1086.6632
1067.925
1048.6668
1029.802
1012.1261
993.8679
975.6846
956.3563
937.5792
919.5225
901.5694
883.9269
865.6413
846.5919
831.2086
814.8707
797.7675
780.9741
765.4702
747.9684
731.9177
714.2406
697.8916
681.6952
666.5278
651.8355
638.9725
624.061
609.2862
595.1032
580.3801
567.855
554.3076
542.4468
529.7007
518.2654
505.9389
493.9388
482.0605
470.3425
458.5019
447.9044
436.8916
425.5628
414.2634
404.0997
394.7105
384.0466
373.6529
363.4144
354.2001
345.2583
335.7048
327.3847
318.2981
309.8679
302.7809
294.6262
286.269
278.5233
271.0865
263.7882
256.1812
249.3675
241.6998
234.135
227.5112
221.5803
215.1519
209.2723
203.1757
197.1406
191.6878
186.0665
180.4075
175.5943
170.54
166.0087
161.5638
157.5182
153.3995
149.5295
146.0626
142.5992
139.1132
135.8785
132.2586
128.9419
125.2587
122.2851
119.2376
116.5841
113.7884
110.8388
108.0522
105.8931
103.4309
101.1225
98.5813
95.7929
93.5592
91.2835
88.7581
86.3688
84.2586
81.8521
80.1283
78.1177
76.263
74.4937
72.7876
70.8696
68.8407
66.6482
64.9943
63.3245
61.8766
60.3757
58.8571
57.2149
55.5533
53.5195
52.2431
51.1805
49.8139
48.8013
47.7227
46.8746
45.7053
44.4105
43.3492
42.4831
41.168
40.2089
39.1175
38.0551
37.1321
36.3633
35.2988
34.0266
32.9657
32.2885
31.2696
30.3026
29.4778
28.713
28.0007
