343.0
343.0
350.4039
358.6136
367.4766
375.1489
383.3948
390.9977
399.3366
407.4291
415.3692
423.4973
431.3123
438.9266
446.6434
454.9205
462.3734
469.9635
478.8926
486.4
494.4099
502.338
510.321
518.3281
526.1809
533.5389
541.2581
549.292
557.8192
565.2963
573.3422
581.9958
589.8352
597.8481
605.5759
613.4601
621.6622
630.0746
638.4308
645.7401
654.1607
663.2362
671.592
679.7371
688.2734
696.4605
705.1678
713.4744
721.5395
731.0515
740.3271
748.8497
757.366
766.5013
774.0584
782.6114
791.0674
799.5402
806.9856
815.4096
823.6293
831.804
839.83
848.2614
856.8802
865.2718
873.3591
880.743
889.2026
896.965
905.2879
912.8342
920.4956
928.6201
936.8182
944.4297
951.4753
959.9676
967.8493
975.9771
984.9156
993.9451
1001.8554
1009.7794
1018.4495
1026.4591
1033.5743
1041.7707
1050.4992
1058.5623
1067.2097
1075.3467
1085.037
1092.8183
1101.1431
1109.0407
1117.3048
1125.315
1133.6981
1142.9181
1151.0804
1159.1338
1167.1746
1175.4452
1183.9528
1191.9763
1201.0683
1211.1256
1219.1964
1228.2138
1236.849
1245.173
1254.6119
1263.5029
1272.8774
1282.0092
1291.0277
1299.5177
1308.1051
1316.7894
1325.9599
1335.006
1343.3768
1352.393
1362.2254
1370.6056
1378.8226
1388.7622
1398.6896
1408.835
1419.3758
1429.7498
1440.7559
1451.2069
1461.1057
1470.745
1482.7029
1494.043
1505.0756
1516.799
1527.2595
1538.9374
1551.404
1562.5107
1574.5916
1587.2444
1598.2003
1610.4963
1622.2749
1633.6846
1646.2624
1658.3511
1669.8103
1682.1914
1693.586
1705.4807
1718.8739
1731.2459
1743.3096
1755.3013
1768.4698
1780.5261
1793.9255
1806.5102
1819.535
1833.6417
1846.3341
1859.1134
1872.1264
1885.3165
1897.943
1910.9018
1922.1368
1935.0064
1948.0763
1961.7423
1976.2892
1990.9058
2004.3993
2019.6534
2032.7683
2046.2712
2060.7512
2074.791
2090.6362
2105.7965
2120.3273
2134.9339
2148.2011
2162.7772
2178.3986
2191.3186
2205.5668
2221.1503
2235.6775
2251.1252
2264.1617
2278.8123
2294.7526
2311.2791
