27.0
27.0
26.8514
26.7272
26.6037
26.5355
26.4348
26.3952
26.3959
26.412
26.3278
26.294
26.365
26.4695
26.5549
26.5843
26.7451
26.8519
26.8767
27.0095
27.2106
27.283
27.4732
27.6493
27.8775
27.9786
28.1666
28.3087
28.5915
28.796
29.0481
29.2505
29.5875
29.8587
30.1952
30.5528
30.8192
31.2998
31.5697
31.8932
32.2263
32.7304
33.1053
33.4206
33.819
34.2708
34.5813
34.873
35.1653
35.5086
35.8307
36.2564
36.7062
37.084
37.7724
38.3862
39.1707
39.7773
40.4337
41.1241
41.9534
42.6693
43.3781
44.09
44.9025
45.601
46.4179
47.05
47.7836
48.5524
49.4552
50.2904
51.0841
51.9128
52.7652
53.6206
54.5377
55.5412
56.4394
57.3679
58.1707
59.3787
60.4373
61.2619
62.4419
63.3772
64.4299
65.4301
66.7425
67.9044
68.83
69.7629
70.8616
72.1327
73.4784
74.6343
75.6101
76.814
77.9952
79.2981
80.538
81.7307
82.9372
84.2741
85.4034
86.7485
88.1811
89.5157
91.0391
92.3032
93.7602
95.4325
97.0538
98.5159
100.0838
101.622
103.1455
104.5701
105.9262
107.6065
109.3346
111.1253
112.6691
114.3465
116.0346
117.5297
119.4721
121.3424
123.3221
125.5604
128.0929
130.2587
132.6957
135.0747
137.7703
140.4273
143.3508
146.4108
148.7953
151.7273
154.5376
157.8201
160.6163
164.0725
167.4631
170.4676
173.632
176.5827
180.2403
183.9075
186.8459
190.2884
194.0761
197.4494
201.347
204.9026
209.0528
213.0107
217.7665
222.022
225.8278
229.7066
233.7198
237.8018
242.5802
247.1037
251.0757
255.0701
259.4087
264.1069
268.4589
273.0006
277.7951
281.9563
286.6498
291.338
296.0766
300.9293
305.5629
310.5905
315.1062
320.0652
325.2231
330.8603
335.814
341.3161
346.1838
351.9567
357.0482
362.5298
368.1542
373.9799
379.7249
385.475
392.0145
397.4198
402.9559
409.2366
414.981
421.0332
