729.0
729.0
730.2017
733.8854
738.063
741.3299
743.5897
748.0816
752.3413
757.5754
760.7761
766.3158
773.0214
778.0972
783.8609
791.4515
798.7233
805.1067
813.9995
822.272
829.7065
835.6908
844.4807
852.1788
863.0087
873.8035
883.1963
894.4195
904.9212
914.2058
922.2746
933.3293
946.195
957.361
968.4025
977.8752
988.3233
1001.0249
1013.2758
1026.5325
1038.5596
1051.9351
1064.3802
1078.7473
1091.8902
1104.8795
1118.5539
1134.3439
1148.3521
1163.1752
1176.8005
1193.2535
1208.7821
1224.9505
1243.0679
1262.291
1279.3103
1297.3987
1312.2237
1329.1325
1346.2482
1365.2114
1382.3815
1399.3933
1418.4006
1435.4058
1451.9643
1470.0128
1488.4392
1507.7324
1524.1021
1541.9845
1558.8971
1576.8001
1593.6677
1610.0214
1630.1768
1649.5455
1669.3131
1686.6288
1706.895
1728.3268
1746.7519
1763.5795
1781.9062
1802.7863
1823.6384
1842.923
1861.0532
1881.3986
1898.2554
1920.3023
1943.1513
1961.3101
1983.9848
2003.5171
2026.0179
2043.5977
2063.9925
2084.1611
2107.1004
2128.5431
2147.1494
2171.1372
2191.5639
2214.1343
2233.791
2254.2823
2277.5846
2298.5718
2321.0192
2345.1343
2371.1413
2393.3542
2417.7509
2442.1621
2463.5787
2489.9794
2513.9698
2539.818
2564.777
2582.9251
2604.9068
2628.6044
2648.4495
2668.5589
2689.1618
2716.026
2742.9115
2771.4279
2800.9632
2830.7189
2862.3382
2891.364
2918.0215
2946.128
2971.993
3004.5569
3034.8311
3062.5138
3093.0419
3123.1296
3155.76
3184.1733
3217.9932
3242.4336
3272.3797
3301.5369
3333.0988
3359.8883
3386.7014
3419.0173
3448.7558
3476.9363
3505.8816
3538.8345
3568.0947
3594.6479
3624.983
3655.8296
3687.3464
3718.685
3747.3939
3778.4701
3813.2736
3844.9334
3878.4085
3910.1315
3945.4299
3974.1821
4008.8426
4041.6151
4072.2055
4101.4292
4131.6018
4165.6912
4193.8931
4232.1258
4267.1878
4296.7928
4328.5967
4363.1045
4395.6311
4432.1459
4465.4957
4495.3571
4532.793
4570.0026
4600.869
4636.6498
4669.415
4700.5751
4732.8058
4765.9057
4801.5981
4832.1586
4864.7174
4898.8548
4927.4602
4956.7461
