27.0
27.0
8.3265
2.4914
0.7981
0.283
0.1273
0.0709
0.0687
0.066
0.0581
0.0553
0.0611
0.0529
0.0564
0.0555
0.0606
0.0566
0.0549
0.0656
0.0629
0.0537
0.0603
0.0529
0.057
0.0583
0.0589
0.0524
0.0473
0.0511
0.0546
0.0556
0.0487
0.0554
0.0609
0.058
0.0568
0.0574
0.0483
0.055
0.0447
0.0462
0.0442
0.0496
0.0497
0.0462
0.0438
0.0524
0.0505
0.0492
0.0536
0.0477
0.0518
0.0595
0.0579
0.0576
0.0545
0.0608
0.0605
0.0582
0.0576
0.0604
0.061
0.0491
0.0512
0.0564
0.0557
0.0577
0.0622
0.0519
0.0469
0.0436
0.0539
0.0531
0.0551
0.0467
0.0464
0.0532
0.0532
0.0504
0.0466
0.0464
0.0414
0.0478
0.0502
0.0506
0.0535
0.0455
0.0514
0.0457
0.0444
0.0445
0.0499
0.0475
0.0453
0.0482
0.0482
0.0443
0.0445
0.0419
0.037
0.0511
0.0382
0.0454
0.0422
0.0405
0.0417
0.0426
0.0484
0.0445
0.0499
0.0435
0.0494
0.0348
0.0391
0.0447
0.0445
0.0395
0.0383
0.0384
0.0416
0.0441
0.042
0.0422
0.0402
0.0396
0.0409
0.0441
0.0513
0.053
0.0584
0.0667
0.0634
0.0565
0.057
0.0567
0.0584
0.0569
0.0576
0.0607
0.0578
0.0558
0.0488
0.0605
0.0611
0.0621
0.0579
0.0543
0.0555
0.0497
0.0568
0.0616
0.0616
0.0551
0.0567
0.0669
0.0714
0.0687
0.0594
0.058
0.0602
0.0551
0.0587
0.0607
0.0638
0.0636
0.0596
0.0599
0.0542
0.0554
0.0526
0.0574
0.0676
0.0638
0.061
0.0638
0.0688
0.0668
0.0715
0.0633
0.0576
0.0653
0.0651
0.0606
0.0568
0.0582
0.058
0.0634
0.06
0.0598
0.0604
0.07
0.0682
0.0726
0.0638
0.0612
0.0696
0.0622
0.0729
0.0654
