169.0
169.0
168.8774
168.847
168.9087
168.9266
168.8799
168.9504
169.1402
169.2392
169.4982
169.692
169.9345
170.3303
170.5578
170.884
171.3586
171.7248
172.1153
172.6955
173.129
173.7169
174.3505
174.8835
175.5403
176.1299
176.798
177.5296
178.2071
178.8749
179.5344
180.216
181.0715
181.8218
182.5928
183.5018
184.2682
184.9793
185.7878
186.7393
187.675
188.5033
189.4235
190.3298
191.1898
192.1245
193.1518
194.0819
195.1528
196.1532
197.2175
198.2513
199.1836
200.2991
201.3349
202.6181
203.7582
204.8992
205.7955
206.8423
207.8628
208.9436
210.0393
211.0386
212.2589
213.4424
214.621
215.6433
216.6189
217.7143
218.8564
219.9171
221.0493
222.1495
223.3728
224.6466
225.713
226.9525
228.1328
229.241
230.4171
231.6594
232.6354
233.6367
234.7569
236.0516
237.4769
238.564
239.9141
241.0863
242.4374
243.9661
245.1978
246.5175
247.7934
249.098
250.4926
251.7923
253.136
254.4179
255.6727
257.0086
258.3178
259.7974
261.1763
262.6058
263.8139
265.1093
266.3888
267.7608
269.1255
270.495
271.9397
273.2671
274.6922
276.3389
277.6686
279.0866
280.3275
281.6991
283.1352
284.4495
285.7872
287.0969
288.7833
290.4297
291.9886
293.4244
294.9571
296.5429
297.9515
299.4213
301.1566
302.7664
304.2394
306.0953
307.801
309.3648
311.0516
312.6908
314.6927
316.6755
318.2768
320.2719
321.8965
323.8797
325.5029
327.2496
328.9556
330.8866
332.5323
334.2619
336.0671
337.9257
339.691
341.6236
343.4997
345.2801
347.1198
348.848
350.6516
352.3918
354.3473
356.1822
358.1967
360.1723
361.98
363.8957
365.5794
367.6204
369.4088
371.4026
373.2959
375.3015
377.3082
379.252
381.3687
383.5053
385.2873
387.2473
389.1805
391.2988
393.5568
395.585
397.6462
399.5214
401.5575
403.547
405.1533
407.178
409.2356
411.2791
413.5298
415.7578
417.8719
420.124
422.3611
424.5896
426.5009
428.5823
