36.0
36.0
35.538
35.0669
34.665
34.2605
33.8938
33.5405
33.193
32.7885
32.4088
32.11
31.7537
31.425
31.1081
30.7873
30.507
30.2191
29.9072
29.5966
29.3672
29.0851
28.7894
28.5177
28.2696
28.0345
27.7946
27.5223
27.2498
27.06
26.8007
26.62
26.4014
26.2318
26.0706
25.8341
25.5805
25.407
25.2148
24.929
24.7473
24.5482
24.4282
24.2455
24.0831
23.9397
23.7466
23.5476
23.3898
23.2394
23.033
22.8193
22.6224
22.4392
22.3166
22.1749
22.0327
21.8549
21.686
21.5499
21.423
21.2502
21.0882
20.8828
20.7127
20.5662
20.3793
20.1965
20.0605
19.9442
19.7775
19.6234
19.4439
19.2758
19.1454
19.0051
18.8522
18.7155
18.5405
18.3864
18.2388
18.0797
17.913
17.7481
17.5766
17.4406
17.2834
17.0741
16.8718
16.6808
16.5303
16.3654
16.2332
16.0563
15.9018
15.7305
15.5702
15.4136
15.2605
15.0652
14.947
14.7853
14.6392
14.5213
14.4098
14.2281
14.1067
13.9894
13.8612
13.7298
13.5829
13.4431
13.3055
13.1614
13.0385
12.9292
12.8204
12.7093
12.6006
12.4777
12.3711
12.2564
12.1169
11.9843
11.8791
11.7778
11.6694
11.5869
11.5233
11.4497
11.3922
11.3045
11.2354
11.1479
11.0474
10.9549
10.8701
10.7713
10.7031
10.5818
10.4801
10.4123
10.3409
10.2876
10.2269
10.1725
10.1154
10.054
9.9972
9.9284
9.868
9.8295
9.7588
9.6703
9.5771
9.5045
9.4415
9.3995
9.3233
9.2892
9.2304
9.1716
9.108
9.0341
8.9757
8.9446
8.8783
8.8123
8.7603
8.7066
8.6306
8.5692
8.4925
8.4342
8.3876
8.3412
8.2958
8.2423
8.194
8.1804
8.1391
8.0944
8.0379
7.9842
7.9321
7.9131
7.8764
7.8507
7.8061
7.786
7.7327
7.7109
7.6671
7.6336
7.5579
7.5194
7.4958
7.4457
7.4009
7.3485
