17.0
17.0
17.059200000000022
17.12529999999996
17.184799999999946
17.248399999999968
17.31679999999995
17.382500000000118
17.45099999999996
17.521599999999964
17.59669999999992
17.66049999999993
17.73
17.801599999999862
17.870599999999904
17.945699999999935
18.021200000000054
18.086799999999982
18.165400000000062
18.24280000000006
18.321800000000017
18.399799999999974
18.483500000000095
18.55670000000002
18.63059999999999
18.713899999999946
18.786500000000036
18.868199999999923
18.953099999999996
19.03749999999996
19.11610000000006
19.190300000000004
19.265599999999964
19.345599999999962
19.421399999999952
19.502499999999873
19.583700000000036
19.667500000000008
19.752199999999984
19.840500000000066
19.923600000000008
20.006600000000006
20.09039999999999
20.16829999999995
20.255
20.337099999999914
20.42689999999997
20.514199999999946
20.59879999999999
20.682599999999923
20.767599999999987
20.85350000000004
20.94300000000005
21.023600000000048
21.083600000000036
21.14259999999989
21.197499999999984
21.26100000000002
21.317699999999963
21.381199999999996
21.43739999999999
21.492899999999953
21.54970000000003
21.604100000000003
21.66630000000001
21.716000000000026
21.76529999999995
21.816199999999974
21.865799999999975
21.922100000000082
21.9732
22.023899999999994
22.076200000000014
22.123900000000017
22.175600000000017
22.222999999999974
22.270000000000074
22.31719999999999
22.36139999999997
22.406499999999994
22.45229999999999
22.49670000000008
22.54400000000002
22.587000000000042
22.636000000000045
22.682899999999943
22.72399999999998
22.768899999999995
22.810399999999994
22.859599999999954
22.90050000000004
22.94040000000004
22.984399999999972
23.024499999999993
23.062000000000037
23.098500000000016
23.14159999999998
23.18939999999995
23.22719999999992
23.271799999999985
23.315500000000046
23.353899999999957
23.399400000000057
23.441399999999984
23.48040000000008
23.5165
23.554800000000014
23.599800000000037
23.64090000000008
23.675100000000068
23.714899999999965
23.748999999999974
23.790500000000016
23.827899999999993
23.866499999999967
23.905800000000077
23.944999999999954
23.983100000000064
24.019500000000022
24.05689999999993
24.09380000000007
24.128499999999995
24.167199999999934
24.204699999999995
24.23959999999991
24.28190000000009
24.31420000000009
24.355200000000057
24.40080000000002
24.44529999999998
24.49630000000013
24.534200000000062
24.57699999999995
24.621000000000056
24.666000000000004
24.70999999999995
24.75110000000003
24.78879999999999
24.831600000000023
24.878500000000017
24.91659999999998
24.959399999999896
25.0001
25.041300000000007
25.080499999999947
25.12270000000002
25.16580000000001
25.203299999999953
25.245099999999955
25.28330000000003
25.332600000000074
25.370700000000003
25.406300000000073
25.449099999999987
25.48369999999993
25.522899999999886
25.55659999999995
25.59860000000005
25.635600000000004
25.67399999999999
25.70830000000002
25.74979999999999
25.78479999999997
25.82029999999997
25.85569999999991
25.89060000000006
25.925799999999963
25.966400000000014
25.99670000000008
26.030499999999932
26.066800000000004
26.10749999999999
26.144999999999957
26.174599999999938
26.213699999999996
26.247699999999934
26.282199999999953
26.31649999999994
26.357
26.3908
26.427399999999988
26.458100000000048
26.491799999999976
26.52250000000001
26.55429999999992
26.59320000000001
26.625200000000046
26.662799999999976
26.69710000000006
26.729799999999955
26.759400000000007
26.794600000000035
26.82719999999994
26.86159999999999
26.894300000000058
26.92520000000001
26.957300000000046
26.98860000000004
27.023800000000012
27.056500000000035
