324.0
324.0
322.3557
320.6353
319.1186
317.6411
316.029
314.4421
312.8129
311.1148
309.5261
308.0753
306.4803
304.8707
303.2496
301.643
300.1436
298.6852
297.1941
295.7209
294.2386
292.6997
291.2845
289.7622
288.4239
286.8644
285.2932
283.9023
282.5817
281.1851
279.7496
278.4086
276.9882
275.5183
274.1216
272.5558
271.143
269.9472
268.6171
267.3669
266.0398
264.6651
263.0986
261.9036
260.6284
259.4613
258.1579
256.8078
255.5352
254.2188
253.0155
251.8078
250.3975
248.8937
247.1275
245.2916
243.441
241.7071
239.9434
238.132
236.2691
234.6584
232.9333
231.1911
229.5463
227.7328
226.1399
224.5126
222.8026
221.0348
219.3968
217.8309
216.3677
214.9162
213.3733
211.8312
210.2259
208.534
206.8654
205.1942
203.6769
202.1405
200.3891
198.8307
197.2858
195.7985
194.145
192.6748
191.2747
189.8356
188.4479
187.0556
185.7063
184.2229
182.8505
181.4929
180.2269
178.8348
177.4153
175.992
174.4601
173.2117
171.9094
170.5368
169.2563
168.0794
166.8278
165.6568
164.326
162.907
161.6241
160.3726
159.0774
157.7093
156.3668
155.0506
153.9223
152.6959
151.4148
150.1989
149.0658
147.9145
146.742
145.6276
144.4984
143.4454
142.2951
141.2479
140.3111
139.4277
138.6031
137.8052
136.9165
136.0664
135.1361
134.3275
133.4681
132.6663
131.8004
130.9699
130.1371
129.2934
128.408
127.5668
126.7449
125.9989
125.3187
124.5155
123.6163
122.8452
122.1134
121.4279
120.7236
119.9747
119.2643
118.5408
117.8428
117.0555
116.4468
115.6806
114.9931
114.2503
113.5499
112.8727
112.2217
111.5003
110.7775
110.0829
109.2874
108.503
107.8918
107.2036
106.5014
105.8248
105.0939
104.3481
103.6306
103.0084
102.2425
101.6098
101.0718
100.4458
99.7826
99.1528
98.5589
97.8646
97.2958
96.7056
96.0893
95.4613
94.8066
94.1592
93.5655
92.9166
92.2561
91.6549
91.0365
90.3476
89.7393
89.1282
