289.0
289.0
286.1307
283.5787
280.6664
277.8424
275.0137
272.283
269.5549
266.7676
264.2011
261.5021
259.006
256.2332
253.5688
251.0103
248.4719
245.9162
243.4901
241.1056
238.4404
235.9783
233.2639
230.5665
228.1279
225.5698
223.0701
220.6066
218.1579
215.7342
213.3519
210.8612
208.4143
205.7792
203.3868
200.9761
198.5293
196.2306
193.9932
191.6468
189.383
186.9322
184.6039
182.3161
179.9575
177.6304
175.2499
173.0076
170.8736
168.5295
166.3169
163.9288
161.8287
160.0068
158.9868
157.8609
156.5917
155.4775
154.3867
153.2727
152.091
151.0513
150.12
149.1112
148.1162
146.9841
146.0711
145.0423
144.0054
143.0526
142.0184
141.034
140.0796
139.1302
138.1968
137.1163
136.1934
135.3065
134.3901
133.4682
132.5131
131.6716
130.6997
129.6744
128.6764
127.7605
126.7661
126.0503
125.1554
124.3037
123.4652
122.5966
121.7453
120.8856
120.0946
119.1975
118.3909
117.6292
116.7427
115.8942
115.1445
114.2857
113.5573
112.851
112.0723
111.3792
110.5227
109.7813
109.0707
108.2651
107.4693
106.5583
105.8484
105.3304
104.5837
103.837
103.0695
102.3965
101.7548
101.0107
100.2519
99.4964
98.8407
98.1113
97.4531
96.7169
96.0563
95.3038
94.2147
93.1809
92.108
91.0837
89.8903
88.9845
87.9737
87.0312
85.8962
84.8569
83.8932
82.9095
82.0851
81.1375
80.2625
79.3215
78.4059
77.4646
76.6184
75.7146
74.8261
73.9837
73.0843
72.1979
71.3733
70.544
69.9172
69.0797
68.2397
67.3244
66.4281
65.671
64.8468
64.1063
63.2918
62.4585
61.7145
60.9209
60.2662
59.5337
58.7949
58.1719
57.4681
56.7776
56.1566
55.4832
54.7807
54.1043
53.4542
52.7933
52.1237
51.4941
50.8489
50.1922
49.5972
48.9262
48.4502
47.883
47.2529
46.6642
46.0443
45.4144
44.8121
44.278
43.7142
43.1163
42.6121
42.0626
41.5987
41.1362
40.6293
40.2023
