7.0
7.0
6.985099999999993
6.972200000000014
6.960699999999989
6.949499999999994
6.9412
6.9312000000000085
6.923499999999994
6.917700000000006
6.909800000000009
6.90279999999998
6.898500000000003
6.892799999999994
6.887
6.88160000000001
6.8773
6.874900000000003
6.872899999999987
6.873700000000001
6.8694
6.869999999999994
6.8711
6.872899999999992
6.872099999999994
6.8713
6.8685000000000045
6.868800000000009
6.871000000000003
6.873700000000003
6.875500000000003
6.880899999999997
6.883900000000003
6.885400000000004
6.8900000000000015
6.896700000000009
6.907400000000004
6.913300000000006
6.92540000000001
6.933599999999998
6.936799999999991
6.940600000000007
6.952599999999983
6.958399999999993
6.962900000000008
6.971599999999994
6.975999999999997
6.984400000000002
6.9951000000000025
7.001000000000003
7.007999999999991
7.018099999999997
7.029600000000005
7.03929999999999
7.044100000000013
7.050799999999997
7.057999999999997
7.0621
7.064599999999983
7.069200000000003
7.0755
7.082500000000003
7.0832
7.0883999999999885
7.090999999999994
7.0952000000000055
7.0961999999999925
7.102000000000003
7.102300000000003
7.104500000000004
7.106900000000001
7.109299999999998
7.108199999999997
7.111399999999994
7.1131
7.111500000000006
7.110700000000003
7.111799999999994
7.113600000000003
7.1137
7.115300000000012
7.116899999999996
7.112700000000003
7.111300000000002
7.114100000000001
7.114199999999992
7.111899999999999
7.111100000000006
7.109199999999997
7.108800000000012
7.109099999999995
7.107600000000004
7.106099999999992
7.103200000000009
7.102100000000005
7.105499999999996
7.1010000000000115
7.096000000000003
7.096200000000003
7.093400000000006
7.092499999999994
7.090100000000004
7.087799999999988
7.085499999999992
7.080399999999998
7.0788
7.077499999999997
7.0783
7.074699999999994
7.073300000000003
7.070000000000003
7.0687
7.069100000000003
7.066499999999997
7.0640999999999945
7.060300000000003
7.0594
7.059000000000007
7.058400000000003
7.0537999999999945
7.052200000000006
7.049400000000008
7.049100000000009
7.047300000000006
7.045899999999988
7.044699999999994
7.041899999999994
7.039199999999998
7.028500000000003
7.023500000000006
7.011199999999994
7.001899999999996
6.998100000000007
6.9877
6.9825
6.976600000000006
6.968500000000008
6.960200000000015
6.956799999999997
6.950600000000003
6.943299999999997
6.933499999999988
6.927900000000012
6.923099999999986
6.915399999999994
6.907700000000012
6.9046
6.9034000000000075
6.904100000000003
6.9014
6.8983000000000025
6.897500000000009
6.8966
6.8949000000000025
6.890200000000007
6.891499999999999
6.8883999999999945
6.8852999999999955
6.8825
6.879499999999984
6.873999999999999
6.8683
6.861900000000001
6.858200000000003
6.8532
6.856800000000015
6.860199999999991
6.857000000000012
6.852599999999995
6.849500000000002
6.850599999999997
6.847499999999989
6.844200000000009
6.8441999999999945
6.8441999999999865
6.840499999999985
6.837699999999988
6.831300000000024
6.830300000000001
6.827
6.824099999999992
6.821700000000004
6.814400000000003
6.811499999999995
6.809400000000012
6.810500000000003
6.805599999999997
6.802099999999987
6.8042
6.804400000000005
6.804099999999993
6.801700000000003
6.799399999999983
6.798099999999999
6.797099999999974
6.791800000000009
6.791100000000014
6.791900000000012
6.79479999999998
6.795900000000003
