18.0
18.0
17.952699999999965
17.903100000000077
17.85919999999995
17.81629999999998
17.769399999999994
17.723100000000024
17.675500000000014
17.625999999999998
17.579099999999954
17.536100000000037
17.48890000000004
17.441099999999988
17.39280000000012
17.344799999999935
17.299799999999948
17.255799999999955
17.210900000000063
17.166300000000053
17.12140000000002
17.074699999999932
17.03129999999995
16.98459999999993
16.943299999999958
16.895200000000028
16.847000000000072
16.803899999999985
16.762499999999967
16.718700000000016
16.673999999999864
16.631799999999878
16.587200000000102
16.541300000000042
16.4973999999999
16.44800000000011
16.40280000000006
16.364400000000163
16.322099999999995
16.281700000000033
16.23920000000007
16.195100000000036
16.144599999999965
16.105600000000027
16.064199999999996
16.026100000000024
15.9833
15.9392
15.897
15.8532
15.8129
15.7724
15.7253
15.6751
15.6161
15.5546
15.492000000000006
15.433099999999994
15.373599999999994
15.312199999999994
15.2487
15.193400000000006
15.133699999999994
15.073099999999997
15.015900000000006
14.952999999999994
14.896700000000006
14.838799999999988
14.777799999999983
14.71439999999999
14.655200000000011
14.598700000000012
14.5447
14.49199999999998
14.436299999999983
14.379199999999976
14.321299999999983
14.259400000000008
14.198199999999986
14.135599999999988
14.079100000000023
14.020700000000005
13.9541
13.895299999999983
13.836600000000017
13.779100000000003
13.7154
13.658999999999988
13.60489999999998
13.547799999999986
13.493500000000006
13.438400000000005
13.385500000000018
13.327100000000017
13.271899999999988
13.217500000000035
13.166699999999983
13.110000000000007
13.0525
12.99379999999999
12.932100000000053
12.879100000000022
12.825600000000005
12.768000000000004
12.7143
12.664399999999988
12.611400000000039
12.560799999999993
12.503400000000033
12.443999999999953
12.387899999999995
12.333800000000004
12.278199999999991
12.219100000000008
12.158799999999976
12.099599999999986
12.04869999999998
11.99409999999999
11.937600000000018
11.882500000000002
11.831000000000017
11.780100000000008
11.726000000000004
11.675799999999994
11.622800000000039
11.573799999999991
11.52110000000003
11.473500000000012
11.428699999999987
11.387700000000034
11.34830000000001
11.30839999999999
11.266900000000005
11.225600000000018
11.181300000000013
11.140099999999986
11.098499999999978
11.059100000000036
11.015400000000046
10.974100000000009
10.930900000000026
10.888000000000032
10.844799999999983
10.803999999999979
10.763099999999994
10.724099999999973
10.68790000000003
10.646699999999997
10.59969999999999
10.559000000000019
10.520199999999955
10.484500000000006
10.446400000000008
10.405700000000039
10.368499999999992
10.331399999999986
10.294000000000022
10.251099999999985
10.217200000000034
10.173200000000014
10.135700000000012
10.094099999999987
10.05589999999999
10.017499999999984
9.980699999999958
9.939499999999965
9.897699999999988
9.857900000000022
9.815600000000021
9.772400000000014
9.73819999999996
9.69880000000004
9.659600000000024
9.620000000000008
9.578500000000002
9.535299999999992
9.493599999999992
9.456800000000024
9.414300000000008
9.377200000000004
9.346000000000044
9.306999999999974
9.266200000000014
9.228600000000004
9.191100000000024
9.149799999999955
9.114199999999972
9.07680000000003
9.037499999999945
8.999499999999973
8.95999999999993
8.92120000000005
8.885099999999955
8.844999999999981
8.803699999999992
8.764099999999976
8.725499999999933
8.684800000000019
8.642900000000015
8.603999999999944
