8.0
8.0
8.8621
9.8456
10.8356
11.6906
12.5787
13.5817
14.5955
15.791
16.9792
18.2471
19.5729
20.8384
22.0852
23.3104
24.6809
25.9342
27.5258
29.0745
30.2704
31.6979
33.6749
35.5563
37.3789
39.242
40.7566
42.4477
44.216
46.1926
48.3094
50.3846
51.9497
53.8178
55.8981
57.7314
60.3641
62.7753
65.047
67.7067
70.2317
72.9935
75.629
78.0557
80.7532
83.7165
86.4888
89.6361
92.7229
95.5744
99.1643
101.8068
104.9924
107.9542
111.0092
114.2158
117.4158
120.9122
123.5819
126.8829
130.4704
134.0039
137.3937
141.4455
144.7744
148.5558
151.9105
155.7818
159.3312
162.5299
165.8633
168.9935
172.6475
176.1938
179.6469
182.5097
186.6898
189.8509
193.9078
198.1439
202.6711
206.0931
209.7853
214.0458
218.065
221.5077
225.6502
230.2708
234.1691
238.7576
243.5586
247.907
252.3826
256.4303
261.1351
265.8342
270.6918
276.1463
280.4858
285.0529
289.9322
295.0558
300.5032
306.0854
311.505
316.0488
321.1626
326.0658
331.1747
336.0385
340.9491
346.0174
350.5059
355.256
361.5636
367.5107
373.0429
378.3743
384.1041
389.7316
395.1414
400.7422
407.7058
413.8771
419.855
426.6605
432.9371
438.8129
441.2468
444.5475
448.7922
452.5156
454.9596
458.1265
461.2771
464.957
468.4247
471.4747
475.7431
478.7574
482.6551
486.3176
490.9309
495.2589
497.15
502.0295
505.7046
509.3541
512.3569
516.5082
519.4003
523.7056
528.5731
532.9658
537.4335
543.5875
548.9933
552.7229
557.7539
562.3853
566.6489
570.6674
574.4289
580.9236
586.6215
590.4747
596.4951
602.0007
605.1815
609.5173
613.7761
619.4365
624.7725
629.7086
634.6751
640.8998
646.7756
652.5648
657.2536
664.5975
668.8502
673.911
678.4115
684.2716
689.4415
694.9367
701.1976
707.6065
713.9014
721.0084
727.2432
731.61
738.2826
742.9091
749.6092
754.9016
761.0738
768.3637
776.3913
781.8323
