49.0
49.0
48.8159
48.6604
48.5251
48.3953
48.308
48.1962
48.1181
48.0657
47.9848
47.9178
47.8895
47.8414
47.7958
47.7498
47.7229
47.7245
47.7321
47.7819
47.7604
47.8102
47.8615
47.9201
47.9493
47.9747
47.9783
48.0178
48.0918
48.1735
48.2403
48.3493
48.4309
48.4982
48.6042
48.7557
48.9422
49.0761
49.286
49.4392
49.528
49.6284
49.8382
49.958
50.0585
50.224
50.329
50.4848
50.6771
50.8018
50.9552
51.1377
51.3504
51.5317
51.6605
51.7996
51.9466
52.0367
52.1002
52.2104
52.3515
52.5069
52.579
52.7018
52.7746
52.8762
52.939
53.0622
53.0987
53.1711
53.2347
53.3085
53.3356
53.413
53.4721
53.4949
53.5227
53.5854
53.6626
53.6969
53.7633
53.8371
53.8133
53.8303
53.9173
53.9522
53.9629
53.9857
54.0018
54.043
54.0881
54.111
54.1283
54.1166
54.1435
54.2373
54.2174
54.1958
54.2408
54.2514
54.2983
54.3055
54.3058
54.3077
54.2692
54.2924
54.3131
54.3697
54.3715
54.3863
54.3656
54.3987
54.4329
54.4207
54.4359
54.4303
54.4672
54.5008
54.5312
54.5154
54.549
54.5518
54.5817
54.6005
54.6267
54.6459
54.6297
54.6306
54.5465
54.5293
54.4226
54.3547
54.3587
54.2725
54.2681
54.23
54.1753
54.1038
54.1108
54.087
54.0671
53.9865
53.9595
53.9365
53.881
53.8475
53.8714
53.9058
53.9729
54.0078
54.0357
54.0801
54.1348
54.1599
54.1602
54.2443
54.2488
54.2683
54.2971
54.3425
54.3502
54.3255
54.2985
54.3194
54.3178
54.4302
54.5384
54.5512
54.5416
54.5603
54.6416
54.6637
54.6692
54.7136
54.7522
54.7667
54.7937
54.7331
54.7893
54.791
54.8025
54.8295
54.7902
54.8169
54.8466
54.9221
54.9276
54.9237
54.9888
55.0412
55.0971
55.1269
55.1312
55.1825
55.2139
55.17
55.2153
55.2791
55.3802
55.4547
