216.0
216.0
212.8693
209.9692
206.851
203.6454
200.705
197.9283
195.2198
192.3439
189.4976
187.0143
184.7327
182.3251
179.9528
177.6333
175.2644
172.9486
170.8781
168.2942
166.0236
163.9733
161.8945
159.9531
157.728
155.7136
154.1606
152.6452
150.8811
148.7063
147.1222
145.071
143.1257
141.4055
139.5889
137.69
136.2122
134.7284
132.9164
131.8822
130.3122
128.8451
127.197
125.7554
124.259
122.5154
120.798
119.568
118.2464
116.9287
115.5126
114.0452
112.6733
111.555
111.0847
110.876
111.1118
111.3591
111.2606
111.5114
111.7483
112.0585
112.0354
112.1973
112.4265
112.9136
113.2217
113.2849
113.7919
113.9111
114.2099
114.5423
114.8435
115.1638
115.4568
115.9774
116.4363
116.7797
117.0528
117.3044
117.5753
117.885
118.1232
118.4557
118.8713
119.2929
119.8345
120.2826
120.8837
121.1716
121.4538
122.0201
122.3473
122.7127
122.9419
123.3348
123.7107
124.3353
124.7274
125.2007
125.5737
126.0625
126.6347
127.0444
127.3595
127.7811
127.9098
128.3294
128.6431
129.2147
129.5934
130.0761
130.4482
130.8726
131.2148
131.5719
132.0513
132.4431
132.975
133.2691
133.7011
134.5217
134.9838
135.2078
135.648
136.0558
136.7217
137.1679
137.163
137.0206
136.4723
136.068
135.7143
135.5023
135.1103
134.7449
134.316
133.9156
133.4572
133.0092
132.1292
131.1035
130.4016
129.7958
129.2256
128.4789
127.7657
127.3152
126.5088
125.7067
125.0844
124.1969
123.7208
123.1647
122.4527
121.8523
121.1833
120.5013
119.8314
119.4239
118.6474
117.7247
117.0149
116.1275
115.5255
114.528
113.8285
113.0122
112.479
111.8038
111.1577
110.3878
109.7259
108.8605
108.0852
107.2376
106.5058
105.9217
105.1033
104.3841
103.4957
102.7958
102.1511
101.5962
100.9594
100.1272
99.3248
98.719
98.0178
97.3067
96.5909
95.9485
95.2078
94.4609
93.8395
93.1249
92.2916
91.3707
90.6981
89.7938
