100.0
100.0
100.3169
100.8108
101.1892
101.6278
102.0663
102.6157
103.1169
103.5671
104.0407
104.5084
104.9864
105.5245
105.9923
106.4926
107.0551
107.5967
108.1544
108.7095
109.2218
109.7603
110.3061
110.9106
111.4408
112.0669
112.646
113.2588
113.8946
114.5483
115.0868
115.7259
116.3186
116.9231
117.609
118.3079
118.907
119.4804
120.1717
120.7247
121.4169
122.1061
122.8218
123.4743
124.1399
124.9492
125.5643
126.304
126.9395
127.6179
128.3499
129.0096
129.7991
130.4871
131.0172
131.5645
132.061
132.5213
133.1778
133.7318
134.2476
134.8138
135.2767
135.749
136.1235
136.6735
137.2605
137.9206
138.4247
139.015
139.5251
139.7821
140.2504
140.7641
141.1864
141.7045
142.234
142.702
143.3258
143.8576
144.3974
144.95
145.5145
145.9606
146.4225
147.0049
147.5146
148.0369
148.4461
148.9173
149.4587
149.9318
150.4645
150.931
151.5337
151.9708
152.4421
152.8843
153.4716
154.022
154.5601
155.1088
155.5963
156.209
156.7801
157.3484
157.823
158.4345
158.9576
159.5444
160.0978
160.5652
161.0079
161.3496
161.8823
162.4572
162.9571
163.5062
163.9785
164.5657
165.0229
165.5243
165.9821
166.4568
167.012
167.5038
168.0366
168.6242
169.3305
170.1729
171.0184
171.9176
172.6427
173.4627
174.207
174.9702
175.8997
176.9244
177.8696
178.8253
179.9508
181.0252
181.982
182.9615
184.0219
185.1653
186.1841
187.3538
188.455
189.5389
190.7677
191.8983
192.9917
194.1023
195.1133
196.366
197.4687
198.4226
199.6463
200.968
202.1449
203.3001
204.5041
205.7781
206.9945
208.312
209.5835
210.9133
212.2329
213.7507
215.1699
216.596
217.8582
219.4368
220.9108
222.1773
223.6184
225.0425
226.6502
228.0304
229.4515
230.9363
232.4823
233.9536
235.4982
237.1411
238.6118
240.0607
241.569
243.2196
244.794
246.4835
248.2359
249.6683
251.3956
252.782
254.3021
255.9544
257.4004
258.9295
