4913.0
4913.0
4829.0799
4750.3783
4671.0701
4590.5542
4512.2118
4437.5873
4359.2856
4280.3643
4204.6292
4135.6622
4059.0534
3985.2823
3914.73
3844.5307
3776.242
3711.9627
3646.9458
3580.929
3515.2343
3448.3908
3385.8681
3324.4991
3266.1616
3204.0858
3144.5455
3085.7799
3027.1584
2972.1463
2917.1529
2861.1626
2806.7806
2754.4315
2703.6072
2652.2388
2599.8041
2549.1065
2495.6399
2448.8478
2400.6549
2353.2554
2306.6969
2255.8594
2209.2712
2163.1453
2119.4263
2077.2743
2034.7503
1990.1905
1949.6812
1907.6683
1866.4548
1827.7791
1788.8121
1752.9915
1716.6888
1678.9145
1644.2549
1611.5598
1575.61
1543.2868
1510.8626
1480.0667
1446.956
1415.502
1384.4341
1355.6382
1327.5443
1300.0391
1273.1693
1244.7172
1215.8601
1189.5908
1161.48
1136.0033
1110.2799
1084.1316
1057.7609
1031.5498
1006.8877
983.8941
960.0652
937.1063
916.6003
895.0838
873.44
852.6802
832.2253
812.7432
793.3032
773.7603
756.1784
738.2881
720.3716
701.999
684.2977
667.655
650.4755
634.5233
617.7974
602.3127
587.5623
572.4187
556.7948
542.9586
528.0347
513.641
500.5951
487.0328
473.1448
460.5581
447.9643
436.3828
424.0577
412.1095
400.6102
390.4622
379.7011
369.9954
359.2607
349.0153
339.7906
330.9306
321.8066
312.8972
303.2263
295.0567
289.7667
285.048
280.5435
276.0861
271.9577
267.2373
263.2252
259.245
255.1961
251.2362
247.7061
244.0269
239.7328
235.8775
231.9957
228.4274
224.6703
220.8744
217.6268
214.1123
210.6483
207.0394
203.317
199.9243
196.711
194.1359
191.2303
188.5941
185.3439
182.4178
179.1651
176.232
173.2059
170.1501
167.3372
164.561
161.8954
159.2991
156.1359
153.7659
150.9986
148.2034
145.3305
143.1493
140.3323
138.21
136.0736
133.8856
131.7201
129.609
127.3524
125.0462
122.8531
120.7191
118.4691
116.1953
114.3554
112.0143
110.0932
108.1949
105.9335
104.0538
102.2216
100.3029
98.3955
96.8299
95.2843
93.4712
91.8323
90.0677
88.2157
86.6042
