1.0
1.0
0.8570999999999991
0.7397999999999992
0.6406999999999976
0.5564999999999998
0.48630000000000057
0.42539999999999945
0.3732000000000005
0.33279999999999976
0.29710000000000075
0.2663999999999999
0.24439999999999995
0.2284
0.21239999999999964
0.19939999999999977
0.1876999999999997
0.17610000000000053
0.1681999999999999
0.16300000000000028
0.1578999999999994
0.15290000000000017
0.14740000000000042
0.14590000000000006
0.14599999999999982
0.14580000000000093
0.1478999999999997
0.1509000000000007
0.15149999999999972
0.15099999999999958
0.1504999999999999
0.15590000000000018
0.1546999999999999
0.1562999999999992
0.15799999999999995
0.1605999999999992
0.16170000000000045
0.16500000000000048
0.1624999999999999
0.16230000000000047
0.1659000000000004
0.1699999999999998
0.16710000000000003
0.17179999999999998
0.17479999999999993
0.1777999999999999
0.17909999999999973
0.1784000000000003
0.17890000000000011
0.1777999999999997
0.1777999999999999
0.1784999999999993
0.1766000000000001
0.1773999999999998
0.18909999999999982
0.19860000000000008
0.20480000000000026
0.2094999999999999
0.20989999999999992
0.20989999999999964
0.2142000000000003
0.21779999999999972
0.22130000000000036
0.21959999999999982
0.21899999999999994
0.2208000000000002
0.2223999999999999
0.21999999999999992
0.21880000000000036
0.2165999999999999
0.21800000000000036
0.21720000000000017
0.2145
0.2135000000000002
0.21160000000000015
0.2093999999999998
0.20940000000000009
0.20799999999999982
0.20550000000000004
0.20590000000000008
0.20339999999999958
0.20159999999999975
0.1974999999999999
0.1994999999999999
0.1965000000000004
0.19709999999999983
0.1918999999999996
0.1894
0.18890000000000037
0.18720000000000042
0.18349999999999994
0.18049999999999988
0.17729999999999937
0.1728
0.1740999999999993
0.17239999999999991
0.17100000000000062
0.17040000000000063
0.16939999999999958
0.1690000000000003
0.16870000000000027
0.16709999999999986
0.16809999999999947
0.16759999999999975
0.16680000000000036
0.16689999999999963
0.1662999999999998
0.16360000000000002
0.1633999999999996
0.1608999999999999
0.16190000000000024
0.15879999999999933
0.1553999999999999
0.1532000000000002
0.15170000000000078
0.14870000000000005
0.14450000000000052
0.14419999999999983
0.14099999999999988
0.13940000000000063
0.13869999999999996
0.1359000000000001
0.13620000000000013
0.13370000000000032
0.1320999999999994
0.13090000000000063
0.1325999999999998
0.1347000000000003
0.1382999999999993
0.14459999999999956
0.15150000000000033
0.1599999999999998
0.16839999999999972
0.17389999999999997
0.18099999999999958
0.1879000000000002
0.19809999999999994
0.2033999999999994
0.21029999999999982
0.21590000000000018
0.2217000000000003
0.22739999999999982
0.23499999999999982
0.24400000000000077
0.24979999999999933
0.2551000000000003
0.2619000000000003
0.26810000000000095
0.2742999999999996
0.2763000000000012
0.28319999999999906
0.2906000000000002
0.29710000000000164
0.3040000000000002
0.30940000000000056
0.3149000000000009
0.3173999999999996
0.3216000000000015
0.3261999999999997
0.33299999999999935
0.3387000000000011
0.3448999999999999
0.35490000000000094
0.3589999999999994
0.3651999999999989
0.3695999999999999
0.3724
0.37710000000000005
0.3838000000000002
0.38639999999999974
0.3912000000000006
0.3930999999999999
0.3979999999999998
0.40339999999999954
0.40650000000000036
0.4116
0.41599999999999937
0.4172999999999991
0.4200999999999998
0.4270000000000011
0.4315
0.43559999999999954
0.4371
0.43800000000000017
0.4399
0.44380000000000036
0.44449999999999973
0.44639999999999974
0.4488000000000001
0.4538000000000002
0.45950000000000035
0.4609999999999998
0.4652999999999994
0.4697000000000002
0.47380000000000017
0.4778999999999997
0.4798
0.4815
0.4802999999999999
0.48040000000000016
