13.0
13.0
12.940599999999996
12.890099999999967
12.841299999999993
12.788000000000029
12.728899999999971
12.671399999999963
12.611600000000005
12.54740000000002
12.484300000000017
12.421399999999997
12.361199999999995
12.3002
12.229499999999986
12.163700000000036
12.095999999999993
12.027200000000006
11.956599999999954
11.88690000000003
11.822200000000018
11.751899999999994
11.683799999999989
11.614000000000011
11.542799999999986
11.473299999999977
11.399200000000002
11.324400000000042
11.259700000000002
11.189100000000009
11.120800000000004
11.04380000000002
10.979400000000004
10.915499999999998
10.840600000000034
10.76909999999999
10.695099999999973
10.624500000000017
10.55000000000003
10.479499999999994
10.404100000000014
10.331600000000012
10.25850000000001
10.183499999999983
10.108999999999988
10.030499999999986
9.957399999999948
9.87680000000001
9.797899999999979
9.726900000000018
9.656099999999979
9.581099999999982
9.50640000000003
9.439700000000053
9.39479999999999
9.353600000000043
9.31349999999998
9.277399999999979
9.237699999999956
9.195700000000025
9.155700000000023
9.110300000000002
9.067299999999998
9.022900000000037
8.982300000000055
8.94270000000002
8.900699999999999
8.854899999999995
8.80790000000004
8.759500000000005
8.714000000000015
8.665100000000013
8.61840000000001
8.570600000000042
8.5201
8.47069999999996
8.419099999999997
8.371100000000052
8.323499999999935
8.272799999999988
8.221300000000019
8.168900000000049
8.117200000000052
8.067600000000018
8.018800000000008
7.9719
7.9201
7.868
7.8118
7.763899999999997
7.716399999999998
7.666199999999997
7.618
7.567200000000003
7.516499999999995
7.464800000000003
7.416300000000003
7.3661
7.3169
7.267000000000003
7.2138
7.166199999999993
7.114499999999994
7.064699999999997
7.0119
6.9593
6.912899999999997
6.855200000000014
6.7996000000000025
6.748500000000004
6.695399999999994
6.646699999999991
6.597699999999992
6.5496000000000025
6.497099999999992
6.44939999999999
6.398299999999991
6.346899999999984
6.3009999999999975
6.248199999999983
6.1984
6.1478000000000135
6.09940000000001
6.0491999999999955
5.998
5.949100000000012
5.89409999999999
5.846799999999992
5.814999999999989
5.789100000000001
5.7570000000000014
5.732400000000006
5.7045
5.680899999999994
5.651600000000025
5.6251999999999995
5.593200000000016
5.566600000000001
5.540300000000013
5.514000000000001
5.486099999999994
5.458699999999992
5.435699999999989
5.410499999999995
5.385700000000014
5.3570000000000135
5.330099999999995
5.306199999999997
5.282400000000005
5.258400000000011
5.230199999999994
5.2065
5.181200000000003
5.157300000000017
5.132799999999989
5.112299999999991
5.084899999999989
5.060300000000007
5.038699999999968
5.014600000000025
4.9920000000000035
4.9673
4.943699999999991
4.920999999999997
4.896500000000004
4.873200000000015
4.8497999999999895
4.83000000000001
4.807199999999974
4.784800000000015
4.7637000000000205
4.74229999999998
4.719999999999995
4.697100000000026
4.676500000000007
4.654000000000008
4.633999999999989
4.610000000000021
4.585699999999991
4.565699999999987
4.5401
4.516999999999997
4.493099999999988
4.470300000000012
4.4502999999999995
4.424499999999979
4.402199999999979
4.380300000000002
4.359200000000025
4.337400000000011
4.317599999999995
4.297399999999969
4.280700000000004
4.255499999999989
4.2341999999999995
4.208599999999995
4.185399999999984
4.1679999999999975
4.148499999999981
4.130000000000038
