4.0
4.0
3.8964
3.8143
3.7235
3.6459
3.5662
3.5184
3.4702
3.4289
3.3842
3.3681
3.3247
3.2921
3.2571
3.255
3.2316
3.2249
3.2207
3.1997
3.171
3.178
3.1738
3.1643
3.1671
3.1593
3.1621
3.1677
3.1638
3.1809
3.1997
3.2047
3.2135
3.2211
3.2651
3.2891
3.3252
3.3474
3.3601
3.4025
3.4377
3.4644
3.4947
3.5319
3.5599
3.5748
3.6067
3.6527
3.6841
3.7267
3.7871
3.8343
3.8719
3.9094
4.0095
4.1019
4.2102
4.2996
4.3833
4.4666
4.5688
4.6636
4.7524
4.8584
4.9425
5.041
5.1349
5.2337
5.3234
5.4059
5.4871
5.5837
5.6783
5.7635
5.8616
5.9453
6.0283
6.1131
6.1915
6.2652
6.3548
6.4523
6.5254
6.6107
6.6838
6.7648
6.8582
6.9642
7.0442
7.114
7.1895
7.2691
7.3488
7.4382
7.5287
7.6257
7.6957
7.7591
7.8326
7.9193
7.9934
8.0494
8.1314
8.2084
8.2746
8.3481
8.4179
8.503
8.5933
8.678
8.7586
8.8384
8.8926
9.0031
9.0727
9.1549
9.2411
9.306
9.3809
9.4221
9.4789
9.5478
9.6223
9.6908
9.7418
9.7942
9.8514
9.8908
9.923
9.9348
10.0005
10.0279
10.0546
10.0889
10.1123
10.1495
10.1966
10.231
10.2371
10.2724
10.3117
10.3188
10.3235
10.3541
10.389
10.4138
10.4514
10.4723
10.4655
10.4513
10.4648
10.4773
10.5141
10.5227
10.55
10.5625
10.5718
10.5842
10.5775
10.5943
10.6009
10.5834
10.6522
10.6952
10.724
10.7401
10.709
10.7444
10.7613
10.8238
10.8469
10.8388
10.8328
10.8271
10.8241
10.839
10.8934
10.8956
10.9145
10.9098
10.8909
10.9171
10.938
10.9359
10.9206
10.9541
10.9453
10.9349
10.9333
10.9568
10.9558
10.9372
10.9283
10.9365
10.9419
10.9214
10.8885
10.8904
10.8554
10.8242
