10.0
10.0
10.013500000000011
10.035600000000008
10.052200000000026
10.071600000000036
10.09090000000001
10.115699999999975
10.13810000000004
10.158100000000003
10.179099999999972
10.199600000000002
10.220599999999994
10.244499999999945
10.265099999999984
10.287200000000027
10.31249999999998
10.336499999999985
10.361199999999993
10.385500000000016
10.407799999999952
10.431299999999982
10.455300000000024
10.481799999999966
10.504600000000016
10.531699999999988
10.556999999999965
10.583599999999977
10.61120000000004
10.639299999999958
10.662199999999979
10.689900000000014
10.71559999999999
10.741699999999991
10.770999999999972
10.801499999999999
10.827199999999992
10.851599999999975
10.881699999999938
10.905300000000004
10.934899999999997
10.963899999999999
10.994599999999995
11.021700000000017
11.049699999999989
11.083799999999995
11.109700000000023
11.14100000000002
11.16650000000001
11.195300000000014
11.225299999999965
11.252400000000069
11.285099999999993
11.31349999999995
11.333799999999991
11.355300000000016
11.37400000000001
11.392099999999997
11.417999999999974
11.43940000000001
11.459399999999993
11.48160000000007
11.499899999999954
11.517400000000002
11.530500000000018
11.550899999999999
11.572699999999998
11.59860000000003
11.617900000000018
11.64080000000002
11.660099999999993
11.668899999999994
11.686600000000002
11.706300000000036
11.721200000000003
11.740500000000013
11.76020000000003
11.77679999999998
11.800200000000027
11.819400000000034
11.839799999999997
11.860200000000022
11.880700000000028
11.897199999999973
11.91450000000002
11.935700000000008
11.953800000000028
11.973500000000021
11.988700000000005
12.006099999999964
12.02609999999995
12.043800000000001
12.06349999999999
12.08000000000008
12.102099999999965
12.117999999999972
12.13549999999996
12.151300000000008
12.17299999999998
12.193399999999983
12.213500000000028
12.233000000000002
12.250900000000025
12.27299999999999
12.293699999999989
12.314199999999973
12.331599999999993
12.353099999999982
12.371000000000008
12.39120000000001
12.41120000000003
12.427800000000017
12.442500000000049
12.45439999999999
12.473099999999976
12.493200000000021
12.509900000000004
12.529600000000011
12.545699999999998
12.566299999999996
12.581700000000014
12.598699999999972
12.6133
12.629999999999999
12.6492
12.666199999999971
12.68379999999999
12.704800000000036
12.728699999999993
12.757699999999998
12.788800000000018
12.821
12.84569999999998
12.8747
12.90040000000003
12.926800000000037
12.959899999999974
12.99619999999995
13.029200000000019
13.062299999999974
13.102199999999977
13.140399999999982
13.172999999999995
13.20690000000002
13.243499999999985
13.282699999999977
13.318099999999983
13.358200000000013
13.396400000000012
13.432900000000023
13.475700000000021
13.512899999999977
13.54930000000001
13.586900000000012
13.622300000000003
13.664399999999993
13.7017
13.733200000000028
13.774100000000002
13.818200000000008
13.856100000000005
13.894499999999994
13.934899999999988
13.978899999999982
14.018899999999995
14.061599999999997
14.104500000000026
14.148099999999994
14.190699999999966
14.239699999999994
14.284900000000018
14.331199999999994
14.3722
14.423200000000003
14.469399999999995
14.510099999999982
14.555999999999997
14.6019
14.652999999999993
14.697800000000008
14.742300000000014
14.790299999999995
14.838099999999994
14.884799999999995
14.9326
14.9843
15.031199999999991
15.074699999999995
15.121399999999994
15.1716
15.218999999999994
15.269499999999994
15.3229
15.3673
15.42
15.461800000000006
15.5073
15.558
15.602399999999998
15.6483
