2197.0
2197.0
2172.6718
2152.6113
2133.9151
2112.6332
2088.7319
2065.9572
2041.877
2015.78
1990.7917
1965.3734
1941.4488
1917.269
1890.1311
1864.8419
1839.0768
1812.1634
1785.6328
1760.2983
1736.347
1710.0573
1685.331
1660.3744
1635.141
1611.3307
1585.4122
1559.871
1537.8883
1514.6787
1492.651
1467.4628
1446.2766
1425.9327
1402.426
1380.9003
1358.7937
1337.7627
1316.096
1295.4341
1273.3657
1252.0082
1230.8043
1209.4773
1187.9504
1166.4549
1147.1644
1125.1262
1103.7053
1085.4429
1067.8947
1049.9709
1031.0796
1015.5581
1004.7456
995.351
986.0133
977.8748
968.8327
958.9273
949.9011
940.0649
930.3157
920.5213
912.0039
903.8343
894.8121
884.7259
874.2617
864.1675
854.4476
844.3607
834.51
824.378
813.3055
802.5941
791.7779
782.2769
772.3953
761.8542
751.9807
741.5753
731.5384
722.3328
712.834
704.2227
695.0185
685.4054
675.1678
667.0643
659.074
649.8342
641.6338
632.982
624.8115
615.4088
606.8301
598.9115
590.7959
582.211
573.8052
565.8676
558.0387
550.1805
542.0703
534.2117
527.1789
518.7116
510.6604
503.1477
495.882
488.8265
482.2477
475.419
467.7315
461.3604
454.4747
447.3769
441.0076
433.7422
427.3552
420.5612
414.1804
407.76
401.2066
395.2213
388.1361
382.2418
378.6322
375.7191
372.1362
369.1398
366.0675
362.9821
359.8526
357.0512
353.3568
350.707
347.9477
344.5308
341.7495
339.1181
336.7935
334.5861
332.1019
328.8122
325.7493
323.644
321.2298
318.3498
315.3372
313.1433
310.1858
307.6479
305.3074
303.5331
301.0607
298.7507
296.5265
293.8744
291.846
289.5935
287.0037
284.7268
282.9833
281.2836
279.1422
277.11
274.707
273.0526
271.5099
269.2571
267.1018
265.2639
263.2561
261.0958
259.244
257.3648
255.4589
253.7583
251.3429
249.479
247.4067
245.2299
243.4567
241.0081
239.16
237.2667
235.4762
233.7234
232.2498
230.927
229.7703
227.8785
226.1958
224.4764
222.2488
221.0254
219.7783
217.9238
