81.0
81.0
81.9619
82.9639
83.9772
84.9851
86.1616
87.1755
88.2786
89.3194
90.478
91.5127
92.5613
93.7572
94.8908
96.0961
97.341
98.5813
99.7081
101.0336
102.2109
103.3376
104.5956
105.7288
107.0086
108.183
109.4514
110.8813
112.2529
113.4844
114.8777
116.25
117.7047
119.1482
120.5087
121.7816
123.2143
124.5515
125.9312
127.4129
128.7946
130.208
131.7499
133.2082
134.6279
136.003
137.3481
138.8751
140.418
141.9254
143.4319
145.0527
146.3991
147.7484
149.2129
150.5833
152.0251
153.4234
154.7523
156.2438
157.6451
159.1731
160.4271
161.7019
162.941
164.2873
165.5655
166.8076
168.028
169.2778
170.4905
171.7281
172.8152
174.0262
175.1415
176.2916
177.3872
178.4779
179.6764
180.7824
181.8139
182.942
183.9705
184.9673
186.0156
187.0048
188.0021
189.0252
190.0125
191.0647
192.015
193.0803
194.0644
195.0847
196.0226
196.9326
197.9437
198.7625
199.7645
200.5952
201.5898
202.588
203.5025
204.4547
205.3811
206.237
207.1354
208.0194
208.8541
209.7078
210.515
211.3779
212.1846
212.9661
213.9076
214.7147
215.5134
216.3818
217.0545
217.9011
218.638
219.4287
220.1629
220.9329
221.685
222.4372
223.0966
223.8356
224.5513
225.3691
226.1101
226.8564
227.4403
228.0586
228.6709
229.2511
229.8554
230.5986
231.2348
231.7899
232.4207
233.0543
233.6211
234.1929
234.6227
235.213
235.7709
236.263
236.7918
237.2702
237.7465
238.2632
238.7669
239.2811
239.8214
240.42
240.9342
241.3678
241.8345
242.2909
242.7537
243.1715
243.6471
244.1776
244.613
245.152
245.5912
245.9828
246.2293
246.6336
247.0148
247.3386
247.7072
248.1139
248.3733
248.7722
249.137
249.5551
249.9084
250.2105
250.5589
250.9317
251.2815
251.7081
252.057
252.3301
252.7273
253.0614
253.3286
253.6544
254.0131
254.3036
254.6798
255.0365
255.4039
255.7236
256.0259
256.21
256.5205
256.839
