729.0
729.0
738.4639
746.6015
757.3892
767.047
774.3944
782.5715
789.3675
796.3047
802.9572
809.7442
817.5876
824.7061
831.9434
837.4548
844.9288
852.1645
857.756
864.9634
872.3981
879.4243
886.7304
892.4869
899.3385
905.9622
912.6091
918.7606
923.8724
931.7358
938.1444
944.8602
953.5816
960.192
965.7557
972.7414
977.8254
984.4173
990.359
995.9444
1001.6033
1009.2574
1015.0607
1020.6925
1027.207
1033.487
1040.0168
1045.9389
1051.583
1059.5583
1065.0604
1072.0093
1080.0942
1086.7344
1091.1417
1096.7487
1101.2392
1106.4147
1111.2073
1116.3674
1121.4109
1127.0036
1131.4781
1137.4551
1143.5656
1147.6793
1151.0872
1156.8619
1163.2881
1169.4477
1176.3608
1181.7191
1188.3789
1195.4934
1201.5497
1207.6329
1213.9675
1220.9517
1229.6265
1236.4879
1243.3621
1250.4898
1257.4214
1263.8023
1269.6893
1276.0429
1283.6398
1291.1654
1297.9002
1304.5993
1312.1268
1319.4185
1327.4059
1335.6412
1342.6429
1350.9229
1360.6063
1369.1628
1377.7167
1385.2244
1392.95
1401.543
1408.0072
1416.3918
1425.4531
1434.1144
1442.0177
1449.2982
1456.5224
1466.8776
1475.3256
1483.1128
1494.6126
1502.406
1509.3863
1518.5024
1529.9905
1539.0037
1550.9965
1561.5701
1571.0054
1581.4759
1591.3119
1601.8086
1610.6393
1620.7856
1630.202
1644.9719
1662.0311
1679.6581
1697.5031
1717.4823
1737.0187
1755.4768
1775.7031
1792.5638
1810.2298
1828.2944
1845.3823
1864.9969
1883.4942
1903.1393
1921.3349
1937.6019
1958.344
1980.2623
1998.6262
2018.4178
2037.2904
2056.6888
2076.2437
2094.5661
2115.2856
2133.7199
2155.2234
2174.4911
2193.1202
2210.9924
2233.4829
2250.092
2269.0735
2287.0605
2306.5809
2325.0027
2343.0138
2362.8109
2382.5304
2402.7458
2424.9732
2445.2052
2465.9844
2487.8614
2506.9548
2529.1862
2552.0307
2572.7458
2594.7542
2616.0952
2635.7135
2656.4018
2677.6447
2698.3079
2717.3393
2737.1561
2761.2315
2783.3273
2804.5637
2826.0941
2848.3731
2870.3151
2894.1662
2914.8599
2936.457
2961.0882
2977.9607
2996.4137
3017.5914
3040.2054
3061.6925
3084.7544
