32.0
32.0
31.9857
31.9741
31.9589
31.9458
31.9334
31.9195
31.9042
31.8896
31.8805
31.8678
31.8532
31.8397
31.8317
31.8208
31.8111
31.8011
31.7915
31.783
31.7748
31.7652
31.7584
31.7495
31.7414
31.7324
31.7239
31.7159
31.7071
31.7009
31.6941
31.6864
31.6788
31.6719
31.6663
31.6596
31.6524
31.6464
31.6375
31.6277
31.6186
31.6122
31.6039
31.5979
31.5901
31.5819
31.5759
31.5697
31.565
31.5589
31.5532
31.548000000000005
31.5426
31.5355
31.5208
31.5068
31.488899999999994
31.4727
31.4577
31.4388
31.423
31.4083
31.3929
31.375500000000006
31.358099999999993
31.3399
31.3273
31.3088
31.2929
31.276599999999995
31.2613
31.2437
31.2301
31.2171
31.2046
31.19
31.1697
31.1539
31.137699999999988
31.125099999999993
31.108500000000006
31.091199999999994
31.0771
31.0621
31.0464
31.0306
31.0183
31.0015
30.9856
30.9668
30.951600000000013
30.933799999999994
30.9178
30.90110000000001
30.88570000000001
30.86740000000001
30.8503
30.8339
30.81839999999999
30.80179999999999
30.786499999999993
30.77130000000001
30.753699999999995
30.7353
30.71950000000001
30.702799999999993
30.688099999999988
30.670800000000007
30.6532
30.6351
30.6181
30.5994
30.5819
30.56539999999999
30.5487
30.53029999999999
30.5113
30.494699999999995
30.4795
30.462699999999977
30.44680000000001
30.429400000000005
30.4114
30.39829999999999
30.37760000000001
30.35989999999999
30.3439
30.331099999999996
30.329900000000013
30.3316
30.332000000000022
30.3323
30.3331
30.33360000000001
30.335
30.337700000000016
30.33859999999999
30.340600000000006
30.3419
30.34130000000002
30.34189999999999
30.343699999999988
30.3439
30.346899999999994
30.34789999999999
30.35040000000001
30.351400000000016
30.352300000000007
30.355099999999975
30.357899999999994
30.36000000000001
30.363499999999988
30.365399999999994
30.366500000000006
30.366799999999984
30.3716
30.374399999999987
30.37640000000001
30.378599999999995
30.3793
30.381400000000024
30.3818
30.384199999999993
30.3869
30.388700000000007
30.390700000000013
30.394699999999993
30.397300000000012
30.397600000000004
30.399399999999993
30.4008
30.401300000000013
30.404899999999994
30.4058
30.409799999999972
30.4129
30.41190000000001
30.412500000000012
30.413299999999982
30.416799999999988
30.4209
30.4217
30.42250000000001
30.4227
30.4233
30.425
30.426200000000012
30.4295
30.431700000000006
30.431900000000013
30.43469999999997
30.43740000000001
30.438399999999987
30.4388
30.442500000000006
30.446
30.44820000000001
30.449100000000012
30.4506
30.454
