343.0
343.0
321.486
300.76
281.352
263.925
246.354
231.214
212.947
197.491
182.908
172.416
161.01
149.24
138.814
128.085
119.011
111.189
102.09
95.74
88.91
81.467
75.015
69.825
64.869
59.854
55.2
51.007
47.027
43.657
40.591
37.213
34.469
31.557
30.145
28.135
26.168
24.496
22.49
20.971
19.923
18.763
16.501
15.105
14.292
13.485
11.962
10.813
10.115
9.471
8.888
8.154
7.263
6.904
6.658
6.928
6.777
6.78
6.761
6.823
6.692
6.61
6.562
6.537
6.663
6.624
6.608
6.604
6.395
6.309
6.222
6.137
6.012
6.12
5.981
5.935
6.148
5.931
5.858
5.631
5.505
5.573
5.503
5.365
5.262
5.243
5.083
4.967
4.942
4.99
4.966
4.904
5.002
4.873
4.824
4.727
4.774
4.552
4.464
4.507
4.545
4.442
4.394
4.284
4.183
4.052
4.037
4.032
3.938
3.91
3.801
3.736
3.794
3.828
3.776
3.563
3.484
3.454
3.528
3.477
3.545
3.554
3.312
3.473
3.412
3.477
3.527
3.326
3.165
2.906
2.606
2.437
2.324
2.195
2.19
2.159
2.155
1.95
1.748
1.576
1.508
1.53
1.471
1.396
1.345
1.311
1.295
1.297
1.279
1.327
1.346
1.29
1.282
1.181
1.204
1.207
1.185
1.183
1.099
1.102
1.064
1.059
0.988
1.017
1.039
0.972
0.897
0.762
0.819
0.839
0.815
0.834
0.786
0.746
0.709
0.665
0.639
0.545
0.53
0.52
0.544
0.538
0.482
0.488
0.488
0.46
0.44
0.408
0.414
0.454
0.49
0.475
0.473
0.467
0.441
0.425
0.509
0.45
0.499
0.482
