9.0
9.0
9.040000000000015
9.056000000000004
9.082000000000011
9.10500000000001
9.131999999999996
9.14400000000001
9.156999999999993
9.172000000000011
9.202999999999996
9.243000000000018
9.24899999999999
9.278
9.292000000000014
9.325999999999988
9.353000000000007
9.367999999999999
9.378999999999994
9.389999999999993
9.414999999999988
9.429999999999998
9.428999999999997
9.435000000000008
9.444000000000004
9.451999999999993
9.463999999999977
9.493000000000004
9.495000000000008
9.502
9.51
9.506
9.52199999999999
9.535000000000007
9.546000000000001
9.539999999999985
9.564999999999989
9.571999999999996
9.569000000000004
9.589000000000006
9.601999999999999
9.615999999999998
9.639000000000006
9.658
9.665999999999986
9.673
9.672999999999996
9.688000000000011
9.696000000000003
9.709
9.719000000000003
9.733000000000008
9.735000000000007
9.751000000000007
9.76
9.760999999999985
9.776000000000003
9.784000000000011
9.783999999999985
9.79
9.793999999999999
9.80899999999999
9.813000000000004
9.82900000000001
9.841999999999997
9.831000000000003
9.822000000000008
9.829999999999988
9.837000000000003
9.85000000000001
9.86
9.865000000000007
9.872999999999992
9.888999999999996
9.894000000000005
9.915000000000004
9.935000000000002
9.93600000000001
9.962999999999981
9.985000000000007
9.996
10.010999999999992
10.031000000000004
10.038999999999978
10.046000000000003
10.070000000000011
10.099000000000007
10.102
10.127000000000002
10.135000000000014
10.152
10.161999999999995
10.178999999999995
10.190999999999995
10.211999999999996
10.219000000000003
10.236999999999997
10.245999999999995
10.253
10.272000000000007
10.305999999999989
10.328999999999992
10.358000000000004
10.38
10.388
10.42199999999999
10.437000000000014
10.447000000000013
10.468999999999998
10.489000000000004
10.505000000000003
10.536000000000007
10.553000000000006
10.596000000000002
10.60800000000001
10.635000000000002
10.642
10.656
10.678000000000008
10.698000000000002
10.726000000000003
10.73100000000001
10.755000000000008
10.772000000000007
10.802999999999995
10.813
10.841
10.869000000000002
10.926999999999996
10.987000000000004
11.027000000000001
11.059000000000003
11.092
11.143
11.176
11.216
11.249000000000006
11.305
11.361000000000004
11.403
11.444
11.474999999999998
11.513000000000002
11.564000000000002
11.603
11.645
11.68400000000001
11.716000000000001
11.751999999999997
11.791000000000006
11.825999999999993
11.859
11.889999999999997
11.940000000000003
11.968999999999992
12.006000000000002
12.046999999999999
12.089
12.142
12.155999999999997
12.2
12.225999999999996
12.265999999999996
12.294000000000004
12.328999999999999
12.369999999999992
12.402
12.449000000000009
12.487999999999994
12.512
12.54
12.560000000000004
12.589000000000002
12.620000000000001
12.656000000000002
12.671000000000005
12.698999999999998
12.724999999999996
12.749999999999996
12.786000000000007
12.813999999999998
12.848
12.874999999999996
12.918000000000003
12.926000000000004
12.963999999999997
12.996
13.031
13.054
13.094999999999997
13.125000000000002
13.164000000000001
13.214
13.248999999999999
13.271
13.297000000000004
13.322
13.344999999999997
13.379999999999997
13.403999999999996
