3.0
3.0
2.980000000000001
2.963
2.947000000000002
2.933
2.914
2.8989999999999987
2.871999999999999
2.851000000000001
2.834999999999999
2.812
2.799000000000001
2.774999999999999
2.7610000000000006
2.743000000000002
2.7170000000000005
2.701000000000002
2.6870000000000003
2.673000000000002
2.657000000000001
2.6420000000000017
2.626
2.6050000000000026
2.5829999999999997
2.568
2.561000000000001
2.5420000000000007
2.5249999999999972
2.5119999999999982
2.502
2.486999999999999
2.468999999999998
2.463999999999999
2.452999999999999
2.4330000000000025
2.4180000000000037
2.4059999999999984
2.393000000000002
2.3880000000000026
2.3819999999999992
2.371
2.3470000000000004
2.344000000000002
2.329
2.3189999999999955
2.302999999999996
2.2869999999999986
2.281000000000001
2.2670000000000057
2.2649999999999983
2.2569999999999983
2.2450000000000028
2.2489999999999983
2.2380000000000044
2.236999999999999
2.2199999999999993
2.214000000000002
2.204999999999999
2.198999999999998
2.1940000000000017
2.184000000000002
2.176000000000001
2.1759999999999957
2.1710000000000065
2.1639999999999984
2.162000000000002
2.1620000000000017
2.157999999999998
2.153000000000001
2.159999999999999
2.1519999999999957
2.1429999999999967
2.141000000000002
2.137999999999992
2.136000000000002
2.1319999999999983
2.138999999999998
2.134999999999999
2.1339999999999986
2.130999999999994
2.118999999999998
2.1180000000000048
2.117999999999997
2.113000000000004
2.1129999999999987
2.1220000000000026
2.1260000000000057
2.1239999999999983
2.128
2.131999999999998
2.130999999999998
2.140999999999999
2.1400000000000006
2.125999999999999
2.121999999999998
2.1209999999999964
2.1199999999999983
2.129000000000003
2.126000000000002
2.1250000000000004
2.122000000000002
2.1159999999999966
2.111999999999999
2.122999999999999
2.1219999999999954
2.1249999999999947
2.123000000000006
2.1170000000000004
2.117999999999999
2.113000000000001
2.109999999999997
2.113999999999999
2.1119999999999997
2.114999999999999
2.1169999999999995
2.1259999999999994
2.128000000000001
2.1249999999999982
2.1309999999999953
2.1220000000000017
2.1140000000000034
2.119000000000003
2.1170000000000027
2.114999999999996
2.1179999999999946
2.1030000000000038
2.1020000000000008
2.1090000000000013
2.101999999999997
2.0999999999999934
2.100000000000001
2.105999999999997
2.103000000000003
2.1020000000000034
2.103999999999999
2.109000000000004
2.111999999999999
2.120999999999999
2.1080000000000028
2.0959999999999965
2.0919999999999983
2.0829999999999993
2.087000000000004
2.077999999999998
2.0850000000000004
2.0920000000000027
2.0869999999999993
2.0820000000000003
2.0859999999999963
2.0809999999999986
2.079999999999999
2.0769999999999977
2.0690000000000035
2.081999999999998
2.087000000000001
2.084000000000001
2.091999999999999
2.0959999999999956
2.0770000000000017
2.0660000000000047
2.056999999999997
2.052000000000001
2.054
2.0519999999999983
2.061999999999999
2.0680000000000027
2.0689999999999964
2.063000000000003
2.0610000000000026
2.061999999999999
2.052999999999998
2.055000000000002
2.0509999999999984
2.055000000000002
2.063999999999999
2.071000000000002
2.071999999999999
2.0700000000000003
2.06
2.068000000000002
2.080999999999998
2.084999999999998
2.0929999999999986
2.0910000000000006
2.0999999999999934
2.1090000000000035
2.112000000000006
2.112000000000002
2.1200000000000028
2.121999999999999
2.121
2.128000000000003
2.1300000000000043
2.131000000000003
2.129000000000001
2.116999999999998
2.113000000000004
2.108000000000001
2.1220000000000017
