49.0
49.0
48.9678
48.947
48.9409
48.9368
48.9088
48.9292
48.9494
48.9662
48.9692
49.0292
49.0378
49.0475
49.1042
49.1317
49.1831
49.2259
49.2667
49.3897
49.4877
49.5483
49.632
49.7222
49.7758
49.8312
49.9326
50.0284
50.1349
50.2077
50.3302
50.4766
50.605
50.736
50.8634
50.9437
51.1451
51.2767
51.3698
51.51
51.661
51.8653
52.0348
52.1954
52.3482
52.5255
52.718
52.8428
52.9836
53.1201
53.2416
53.4207
53.5941
53.7953
54.0626
54.3078
54.6061
54.92
55.1902
55.491
55.7732
56.063
56.3966
56.6862
57.0114
57.317
57.6505
57.9969
58.3682
58.7232
59.0758
59.4054
59.6825
59.9836
60.3016
60.6238
60.9528
61.2949
61.6294
61.9217
62.2935
62.7077
63.0828
63.4448
63.7859
64.1073
64.5357
64.8332
65.2171
65.638
65.9839
66.329
66.7133
67.1077
67.4349
67.7917
68.1626
68.4588
68.8305
69.1655
69.5439
69.8689
70.2739
70.6725
71.0393
71.3707
71.8066
72.1978
72.5578
72.9177
73.2341
73.6407
74.0375
74.4402
74.882
75.3049
75.6918
76.042
76.4763
76.8345
77.1677
77.5109
77.8875
78.2652
78.6608
79.0611
79.52
79.93
80.3564
80.7336
81.0602
81.4765
81.8917
82.3378
82.7507
83.1328
83.4626
83.8644
84.2683
84.6925
85.1094
85.526
85.9329
86.3282
86.7598
87.1732
87.5504
87.9231
88.3245
88.7196
89.1047
89.5129
90.0044
90.4141
90.787
91.2624
91.7396
92.1336
92.5429
92.9679
93.3902
93.8693
94.3093
94.8308
95.2423
95.6842
96.0915
96.4847
96.9439
97.5201
98.0005
98.4306
98.8397
99.2872
99.6757
100.123
100.5711
100.9638
101.4303
101.8241
102.3117
102.8217
103.2915
103.7328
104.2494
104.6969
105.2056
105.6358
106.07
106.554
106.9368
107.4306
107.9391
108.3824
108.7524
109.2465
109.6559
110.1115
110.559
111.0692
