12.0
12.0
11.956999999999969
11.914600000000037
11.866500000000025
11.819499999999989
11.768400000000002
11.719899999999996
11.672299999999984
11.627700000000026
11.581199999999983
11.533300000000024
11.491199999999983
11.447299999999986
11.401500000000008
11.35439999999998
11.306599999999996
11.259600000000004
11.212800000000021
11.170700000000013
11.123300000000011
11.078800000000006
11.031600000000026
10.986600000000047
10.941300000000004
10.895800000000007
10.848100000000066
10.805000000000003
10.758900000000022
10.71270000000001
10.664500000000043
10.614800000000029
10.571899999999959
10.527199999999944
10.488699999999998
10.443700000000009
10.395799999999966
10.351000000000012
10.301200000000012
10.25120000000002
10.20780000000001
10.16159999999998
10.115299999999982
10.06889999999999
10.025099999999998
9.97899999999996
9.938500000000015
9.894699999999977
9.85040000000005
9.806999999999974
9.759000000000018
9.71739999999997
9.672699999999963
9.629300000000018
9.599199999999975
9.573200000000032
9.546899999999997
9.519300000000007
9.489899999999976
9.461500000000006
9.435500000000047
9.410200000000051
9.382299999999987
9.355699999999995
9.331000000000039
9.30610000000001
9.2801
9.255399999999977
9.231200000000044
9.205400000000024
9.179099999999975
9.153999999999968
9.129900000000017
9.106099999999968
9.084099999999989
9.055400000000018
9.031699999999978
9.004900000000003
8.980000000000022
8.950400000000016
8.924300000000047
8.898400000000002
8.871799999999968
8.844200000000017
8.817499999999988
8.79009999999996
8.764499999999998
8.737700000000045
8.71099999999997
8.681700000000042
8.655699999999992
8.628600000000018
8.60400000000001
8.576600000000035
8.55060000000002
8.52179999999997
8.494500000000013
8.4699000000001
8.44129999999999
8.415000000000004
8.38720000000005
8.356800000000012
8.33149999999994
8.306900000000002
8.276800000000014
8.246000000000036
8.218799999999973
8.190900000000035
8.163799999999947
8.1375
8.111799999999992
8.084900000000047
8.056499999999977
8.024900000000049
7.998699999999999
7.97
7.9406
7.9148
7.8844
7.856
7.829
7.8007
7.775100000000002
7.748999999999997
7.722199999999998
7.6983
7.671
7.6449000000000025
7.611900000000001
7.5767
7.542600000000003
7.5090000000000074
7.476799999999997
7.4415
7.411199999999998
7.373499999999997
7.340800000000009
7.3089
7.275399999999997
7.2394
7.208799999999998
7.174899999999994
7.14469999999999
7.111800000000006
7.078600000000003
7.044500000000001
7.012100000000001
6.979099999999997
6.946900000000012
6.9145
6.880799999999995
6.848300000000009
6.814199999999997
6.781800000000012
6.7493000000000025
6.714299999999988
6.6824
6.647099999999978
6.61629999999999
6.5857
6.551200000000019
6.518700000000015
6.484700000000002
6.450999999999989
6.4155
6.382200000000002
6.349699999999984
6.3175000000000106
6.284600000000001
6.2526999999999955
6.220399999999992
6.184399999999993
6.1533000000000015
6.121300000000003
6.090199999999978
6.056999999999998
6.021999999999997
5.989799999999983
5.956600000000006
5.920699999999985
5.891500000000011
5.86309999999999
5.829100000000003
5.795399999999995
5.762099999999994
5.728799999999995
5.699300000000006
5.665500000000004
5.632700000000023
5.599600000000007
5.569000000000019
5.539399999999999
5.508799999999984
5.472700000000019
5.442799999999997
5.411400000000024
5.379000000000003
5.347799999999986
5.314800000000022
5.2854999999999945
