0.0
0.0
0.0
9.999999999999985E-4
9.999999999999985E-4
0.0029999999999999996
0.004999999999999997
0.004999999999999997
0.007999999999999988
0.008999999999999998
0.00999999999999999
0.012999999999999986
0.012999999999999986
0.013999999999999986
0.01500000000000001
0.01500000000000001
0.017999999999999967
0.01999999999999997
0.021
0.022000000000000013
0.024000000000000014
0.025999999999999992
0.029
0.030999999999999993
0.031999999999999994
0.031999999999999994
0.03199999999999998
0.033
0.03500000000000002
0.03799999999999996
0.041999999999999996
0.04500000000000001
0.047
0.047
0.046999999999999986
0.04800000000000001
0.05
0.052
0.051
0.052000000000000005
0.05600000000000001
0.05500000000000001
0.05600000000000001
0.055
0.058
0.061000000000000006
0.061000000000000006
0.061000000000000006
0.061000000000000006
0.062000000000000006
0.06500000000000002
0.06500000000000002
0.06899999999999992
0.07100000000000009
0.07299999999999994
0.07399999999999997
0.07700000000000005
0.07700000000000003
0.07900000000000011
0.08199999999999993
0.088
0.092
0.09600000000000003
0.10100000000000003
0.10099999999999994
0.10900000000000003
0.11199999999999997
0.11000000000000003
0.114
0.12
0.12799999999999992
0.12899999999999992
0.13099999999999978
0.13300000000000003
0.13400000000000015
0.13600000000000007
0.14
0.14099999999999988
0.14199999999999985
0.14299999999999982
0.1470000000000001
0.15099999999999994
0.15500000000000017
0.15900000000000009
0.16100000000000006
0.16700000000000012
0.16900000000000007
0.17299999999999993
0.17499999999999993
0.17599999999999993
0.18100000000000002
0.18399999999999994
0.19100000000000006
0.202
0.204
0.20800000000000007
0.21300000000000005
0.21600000000000005
0.218
0.222
0.226
0.226
0.235
0.241
0.244
0.24599999999999997
0.2539999999999996
0.2570000000000004
0.26100000000000023
0.2689999999999999
0.27300000000000046
0.27599999999999975
0.2820000000000005
0.28700000000000025
0.2910000000000001
0.295
0.30299999999999977
0.3060000000000001
0.30999999999999994
0.31200000000000044
0.3169999999999996
0.322
0.3270000000000003
0.33199999999999996
0.33999999999999997
0.34300000000000014
0.34500000000000014
0.3489999999999999
0.3499999999999999
0.35600000000000026
0.3609999999999999
0.37
0.378
0.3809999999999998
0.384
0.3850000000000001
0.39300000000000007
0.3999999999999999
0.4020000000000001
0.41099999999999987
0.41199999999999987
0.4159999999999999
0.4299999999999999
0.433
0.43799999999999994
0.441
0.44599999999999995
0.4490000000000001
0.457
0.46199999999999997
0.46700000000000014
0.4730000000000001
0.476
0.483
0.491
0.493
0.49499999999999994
0.49999999999999967
0.5060000000000007
0.5119999999999998
0.5140000000000011
0.5149999999999996
0.5180000000000006
0.5199999999999994
0.5270000000000007
0.5299999999999999
0.5309999999999996
0.536
0.5379999999999988
0.5399999999999996
0.5459999999999998
0.5489999999999998
0.5519999999999992
0.558999999999999
0.5679999999999993
0.5759999999999997
0.578
0.583
0.5880000000000002
0.5909999999999991
0.5979999999999998
0.6049999999999998
0.6079999999999999
0.6110000000000003
0.6169999999999992
0.6219999999999998
0.6290000000000001
0.6389999999999999
0.6429999999999998
0.6470000000000006
0.6480000000000005
0.6539999999999996
0.6570000000000003
0.6609999999999993
0.6629999999999998
0.6690000000000003
0.6709999999999998
0.6770000000000012
0.6800000000000002
0.6819999999999997
