225.0
225.0
225.318407960199
225.9452736318408
226.2537313432836
226.56218905472636
226.87064676616916
227.6417910447761
227.65174129353233
227.50746268656715
227.81592039800995
228.12437810945275
228.74129353233832
228.76119402985074
228.62686567164178
229.71641791044777
229.726368159204
230.044776119403
230.35323383084577
230.97014925373134
230.6915422885572
230.9900497512438
230.84577114427861
231.15422885572139
231.32835820895522
231.62686567164178
231.93532338308458
232.69651741293532
233.3134328358209
233.9402985074627
234.13432835820896
234.14427860696517
234.76119402985074
234.91542288557213
235.3781094527363
235.97512437810946
236.28358208955223
236.7462686567164
237.36318407960198
237.22885572139305
237.23880597014926
237.53731343283582
237.24875621890547
237.25870646766168
237.56716417910448
238.02985074626866
238.63681592039802
238.34825870646767
238.50248756218906
238.34825870646767
238.81094527363183
239.5820895522388
240.19900497512438
240.6318407960199
240.7860696517413
241.09452736318408
241.09452736318408
241.40298507462686
241.54726368159203
241.54726368159203
241.53731343283582
241.72139303482587
241.72139303482587
242.45273631840797
242.91542288557213
242.91542288557213
243.51243781094527
243.65671641791045
243.81094527363183
244.11940298507463
244.273631840796
244.28358208955223
244.4278606965174
244.7363184079602
245.03482587064676
245.33333333333334
245.33333333333334
245.48756218905473
245.6417910447761
245.9502487562189
245.9502487562189
245.79601990049753
246.1044776119403
245.79601990049753
246.1044776119403
246.1044776119403
246.24875621890547
246.24875621890547
246.24875621890547
246.40298507462686
246.25870646766168
246.25870646766168
246.4129353233831
246.5771144278607
246.5771144278607
246.5771144278607
246.5771144278607
246.87562189054725
246.72139303482587
247.18407960199005
247.32835820895522
247.7810945273632
247.63681592039802
248.08955223880596
248.4179104477612
248.5721393034826
248.5721393034826
248.726368159204
249.00497512437812
249.00497512437812
249.45771144278606
249.61194029850745
249.45771144278606
249.75621890547265
249.7462686567164
249.7462686567164
249.7462686567164
249.90049751243782
249.90049751243782
249.90049751243782
249.75621890547265
249.75621890547265
249.75621890547265
250.0547263681592
250.2089552238806
250.0547263681592
250.2089552238806
250.2189054726368
250.2189054726368
250.2189054726368
250.5273631840796
250.37313432835822
250.83582089552237
250.681592039801
250.681592039801
250.83582089552237
250.9900497512438
251.29850746268656
251.0
250.84577114427861
250.6915422885572
250.84577114427861
250.84577114427861
251.15422885572139
251.3084577114428
251.61691542288557
251.77114427860695
251.77114427860695
251.92537313432837
252.07960199004975
251.92537313432837
251.92537313432837
251.92537313432837
251.92537313432837
251.77114427860695
251.61691542288557
251.77114427860695
252.06965174129354
252.06965174129354
252.06965174129354
252.06965174129354
252.22388059701493
252.22388059701493
252.06965174129354
252.0597014925373
252.20398009950247
252.0497512437811
252.20398009950247
252.3582089552239
252.66666666666666
252.97512437810946
252.82089552238807
252.82089552238807
252.82089552238807
252.51243781094527
252.66666666666666
252.66666666666666
252.51243781094527
252.82089552238807
252.82089552238807
252.3582089552239
252.3582089552239
252.3582089552239
252.3582089552239
252.3582089552239
252.51243781094527
252.3582089552239
252.20398009950247
252.18407960199005
252.18407960199005
252.18407960199005
252.33830845771143
252.64676616915423
252.64676616915423
252.64676616915423
252.49253731343285
252.64676616915423
252.64676616915423
252.50248756218906
252.19402985074626
