324.0
324.0
322.3318
320.7265
319.119
317.5328
315.8459
314.1654
312.5325
310.8769
309.2024
307.5883
305.9587
304.4732
303.0163
301.3002
299.9134
298.4099
296.99
295.5878
294.194
292.713
291.1905
289.6438
288.2507
286.9113
285.5262
283.9564
282.5715
281.1026
279.8672
278.5648
277.3212
276.0501
274.7301
273.5258
272.1124
270.8319
269.6625
268.3523
266.9634
265.7368
264.4906
263.1671
261.801
260.5037
259.1472
257.9117
256.633
255.3826
254.0906
252.8823
251.6505
250.235
248.4231
246.5129
244.6824
242.7002
240.9504
239.1666
237.2637
235.5516
233.8467
232.2174
230.389
228.6893
227.123
225.484
223.7699
222.0608
220.5805
218.7844
217.1621
215.4608
213.8654
212.2392
210.7592
209.2184
207.6182
206.0355
204.6344
203.1257
201.6845
200.2133
198.6541
197.2159
195.7042
194.0701
192.8216
191.3623
190.0612
188.6415
187.1742
185.6654
184.2542
182.8885
181.323
179.9292
178.5941
177.3186
176.0935
174.8379
173.455
172.0259
170.6654
169.3742
168.2178
166.9321
165.6644
164.4265
163.1368
161.7449
160.4766
159.1199
157.9201
156.9585
155.8554
154.671
153.426
152.1834
150.9881
149.6792
148.4756
147.3359
146.1822
145.0626
143.8381
142.7725
141.785
141.0295
140.248
139.3721
138.4932
137.6596
136.7382
135.8842
135.0366
134.315
133.5303
132.6721
131.8875
131.0496
130.2444
129.5564
128.6975
127.8019
126.9869
126.2545
125.5825
124.8401
124.0588
123.2466
122.3353
121.5932
120.8028
120.0472
119.2522
118.5378
117.8378
117.1748
116.4362
115.7494
115.0377
114.3645
113.7579
113.1136
112.4846
111.6905
110.8729
110.2146
109.5243
108.8304
108.2169
107.6012
106.8671
106.1638
105.3862
104.7123
103.8913
103.2023
102.617
101.8711
101.3237
100.7194
100.0838
99.5081
98.7686
98.0868
97.4741
96.8634
96.3035
95.7501
95.179
94.529
93.9555
93.2731
92.6358
91.9543
91.3734
90.81
