27.0
27.0
25.8181
24.7963
23.7969
22.9651
22.1162
21.3397
20.5242
19.647
18.9411
18.2446
17.5184
16.8742
16.2433
15.5685
14.9545
14.385
13.7857
13.2631
12.7777
12.1982
11.7008
11.2175
10.8496
10.442
10.0526
9.6732
9.2588
8.9002
8.5325
8.2304
7.8681
7.6228
7.3089
7.082
6.8401
6.5588
6.3042
6.108
5.8594
5.6292
5.4006
5.1823
4.9607
4.7609
4.5751
4.385
4.2191
4.0572
3.9192
3.7599
3.6211
3.5403
3.5242
3.4962
3.4773
3.4627
3.4347
3.4268
3.4146
3.4064
3.3922
3.3436
3.3144
3.2894
3.2646
3.2296
3.2015
3.1807
3.1678
3.138
3.1037
3.0799
3.0637
3.0459
3.0182
3.005
2.994
2.9735
2.9529
2.9061
2.8813
2.8615
2.8431
2.8156
2.8006
2.7823
2.7552
2.7385
2.7381
2.7069
2.6824
2.6597
2.6411
2.6309
2.6197
2.6132
2.5829
2.5629
2.5351
2.5189
2.482
2.4748
2.4596
2.4232
2.4174
2.4183
2.4112
2.404
2.3929
2.3878
2.3803
2.3534
2.3454
2.3458
2.3341
2.3216
2.3057
2.284
2.2822
2.2676
2.2433
2.2372
2.2278
2.2079
2.1962
2.1822
2.1717
2.147
2.1372
2.1383
2.1168
2.1081
2.0971
2.0879
2.1014
2.1
2.0997
2.1004
2.0889
2.0887
2.0609
2.0704
2.0776
2.0768
2.0809
2.0614
2.0755
2.0959
2.1103
2.1061
2.1012
2.1131
2.1058
2.1194
2.1242
2.1515
2.1635
2.1783
2.2211
2.2218
2.228
2.2228
2.2412
2.2464
2.2553
2.2731
2.3057
2.3155
2.3359
2.3323
2.338
2.3275
2.3391
2.354
2.389
2.407
2.4139
2.4386
2.4655
2.4832
2.5235
2.5551
2.5746
2.5913
2.6273
2.6211
2.6675
2.6895
2.7158
2.7196
2.7391
2.7694
2.8003
2.8146
2.8604
2.8828
2.8802
2.9252
