1.0
1.0
0.856
0.735
0.665
0.6
0.527
0.465
0.405
0.364
0.33
0.301
0.285
0.261
0.235
0.243
0.248
0.253
0.235
0.239
0.239
0.222
0.212
0.202
0.195
0.214
0.218
0.209
0.204
0.211
0.195
0.208
0.216
0.221
0.201
0.2
0.195
0.199
0.195
0.179
0.184
0.184
0.188
0.189
0.194
0.203
0.217
0.217
0.226
0.231
0.234
0.246
0.234
0.244
0.262
0.271
0.272
0.276
0.276
0.278
0.293
0.274
0.289
0.29
0.297
0.287
0.294
0.309
0.321
0.326
0.325
0.318
0.327
0.319
0.321
0.315
0.312
0.3
0.302
0.292
0.287
0.289
0.286
0.277
0.287
0.282
0.272
0.252
0.243
0.244
0.245
0.241
0.228
0.222
0.229
0.228
0.231
0.232
0.218
0.228
0.221
0.194
0.201
0.205
0.21
0.204
0.2
0.195
0.2
0.203
0.206
0.206
0.21
0.221
0.228
0.223
0.203
0.192
0.19
0.191
0.186
0.187
0.193
0.191
0.189
0.182
0.183
0.195
0.205
0.203
0.205
0.218
0.226
0.246
0.259
0.258
0.259
0.271
0.31
0.309
0.315
0.328
0.347
0.376
0.396
0.394
0.404
0.426
0.447
0.463
0.459
0.458
0.468
0.466
0.462
0.47
0.497
0.502
0.495
0.518
0.486
0.497
0.51
0.529
0.554
0.567
0.589
0.615
0.631
0.66
0.659
0.674
0.692
0.693
0.706
0.72
0.742
0.733
0.744
0.739
0.751
0.76
0.759
0.764
0.765
0.764
0.779
0.809
0.833
0.829
0.831
0.819
0.818
0.822
0.836
0.857
0.878
0.88
0.882
0.898
