1.0
1.0
1.158
1.418
1.614
1.768
1.813
1.928
1.932
1.999
2.037
2.102
2.022
2.119
2.188
2.121
2.143
2.067
2.007
2.034
2.05
2.042
2.006
2.007
1.951
2.034
1.971
2.03
1.949
1.927
1.886
1.973
1.949
1.794
1.812
1.81
1.89
1.889
1.828
1.773
1.701
1.749
1.774
1.768
1.773
1.745
1.722
1.832
1.808
1.78
1.711
1.647
1.586
1.613
1.649
1.734
1.734
1.668
1.714
1.74
1.843
1.91
1.933
1.974
1.93
2.013
2.029
2.071
2.083
2.131
2.134
2.113
2.041
2.024
2.064
2.013
1.982
1.928
2.0
1.961
1.977
2.049
1.918
1.836
1.769
1.76
1.764
1.742
1.724
1.724
1.7
1.758
1.766
1.78
1.759
1.749
1.731
1.709
1.651
1.602
1.664
1.697
1.584
1.615
1.562
1.423
1.343
1.315
1.237
1.213
1.179
1.061
1.061
1.101
1.111
1.097
1.101
1.058
1.059
1.028
1.024
0.988
0.933
0.896
0.875
0.863
0.856
0.856
0.895
0.932
0.961
0.975
0.974
0.993
1.042
0.985
0.978
0.988
1.007
1.019
1.004
1.068
1.056
1.068
1.113
1.195
1.396
1.453
1.457
1.48
1.58
1.544
1.535
1.676
1.803
1.827
1.827
1.888
1.923
1.952
1.942
1.946
2.037
2.012
2.097
2.127
2.158
2.222
2.264
2.242
2.338
2.302
2.287
2.378
2.429
2.448
2.454
2.499
2.599
2.621
2.678
2.756
2.791
2.815
2.839
2.977
2.994
2.999
3.096
3.217
3.281
3.336
3.424
3.467
3.65
3.658
3.768
3.907
4.114
4.217
