196.0
196.0
196.068
195.512
194.944
194.608
194.737
193.894
193.774
193.352
192.21
191.404
190.874
190.355
189.898
189.203
188.861
188.365
187.423
186.475
185.198
184.187
183.179
182.772
182.567
181.978
181.466
180.701
179.839
178.911
178.021
177.332
176.396
175.231
174.26
173.282
172.592
171.61
170.579
169.404
168.723
168.083
167.126
166.148
165.066
164.341
163.166
162.271
161.003
159.644
158.824
157.362
156.268
155.587
154.764
153.704
153.066
152.376
151.06
149.81
149.009
147.923
147.219
146.317
145.586
144.434
143.062
142.079
140.978
139.706
138.577
137.418
136.449
135.569
134.373
133.604
132.513
131.741
130.721
129.87
128.746
127.643
126.726
125.693
124.675
123.773
123.008
121.353
120.535
119.593
118.646
117.705
116.516
115.703
114.54
113.31
112.367
111.2
110.257
109.415
108.143
107.275
105.947
105.204
104.208
103.241
102.08
101.323
100.604
99.397
98.183
97.481
97.128
95.673
94.763
93.902
93.214
92.177
91.476
90.922
90.048
88.854
88.291
87.362
86.668
85.517
84.772
84.294
83.228
82.123
81.247
80.567
79.773
78.856
77.919
77.08
75.936
75.404
74.962
73.847
73.246
72.393
72.006
70.857
69.971
68.945
67.873
67.383
66.633
65.633
64.959
64.071
63.298
62.372
61.731
61.004
60.246
59.635
58.95
58.124
57.175
56.563
55.697
54.961
54.289
53.217
52.316
51.973
51.254
50.585
49.931
49.311
48.567
48.252
47.714
47.106
46.205
45.699
45.29
44.689
44.02
43.505
42.486
42.06
41.084
40.741
40.132
39.506
38.932
38.291
37.515
36.922
36.389
35.889
35.37
34.777
34.208
33.721
33.098
32.571
