13.0
13.0
13.023
13.039000000000007
13.087000000000003
13.141999999999996
13.171999999999997
13.212000000000003
13.270999999999997
13.290999999999999
13.338000000000005
13.395
13.422000000000002
13.450000000000003
13.485999999999997
13.547999999999998
13.601999999999997
13.636
13.660000000000004
13.684
13.721000000000007
13.735999999999997
13.753000000000004
13.786999999999999
13.833
13.851
13.875000000000004
13.887000000000004
13.923
13.952999999999996
13.945
13.977
14.018
14.054
14.089000000000006
14.141
14.148999999999996
14.19
14.191999999999998
14.22
14.221
14.23
14.260000000000002
14.296
14.303
14.314
14.336000000000002
14.375
14.387000000000004
14.399000000000003
14.435000000000004
14.434
14.437999999999997
14.467999999999996
14.503999999999998
14.523
14.543
14.575
14.612
14.636
14.667
14.698
14.733
14.759
14.769
14.798
14.815
14.854
14.877
14.913000000000002
14.934
14.96
14.979
14.98
15.002000000000002
15.0
15.013
15.015
15.034
15.044
15.064000000000002
15.084
15.095
15.122
15.139
15.163
15.172
15.196
15.228
15.259
15.274
15.296
15.328
15.344999999999999
15.366
15.392
15.409
15.417
15.446
15.439
15.462
15.495
15.488
15.501
15.526
15.518
15.522
15.542000000000002
15.579
15.595
15.603
15.611000000000002
15.623
15.633
15.641
15.685
15.682
15.696
15.708
15.719
15.729
15.744000000000002
15.738
15.737
15.755
15.791999999999998
15.800000000000006
15.808999999999996
15.817
15.815000000000001
15.823
15.835000000000004
15.827
15.815999999999999
15.811
15.819
15.817000000000005
15.820000000000004
15.835
15.839999999999996
15.839999999999993
15.825999999999997
15.818000000000003
15.832999999999993
15.844000000000001
15.835
15.859999999999992
15.850999999999997
15.845999999999997
15.842000000000002
15.832999999999993
15.826000000000004
15.83100000000001
15.824000000000003
15.825999999999993
15.811999999999998
15.815000000000003
15.825000000000005
15.819
15.799000000000001
15.802
15.801999999999998
15.803999999999997
15.79
15.782
15.772
15.738000000000001
15.739
15.732000000000001
15.722
15.706
15.708
15.699
15.688
15.689
15.675
15.661
15.644
15.628
15.636
15.644000000000002
15.632
15.622
15.617
15.617
15.618
15.608
15.576
15.582
15.581999999999999
15.585
15.569
15.567
15.561
15.569
15.571999999999997
15.553
15.53
15.512
15.529
