144.0
144.0
142.222
140.797
139.692
138.447
137.3
135.996
134.929
133.338
132.21
130.767
129.462
127.874
126.345
125.001
123.853
122.663
121.612
120.538
119.351
118.281
117.059
115.737
114.154
112.939
111.738
110.91
109.599
108.47
107.311
106.073
104.878
103.936
103.422
102.501
101.272
100.221
99.184
98.298
97.685
96.737
95.807
94.723
93.816
92.983
91.778
90.563
89.68
88.915
87.65
86.876
85.835
85.144
84.341
83.692
82.914
82.268
81.879
81.207
80.669
80.19
79.57
78.898
78.43
77.864
77.348
76.719
76.136
75.586
74.894
74.348
73.605
73.011
72.401
71.87
71.319
70.999
70.281
69.766
69.168
68.621
68.022
67.552
67.072
66.382
65.8
65.32
64.844
64.373
63.921
63.501
62.823
62.371
61.873
61.146
60.653
60.242
59.785
59.276
58.919
58.463
57.858
57.424
56.981
56.4
55.913
55.164
54.467
54.091
53.616
53.163
52.699
52.18
51.636
51.198
50.653
50.317
49.787
49.373
49.071
48.807
48.431
48.034
47.667
47.185
46.671
46.176
45.814
45.345
45.123
44.837
44.514
44.185
43.889
43.578
43.246
42.866
42.436
42.044
41.751
41.29
40.868
40.48
40.06
39.837
39.354
38.978
38.627
38.231
37.87
37.702
37.294
37.03
36.665
36.204
35.872
35.569
35.215
34.95
34.647
34.286
34.01
33.66
33.342
33.004
32.776
32.448
32.186
32.026
31.691
31.389
31.041
30.766
30.478
30.04
29.656
29.421
29.102
28.9
28.632
28.383
28.237
27.928
27.621
27.403
26.949
26.772
26.583
26.228
25.961
25.698
25.502
25.384
25.018
24.647
24.376
24.226
24.004
23.69
