23.0
23.0
22.972999999999978
22.921
22.863999999999994
22.831
22.776999999999997
22.735000000000028
22.684
22.63699999999998
22.590999999999998
22.552000000000003
22.512000000000018
22.47299999999999
22.430000000000014
22.40499999999998
22.362999999999992
22.318
22.278000000000027
22.230000000000004
22.188999999999993
22.148999999999994
22.099999999999987
22.083000000000006
22.062000000000005
22.028999999999996
21.993999999999996
21.974000000000004
21.95400000000001
21.915999999999976
21.89400000000001
21.859999999999996
21.819999999999993
21.78300000000003
21.753
21.726000000000028
21.703000000000007
21.66900000000003
21.624999999999982
21.589999999999993
21.581
21.554
21.529000000000014
21.498
21.462999999999987
21.444999999999993
21.416000000000015
21.40500000000003
21.38100000000003
21.35000000000001
21.318000000000023
21.280999999999985
21.263999999999985
21.255999999999993
21.225999999999992
21.206
21.184999999999985
21.15
21.110000000000007
21.083
21.059999999999977
21.039999999999957
21.014000000000028
20.99199999999999
20.96900000000002
20.947
20.933000000000014
20.907
20.903000000000024
20.882999999999978
20.863999999999972
20.827
20.804999999999993
20.790000000000006
20.769000000000034
20.742999999999984
20.71199999999999
20.673999999999992
20.64899999999999
20.625
20.60000000000001
20.571000000000005
20.549999999999994
20.532000000000004
20.495999999999988
20.465000000000035
20.444000000000003
20.423
20.405000000000015
20.383000000000006
20.37000000000001
20.339000000000013
20.316000000000006
20.295999999999978
20.27800000000003
20.25400000000001
20.221999999999962
20.198
20.175999999999995
20.148
20.117000000000008
20.094000000000015
20.074000000000037
20.064000000000018
20.05200000000001
20.017
20.001999999999978
19.967999999999982
19.94900000000001
19.93800000000003
19.908999999999992
19.884000000000043
19.87699999999998
19.852000000000004
19.834000000000007
19.808000000000003
19.77699999999998
19.736999999999984
19.709999999999976
19.67899999999999
19.664000000000012
19.629999999999992
19.596000000000014
19.56800000000001
19.539000000000023
19.51500000000002
19.489999999999977
19.465000000000003
19.41399999999998
19.366999999999987
19.336000000000002
19.28100000000005
19.237000000000023
19.197000000000006
19.162000000000013
19.115999999999975
19.073999999999984
19.02999999999996
18.995000000000005
18.961999999999993
18.908000000000015
18.876999999999978
18.828000000000028
18.78799999999998
18.74300000000003
18.700999999999972
18.643000000000008
18.592000000000013
18.540000000000006
18.484999999999957
18.43900000000002
18.402000000000044
18.369
18.335000000000008
18.307999999999986
18.268000000000033
18.24299999999996
18.20199999999999
18.155000000000022
18.11599999999998
18.076
18.015999999999984
17.979999999999993
17.94399999999999
17.906000000000038
17.858000000000036
17.81100000000001
17.77
17.737999999999996
17.710000000000015
17.65399999999997
17.61400000000002
17.589
17.561000000000014
17.51100000000002
17.470000000000013
17.404000000000007
17.37299999999997
17.311000000000014
17.257000000000012
17.226
17.186999999999994
17.168999999999972
17.119999999999994
17.092999999999986
17.05100000000002
17.01799999999999
16.992000000000058
16.953000000000014
16.903999999999964
16.852000000000004
16.801
16.761
16.725999999999992
16.686999999999994
16.65100000000001
16.631000000000007
16.588000000000036
16.547999999999977
16.513999999999978
