9.0
9.0
9.063263041065506
9.128745837957817
9.193118756936732
9.248612652608209
9.295227524972256
9.358490566037739
9.402885682574905
9.462819089900128
9.520532741398434
9.570477247502781
9.627081021087655
9.675915649278572
9.724750277469472
9.785793562708102
9.862375138734736
9.925638179800218
9.996670366259718
10.064372918978913
10.140954495005557
10.195338512763612
10.260821309655942
10.32630410654829
10.400665926748042
10.458379578246385
10.527192008879025
10.592674805771363
10.675915649278567
10.742508324084351
10.800221975582682
10.860155382907887
10.910099889012205
10.964483906770257
11.044395116537189
11.107658157602655
11.163152053274132
11.21642619311875
11.284128745837961
11.337402885682588
11.401775804661487
11.483906770255272
11.570477247502785
11.63152053274139
11.703662597114324
11.780244173140963
11.866814650388465
11.9322974472808
12.005549389567143
12.077691453940066
12.152053274139845
12.209766925638176
12.270810210876796
12.325194228634842
12.390677025527191
12.469478357380687
12.539400665926747
12.59378468368479
12.641509433962257
12.714761376248614
12.785793562708106
12.854605993340728
12.924528301886795
12.968923418423971
13.03662597114317
13.10654827968923
13.160932297447285
13.218645948945616
13.2630410654828
13.330743618202002
13.37291897891232
13.420643729189791
13.473917869034405
13.530521642619313
13.566037735849054
13.623751387347394
13.680355160932294
13.740288568257496
13.773584905660377
13.817980022197561
13.85238623751387
13.890122086570472
13.927857935627083
13.981132075471699
14.031076581576027
14.067702552719197
14.100998890122085
14.134295227524976
14.170921198668147
14.224195338512768
14.26526082130966
14.30299667036626
14.337402885682575
14.37291897891232
14.406215316315205
14.443951165371809
14.461709211986681
14.49167591564928
14.519422863485014
14.55493895671476
14.578246392896785
14.618201997780243
14.665926748057709
14.700332963374029
14.738068812430633
14.754716981132075
14.793562708102108
14.822419533851276
14.845726970033297
14.877913429522753
14.927857935627081
14.967813540510544
15.003329633740288
15.033296337402886
15.066592674805772
15.107658157602664
15.125416204217537
15.166481687014429
15.199778024417315
15.229744728079911
15.260821309655936
15.27857935627081
15.311875693673695
15.344062153163152
15.37180910099889
15.39400665926748
15.433962264150944
15.46392896781354
15.48723640399556
15.504994450610432
15.523862375138735
15.55493895671476
15.567147613762486
15.591564927857936
15.613762486126527
15.641509433962266
15.660377358490566
15.690344062153159
15.718091009988905
15.731409544950054
15.763596004439512
15.774694783573805
15.800221975582685
15.825749167591566
15.831298557158716
15.839067702552722
15.859045504994455
15.88790233074362
15.901220865704772
15.932297447280801
15.958934517203103
15.974472807991129
15.999999999999996
16.017758046614876
16.044395116537206
16.06548279689236
16.08879023307438
16.09655937846836
16.103218645948914
16.118756936736936
16.135405105438444
16.15427302996668
16.165371809101003
16.190899001109898
16.215316315205342
16.226415094339597
16.244173140954484
16.26637069922306
16.28301886792454
16.290788013318554
16.319644839067703
16.334073251942275
16.351831298557173
16.364039955604902
16.382907880133192
16.396226415094336
16.415094339622595
16.425083240843524
16.43396226415093
16.441731409544936
16.448390677025536
16.473917869034413
16.486126526082174
16.491675915649267
16.503884572696975
16.509433962264154
16.523862375138723
16.54273029966706
16.559378468368493
16.578246392896766
16.580466148723612
16.594894561598256
16.60377358490566
16.61487236403999
16.633740288568216
16.643729189789134
16.659267480577117
16.673695893451725
16.68479467258599
16.701442841287466
