0.0
0.0
0.006
0.014
0.015
0.015
0.023
0.024
0.024
0.022
0.024
0.023
0.03
0.03
0.022
0.024
0.03
0.039
0.041
0.048
0.047
0.048
0.053
0.048
0.048
0.044
0.042
0.043
0.045
0.048
0.049
0.049
0.052
0.051
0.052
0.044
0.049
0.046
0.046
0.048
0.048
0.045
0.042
0.049
0.043
0.041
0.041
0.044
0.052
0.044
0.047
0.042
0.042
0.05
0.058
0.059
0.067
0.077
0.08
0.087
0.086
0.087
0.09
0.089
0.097
0.102
0.094
0.106
0.108
0.115
0.118
0.128
0.124
0.14
0.154
0.159
0.153
0.143
0.129
0.13
0.123
0.127
0.131
0.132
0.13
0.134
0.14
0.148
0.153
0.15
0.162
0.154
0.149
0.14
0.134
0.143
0.155
0.146
0.155
0.162
0.162
0.165
0.167
0.153
0.149
0.141
0.138
0.143
0.152
0.158
0.147
0.145
0.148
0.143
0.144
0.15
0.158
0.173
0.174
0.176
0.177
0.175
0.179
0.17
0.165
0.163
0.173
0.184
0.202
0.202
0.202
0.212
0.217
0.212
0.206
0.215
0.221
0.212
0.207
0.219
0.225
0.224
0.231
0.238
0.241
0.247
0.242
0.231
0.227
0.233
0.236
0.232
0.225
0.248
0.24
0.244
0.255
0.27
0.264
0.276
0.272
0.277
0.281
0.267
0.269
0.277
0.288
0.292
0.286
0.3
0.306
0.296
0.281
0.27
0.276
0.295
0.289
0.302
0.299
0.305
0.316
0.304
0.314
0.316
0.323
0.342
0.341
0.352
0.349
0.354
0.362
0.34
0.336
0.332
0.354
0.352
0.347
0.362
0.359
0.356
