1000.0
1000.0
992.4502
986.8365
981.3577
976.1264
970.8451
964.0307
959.0266
954.7636
950.9496
947.9351
943.2275
940.0625
937.093
933.263
927.9467
924.3377
919.9162
915.9721
913.8428
910.4046
907.1294
903.9681
902.1092
898.5649
895.5664
894.2482
892.2401
889.8057
888.8644
887.3578
885.805
885.4795
883.5702
881.3271
878.551
878.6838
876.6687
876.6922
876.7038
875.4529
875.1446
874.5027
875.7222
874.6782
874.9209
874.6062
873.8403
872.9581
871.6201
871.5898
872.312
872.7249
877.4473
881.8483
887.1942
892.473
897.2205
902.3957
909.4822
914.0871
920.0266
927.1707
933.8814
938.9547
946.2005
952.4617
958.5322
964.256
971.2527
978.8209
986.5957
994.2847
1001.0165
1008.6834
1015.2859
1024.9695
1031.9177
1039.5323
1049.1162
1058.5035
1067.5733
1076.2969
1085.4441
1093.3548
1101.8461
1111.9477
1121.3082
1131.9404
1141.93
1151.4139
1161.0498
1170.1046
1179.1161
1189.0715
1199.6397
1208.9385
1219.2968
1228.9059
1238.0937
1247.9406
1261.1512
1272.0331
1282.9826
1293.2461
1304.7362
1316.8512
1328.979
1339.5659
1351.1562
1362.7714
1375.4259
1384.8822
1396.8144
1410.3546
1422.4807
1435.5936
1447.356
1461.5148
1475.4209
1489.9723
1503.8389
1519.036
1531.8453
1545.9466
1561.0473
1574.5411
1590.0504
1605.0138
1622.9691
1640.3955
1654.2461
1670.6743
1691.497
1708.7737
1728.5951
1747.7571
1767.0736
1783.7495
1803.1619
1821.3178
1839.1495
1863.1112
1881.7624
1900.3046
1919.7634
1940.7579
1964.9933
1988.3113
2006.8666
2027.3233
2048.0994
2071.2657
2095.7192
2119.9145
2144.0662
2166.321
2190.0297
2212.7676
2236.5573
2261.1497
2285.8484
2309.2357
2336.2866
2362.1039
2388.212
2414.8799
2442.9097
2468.8407
2496.0658
2522.6923
2549.2955
2575.5424
2605.2965
2634.6606
2660.6755
2690.2584
2720.5527
2751.7233
2781.7017
2806.734
2835.2821
2861.1577
2893.6483
2923.9693
2951.7945
2977.3302
3008.5314
3039.5088
3072.523
3101.4747
3131.3221
3165.8018
3199.1973
3229.6871
3261.9809
3298.9311
3330.6055
3366.419
