7.0
7.0
6.985099999999997
6.969900000000013
6.958700000000012
6.945999999999988
6.9366
6.929400000000009
6.921200000000003
6.913299999999987
6.905400000000014
6.896899999999997
6.887400000000008
6.881499999999993
6.879299999999994
6.8737999999999975
6.870299999999996
6.86869999999999
6.8684999999999885
6.866899999999989
6.8674
6.867100000000003
6.86699999999998
6.870499999999995
6.874700000000015
6.8759999999999915
6.878600000000001
6.879299999999991
6.882799999999992
6.888499999999994
6.892700000000006
6.899199999999996
6.9079
6.915500000000003
6.921800000000009
6.927799999999994
6.9349999999999925
6.9399000000000175
6.9487999999999825
6.952799999999999
6.9561999999999955
6.956700000000003
6.966999999999985
6.973799999999997
6.980300000000007
6.9891
6.999100000000006
7.0102999999999955
7.019200000000011
7.02639999999999
7.033799999999992
7.044899999999998
7.051499999999997
7.0598
7.0636
7.075599999999994
7.0804
7.088600000000004
7.092399999999988
7.100499999999994
7.1057
7.112000000000002
7.116099999999997
7.1179
7.1214
7.122899999999997
7.121900000000002
7.128100000000009
7.1291999999999955
7.133499999999999
7.1362
7.137000000000008
7.135499999999999
7.1385999999999985
7.140799999999996
7.143199999999998
7.1472
7.149300000000003
7.1533
7.157400000000003
7.159500000000006
7.161999999999991
7.1629
7.1598000000000015
7.1613000000000016
7.163699999999994
7.1627999999999945
7.166499999999993
7.163399999999997
7.1627
7.158900000000003
7.1606000000000085
7.165500000000003
7.165799999999998
7.163199999999997
7.158999999999997
7.157599999999994
7.154
7.153699999999994
7.151800000000003
7.147599999999995
7.144699999999997
7.1419000000000015
7.139199999999997
7.139099999999998
7.1364
7.1356
7.135299999999998
7.133299999999991
7.1303000000000045
7.129100000000003
7.1295999999999955
7.127500000000006
7.12320000000001
7.122600000000006
7.122399999999988
7.116500000000005
7.117000000000006
7.116600000000006
7.110899999999998
7.109900000000006
7.109500000000006
7.112800000000007
7.1118
7.106599999999997
7.102999999999994
7.100999999999997
7.0990000000000055
7.091900000000004
7.079399999999981
7.073599999999997
7.071999999999996
7.062899999999994
7.057699999999997
7.0516000000000085
7.047199999999993
7.0413
7.033600000000002
7.025999999999995
7.023200000000009
7.015899999999997
7.0133000000000045
7.010299999999997
7.005500000000003
7.002799999999987
7.0
6.995399999999986
6.991300000000004
6.989099999999994
6.9857
6.983299999999995
6.97840000000001
6.9771
6.976699999999994
6.977599999999997
6.973900000000006
6.972599999999986
6.9715
6.969899999999994
6.96929999999999
6.9647
6.963200000000003
6.959399999999997
6.9620999999999915
6.962999999999986
6.961299999999999
6.960800000000006
6.9567999999999826
6.954700000000004
6.951900000000003
6.950800000000003
6.950499999999998
6.944700000000005
6.944600000000008
6.944199999999985
6.945799999999994
6.945600000000006
6.9452000000000025
6.941899999999996
6.9419
6.936299999999998
6.931600000000001
6.9314000000000044
6.9346
6.931099999999988
6.9293000000000164
6.9240999999999975
6.9212000000000105
6.915900000000004
6.9161000000000055
6.919300000000003
6.916199999999991
6.912399999999988
6.915300000000009
6.9110999999999985
6.91
6.913500000000009
6.914300000000006
6.9152000000000085
6.914499999999994
