121.0
121.0
120.353
119.88
119.262
118.826
118.182
117.622
117.033
116.681
116.251
115.865
115.491
115.099
114.616
113.994
113.397
112.984
112.729
112.443
112.136
111.565
111.258
110.864
110.43
109.997
109.533
109.091
108.556
108.076
107.874
107.534
106.982
106.513
106.052
105.681
105.42
105.176
104.804
104.561
104.222
103.923
103.62
103.262
103.006
102.611
102.215
101.984
101.598
101.369
101.193
100.891
100.608
100.39
100.337
100.235
99.957
99.856
99.651
99.628
99.436
99.316
99.355
99.27
99.099
98.881
98.92
98.774
98.653
98.649
98.512
98.213
98.177
97.887
97.91
98.041
97.914
97.799
97.484
97.385
97.24
97.047
97.209
97.219
97.024
96.765
96.685
96.574
96.462
96.277
96.227
95.999
96.111
96.112
96.205
96.224
96.15
96.174
95.965
95.851
95.671
95.778
95.675
95.293
95.144
94.962
94.913
94.842
95.013
94.855
94.865
94.827
94.923
94.583
94.544
94.413
94.239
94.053
93.675
93.569
93.575
93.698
93.858
93.991
93.473
93.423
93.406
93.319
92.936
92.841
92.673
92.438
92.175
92.079
91.752
91.414
91.127
90.894
90.591
90.359
89.912
89.409
89.037
88.736
88.497
88.118
87.662
87.29
87.249
86.937
86.776
86.362
86.15
85.877
85.343
85.118
84.52
84.137
83.877
83.651
83.389
83.21
82.733
82.528
82.225
81.734
81.263
80.774
80.352
79.863
79.482
79.253
78.911
78.545
78.141
77.713
77.375
76.972
76.42
76.251
76.0
75.588
75.337
75.094
74.758
74.421
74.078
73.857
73.588
73.294
72.908
72.484
72.165
71.931
71.879
71.437
70.951
70.52
70.084
69.745
