343.0
343.0
341.3153
339.6435
338.5829
337.2598
336.4128
335.9532
335.2694
334.7617
334.2822
333.7169
333.0486
332.8849
333.1803
333.0518
333.1419
333.6257
334.3443
334.7945
335.6254
336.3235
337.0968
338.2925
339.7463
340.5348
341.8178
342.7923
344.1686
345.5861
347.0171
348.8452
350.9863
352.9565
354.6542
356.4572
358.226
359.9559
362.087
363.324
364.7884
365.7645
368.3968
370.335
372.2435
374.5767
377.0227
379.7513
382.0252
384.3124
386.4798
389.1603
391.0311
393.1682
394.6612
397.432
399.0442
401.2442
402.7174
405.0253
406.8749
409.0394
410.5219
411.9487
413.5926
414.5529
415.2953
417.3511
418.2498
419.9653
421.2988
422.5302
423.2775
424.5604
425.8994
427.4294
429.1524
430.2435
431.9719
433.7592
434.8635
436.3732
437.5183
437.8884
438.7629
439.7325
440.5434
442.0747
442.23
443.1677
443.3553
444.5942
446.2785
447.2616
447.8104
448.153
448.9046
449.189
449.7125
450.223
450.4078
450.8339
451.0693
451.3648
452.0535
452.4186
453.0346
453.9577
454.5509
454.8689
455.4593
456.5032
456.5587
456.84
457.5708
458.2912
457.8431
459.034
459.7392
459.4521
460.1549
461.3041
463.027
463.8174
463.8302
463.9556
464.574
465.1192
465.1205
464.1288
464.0996
465.1204
464.7903
465.2105
465.5518
466.1702
466.1841
466.2148
466.3248
467.0726
467.2333
468.3269
469.1093
469.4729
470.4908
471.346
471.9108
472.5631
473.5173
474.1205
474.7397
474.8992
475.7313
476.7821
478.7126
479.2903
480.1026
481.4563
482.5521
483.5979
484.2161
485.5244
486.2448
487.7691
489.4818
490.5541
492.1682
492.0814
492.8053
493.6191
494.6242
495.9463
496.2969
497.6714
498.9694
500.0324
501.0618
502.4042
502.8947
503.5511
504.1107
504.3772
505.4222
507.3142
508.4189
509.3369
509.7973
510.6074
511.1463
512.7587
514.5655
514.7904
515.77
517.3395
517.9617
518.9686
520.5975
522.2507
523.319
524.2765
