12167.0
12167.0
12151.315789473685
12131.423822714682
12112.296398891967
12145.573407202217
12142.894736842105
12144.058171745153
12154.385041551246
12163.930747922437
12184.551246537396
12173.091412742382
12166.188365650969
12195.257617728532
12172.670360110804
12152.396121883656
12155.770083102492
12119.412742382272
12123.235457063713
12151.540166204986
12128.138504155124
12130.06648199446
12110.5567867036
12149.986149584487
12125.803324099723
12120.396121883656
12115.786703601108
12122.28808864266
12115.036011080332
12148.346260387812
12179.71191135734
12214.617728531855
12252.93351800554
12313.518005540167
12337.299168975069
12332.673130193905
12370.603878116344
12392.886426592799
12440.764542936287
12452.670360110804
12453.299168975069
12494.326869806095
12522.246537396122
12547.986149584487
12543.645429362881
12606.193905817174
12594.149584487535
12608.664819944599
12619.357340720222
12647.662049861496
12688.337950138504
12706.349030470914
12744.828254847645
12754.958448753463
12795.587257617728
12812.548476454294
12833.684210526315
12851.695290858726
12883.958448753463
12917.448753462604
12946.601108033241
12996.92243767313
13004.304709141274
13040.310249307478
13034.304709141274
13055.573407202217
13046.725761772854
13100.62326869806
13097.628808864267
13117.650969529086
13162.052631578947
13187.578947368422
13233.775623268699
13271.060941828255
13316.34349030471
13344.396121883656
13353.293628808864
13364.886426592799
13372.551246537396
13394.005540166205
13373.963988919668
13384.706371191136
13415.102493074792
13408.135734072022
13418.961218836565
13465.775623268699
13450.620498614959
13475.481994459833
13501.939058171745
13547.736842105263
13542.529085872577
13563.73407202216
13583.357340720222
13577.368421052632
13616.249307479224
13638.980609418282
13678.27700831025
13730.360110803324
13765.346260387812
13810.529085872577
13794.063711911358
13813.670360110804
13818.772853185596
13847.193905817174
13835.603878116344
13868.180055401663
13911.584487534627
13920.914127423823
13942.581717451523
13922.692520775623
13956.698060941828
13998.653739612188
14055.313019390582
14074.08864265928
14128.199445983379
14146.493074792244
14156.48753462604
14149.036011080332
14167.130193905818
14219.379501385041
14265.84487534626
14295.4459833795
14323.16620498615
14327.437673130195
14335.850415512465
14361.34349030471
14399.972299168976
14424.102493074792
14436.772853185596
14437.401662049862
14406.437673130195
14433.709141274237
14445.249307479224
14458.753462603878
14436.601108033241
14462.094182825485
14474.6675900277
14466.634349030472
14477.423822714682
14491.094182825485
14509.836565096954
14565.930747922437
14567.808864265928
14573.894736842105
14555.149584487535
14563.163434903046
14571.576177285318
14580.28808864266
14592.894736842105
14599.130193905818
14621.795013850415
14611.315789473685
14617.418282548477
14611.614958448754
14623.603878116344
14643.257617728532
14622.105263157895
14604.858725761773
14616.481994459833
14618.742382271468
14622.897506925208
14609.407202216067
14636.362880886427
14635.648199445983
14651.578947368422
14652.326869806095
14651.027700831024
14656.814404432133
14640.601108033241
14631.872576177286
14606.127423822714
14619.515235457064
14629.529085872577
14607.063711911358
14612.202216066482
14621.831024930749
14616.07756232687
14630.213296398892
14647.85595567867
14652.811634349031
14629.930747922437
14652.263157894737
14667.313019390582
14656.520775623268
14670.78947368421
14662.423822714682
14667.828254847645
14668.409972299169
14689.930747922437
14692.260387811635
14734.182825484764
14735.529085872577
14730.772853185596
14760.202216066482
14739.565096952909
14706.2216066482
14700.418282548477
14703.775623268699
14717.97783933518
14700.083102493074
