1331.0
1331.0
1320.871
1313.582
1304.024
1297.558
1287.866
1279.486
1270.505
1265.357
1259.077
1253.489
1248.303
1242.577
1235.55
1226.482
1217.853
1211.742
1207.949
1204.189
1200.098
1191.597
1187.542
1181.702
1175.822
1169.045
1162.265
1156.163
1148.114
1141.458
1138.926
1134.06
1125.824
1119.187
1112.21
1107.221
1103.726
1100.562
1095.358
1092.009
1088.004
1084.051
1080.05
1075.254
1072.668
1067.019
1061.669
1059.152
1054.072
1050.461
1048.135
1043.829
1040.416
1037.356
1037.201
1035.839
1032.169
1031.704
1029.399
1029.546
1027.756
1026.01
1027.359
1026.782
1024.283
1021.133
1021.968
1020.362
1019.549
1020.021
1018.56
1014.367
1014.907
1011.021
1012.034
1014.929
1014.102
1013.157
1009.202
1009.013
1007.574
1005.365
1008.359
1009.287
1006.564
1002.973
1002.605
1001.69
1000.602
998.413
998.521
995.167
997.941
998.796
1000.755
1001.642
1001.172
1001.874
998.983
998.343
995.759
998.15
997.313
991.957
990.924
988.448
988.543
988.05
991.051
989.665
989.995
989.465
991.627
986.927
987.502
985.921
983.493
981.775
976.987
975.463
977.065
979.11
982.296
985.007
977.831
978.029
978.822
978.329
973.882
973.017
971.509
968.266
965.565
964.705
960.282
955.798
951.941
949.1
944.925
941.319
934.61
927.579
922.535
919.746
916.635
910.664
904.386
899.408
899.193
894.609
893.072
887.568
885.4
881.603
873.875
871.804
863.206
856.625
853.919
851.251
848.979
847.342
840.791
838.752
835.029
828.172
822.087
815.672
810.186
803.633
798.408
795.399
791.553
786.575
781.185
775.387
771.283
765.996
758.918
756.587
753.94
749.332
745.609
742.998
738.926
735.225
730.416
727.869
724.67
720.834
714.85
709.84
705.445
702.787
702.343
697.229
690.987
685.224
678.826
673.983
