18.0
18.0
17.952000000000062
17.90570000000006
17.859200000000076
17.813200000000062
17.76409999999996
17.71499999999991
17.667100000000012
17.61849999999991
17.569400000000083
17.521700000000113
17.473300000000002
17.429000000000034
17.38550000000003
17.334200000000095
17.292599999999936
17.24730000000001
17.204399999999822
17.162000000000045
17.119599999999974
17.07439999999982
17.02810000000007
16.98079999999999
16.938099999999967
16.89670000000007
16.853800000000074
16.80540000000006
16.762499999999932
16.71660000000011
16.678000000000036
16.63699999999994
16.597799999999996
16.55770000000001
16.515699999999978
16.47719999999997
16.432400000000015
16.39150000000005
16.354099999999974
16.311900000000065
16.267599999999977
16.228600000000057
16.18819999999995
16.14509999999992
16.101000000000045
16.058900000000055
16.014799999999923
15.974100000000012
15.931999999999997
15.89
15.8472
15.8073
15.7665
15.719400000000002
15.658899999999997
15.5955
15.533999999999997
15.4676
15.408200000000003
15.347000000000003
15.281900000000002
15.223
15.164500000000006
15.107599999999989
15.044599999999994
14.985499999999995
14.930399999999993
14.873399999999995
14.813100000000011
14.752999999999972
14.700100000000003
14.636399999999995
14.578099999999989
14.517000000000012
14.459200000000003
14.400400000000012
14.346200000000014
14.288399999999994
14.22919999999997
14.170099999999977
14.117199999999983
14.061100000000003
14.006500000000035
13.950299999999961
13.890500000000015
13.8337
13.775599999999988
13.7129
13.664200000000006
13.607900000000008
13.556799999999994
13.501699999999971
13.443999999999997
13.384799999999974
13.328600000000005
13.27369999999999
13.211000000000018
13.155000000000022
13.10129999999997
13.049600000000016
12.999099999999979
12.946500000000007
12.889400000000002
12.830100000000009
12.773000000000021
12.718399999999976
12.669199999999991
12.613699999999984
12.559799999999989
12.506099999999968
12.450399999999986
12.390899999999995
12.335799999999965
12.277299999999965
12.224499999999992
12.18030000000001
12.131999999999998
12.078799999999982
12.02200000000001
11.966600000000017
11.91329999999999
11.853999999999965
11.797200000000004
11.744299999999948
11.690399999999979
11.64120000000002
11.584699999999994
11.535299999999994
11.488799999999983
11.452899999999982
11.413599999999981
11.37209999999999
11.329200000000023
11.289599999999975
11.246399999999998
11.206400000000018
11.165399999999977
11.129199999999983
11.089299999999996
11.047699999999976
11.008900000000018
10.967200000000034
10.926600000000018
10.890199999999997
10.84729999999998
10.802499999999988
10.761499999999984
10.723500000000007
10.687899999999976
10.650100000000007
10.609999999999989
10.567600000000013
10.52189999999999
10.48239999999997
10.440600000000023
10.400399999999983
10.358799999999947
10.3182
10.28099999999996
10.245799999999981
10.204799999999938
10.16639999999998
10.129100000000015
10.090099999999996
10.055299999999976
10.017600000000016
9.982400000000009
9.939500000000013
9.8943
9.858400000000017
9.82129999999999
9.782000000000012
9.745299999999972
9.708799999999972
9.66709999999995
9.626399999999997
9.58359999999996
9.545100000000014
9.49930000000002
9.458100000000039
9.421800000000031
9.37949999999999
9.345699999999969
9.30899999999996
9.27019999999997
9.234900000000021
9.191799999999988
9.150599999999992
9.11270000000002
9.074599999999998
9.040699999999983
9.00449999999999
8.969999999999933
8.929999999999986
8.893700000000045
8.850499999999945
8.811199999999971
8.770299999999981
8.735599999999994
8.69960000000002
