169.0
169.0
169.765
170.373
171.841
173.476
174.458
175.656
177.413
178.163
179.55
181.187
182.12
183.038
184.198
186.024
187.652
188.724
189.522
190.24
191.443
191.928
192.465
193.547
194.941
195.557
196.399
196.949
198.019
198.969
198.993
199.985
201.228
202.428
203.611
205.191
205.555
206.824
206.99
207.928
208.131
208.468
209.432
210.624
210.853
211.35
212.186
213.369
213.715
213.997
215.165
215.284
215.574
216.534
217.576
218.251
218.939
219.901
221.142
222.014
223.039
224.118
225.343
226.141
226.529
227.412
227.981
229.22
229.917
231.075
231.936
232.74
233.397
233.38
234.076
234.08
234.539
234.623
235.32
235.654
236.376
237.094
237.533
238.372
238.853
239.555
239.794
240.56
241.7
242.771
243.428
244.162
245.174
245.791
246.518
247.51
247.991
248.431
249.49
249.389
250.208
251.383
251.254
251.731
252.618
252.51
252.748
253.292
254.551
255.199
255.459
255.709
256.075
256.475
256.807
258.345
258.184
258.72
259.034
259.479
259.999
260.618
260.486
260.473
260.993
262.164
262.526
262.927
263.379
263.503
263.769
264.207
263.925
263.724
263.599
263.947
263.935
264.142
264.795
264.948
265.128
264.824
264.594
265.111
265.7
265.455
266.438
266.223
266.138
266.162
266.065
265.862
266.081
266.016
266.256
265.928
266.267
266.575
266.377
265.927
266.192
266.204
266.216
265.96
265.822
265.656
264.778
264.829
264.658
264.488
264.1
264.604
264.495
264.206
264.227
263.945
263.481
262.954
262.692
263.006
263.232
262.914
262.692
262.665
262.879
262.956
262.82
261.942
262.284
262.382
262.525
262.133
262.123
262.233
262.575
262.748
262.345
261.64
260.984
261.699
