64.0
64.0
61.553
59.367
56.785
54.262
52.153
50.217
48.2
46.588
44.528
42.741
41.117
39.877
38.44
36.809
35.015
33.498
32.793
31.241
30.039
28.841
28.116
26.829
26.277
25.499
24.302
23.431
22.685
21.756
21.028
20.146
19.317
18.221
17.891
17.007
16.78
16.275
15.916
15.116
14.687
14.175
13.569
13.113
12.778
12.347
12.066
11.653
11.159
10.876
10.609
10.45
10.23
10.124
9.969
9.931
10.006
10.076
10.096
10.101
10.181
10.059
10.081
10.131
10.224
10.067
10.289
10.175
10.213
10.235
10.305
10.294
10.006
10.016
9.832
9.821
9.984
10.211
10.176
10.053
10.168
10.358
10.293
10.336
10.536
10.631
10.71
10.682
10.878
10.923
11.177
11.251
11.103
11.063
11.146
11.159
11.353
11.508
11.569
11.653
11.666
11.76
12.124
12.072
12.132
12.223
12.427
12.54
12.907
12.875
13.235
13.435
13.608
13.452
13.755
13.893
13.988
14.145
14.682
14.774
14.672
15.069
15.333
15.477
15.725
16.323
16.448
16.389
16.199
15.998
15.669
15.968
16.436
16.0
15.619
15.66
15.493
15.299
15.51
15.764
15.48
15.066
14.968
15.258
15.446
15.642
15.512
15.715
15.128
15.078
14.857
15.204
15.093
15.223
15.107
15.04
15.279
15.443
15.322
15.194
15.35
15.326
14.994
15.076
14.914
14.819
14.877
14.855
14.778
14.291
13.862
13.616
13.581
13.364
13.161
13.293
13.053
13.035
13.311
13.179
13.298
13.328
13.412
13.413
12.766
12.826
12.696
12.937
12.544
12.546
12.512
12.361
12.575
12.775
12.567
12.687
12.658
12.833
12.88
13.21
