15.0
15.0
15.069
15.131
15.188099999999997
15.241600000000005
15.299900000000008
15.347600000000003
15.3955
15.440699999999998
15.4833
15.5293
15.5714
15.6087
15.6357
15.6658
15.6965
15.7237
15.7469
15.7715
15.795999999999998
15.8175
15.8379
15.8537
15.87
15.887
15.9066
15.9217
15.9374
15.9515
15.9641
15.980599999999988
15.993599999999965
16.002199999999966
16.01410000000014
16.024900000000073
16.03479999999991
16.047999999999902
16.06060000000002
16.069299999999973
16.075099999999964
16.08389999999991
16.09410000000002
16.102700000000112
16.110200000000045
16.11589999999988
16.123600000000064
16.1308000000001
16.14120000000004
16.146600000000067
16.15380000000009
16.159600000000047
16.165000000000024
16.170000000000016
16.173599999999926
16.173800000000014
16.17549999999996
16.178199999999894
16.174000000000063
16.177199999999907
16.175600000000006
16.17700000000005
16.174799999999998
16.1754
16.175800000000038
16.174600000000044
16.172100000000075
16.17030000000006
16.165699999999966
16.16490000000001
16.160100000000007
16.16180000000004
16.163500000000013
16.15980000000008
16.160900000000034
16.161800000000017
16.160999999999937
16.16070000000001
16.160000000000043
16.159699999999972
16.160199999999982
16.15709999999996
16.15360000000004
16.156999999999908
16.15429999999994
16.15460000000004
16.152200000000004
16.15020000000004
16.14990000000005
16.147000000000038
16.14679999999993
16.141799999999886
16.14120000000003
16.13879999999993
16.138200000000133
16.138099999999884
16.139099999999992
16.140400000000106
16.13740000000008
16.13369999999994
16.132700000000032
16.13239999999999
16.132400000000047
16.12979999999996
16.129699999999982
16.129599999999993
16.126200000000033
16.122700000000066
16.123099999999848
16.12290000000012
16.118899999999908
16.11769999999998
16.114799999999892
16.11180000000006
16.11040000000008
16.112200000000122
16.11259999999999
16.110399999999967
16.111499999999975
16.10870000000003
16.10999999999987
16.109300000000076
16.106699999999993
16.10479999999997
16.10370000000001
16.098300000000023
16.093300000000006
16.08100000000011
16.05800000000012
16.039800000000064
16.0162000000001
15.994000000000023
15.9677
15.9425
15.9138
15.8872
15.8629
15.8401
15.8164
15.7918
15.7682
15.7422
15.712
15.6893
15.665599999999998
15.6402
15.609600000000002
15.584900000000003
15.5598
15.5318
15.504299999999994
15.477499999999994
15.450199999999993
15.4244
15.403400000000007
15.377899999999995
15.353300000000003
15.3265
15.298999999999998
15.273099999999994
15.248100000000006
15.2247
15.1966
15.1682
15.142000000000012
15.114099999999993
15.085999999999997
15.059899999999997
15.037100000000011
15.008899999999993
14.981599999999991
14.955699999999988
14.923699999999997
14.901300000000017
14.875500000000006
14.848500000000003
14.821499999999995
14.793700000000008
14.768900000000006
14.741900000000012
14.716599999999998
14.687899999999988
14.659000000000002
14.632700000000003
14.605300000000005
14.578300000000002
14.553500000000005
14.528000000000011
14.500800000000003
14.474299999999989
14.4443
14.418199999999993
14.39409999999999
14.36390000000003
14.33590000000001
14.307699999999988
14.283699999999994
14.257700000000003
14.234699999999995
14.205199999999982
