6859.0
6859.0
6736.007
6638.539
6518.833
6420.244
6317.913
6192.238
6080.872
5989.05
5899.747
5808.431
5716.126
5618.935
5537.851
5454.47
5362.512
5275.2
5202.236
5131.357
5074.408
5001.1
4923.501
4851.312
4812.182
4755.232
4703.945
4648.703
4591.151
4536.232
4481.733
4435.494
4379.659
4355.275
4316.204
4290.763
4260.401
4204.733
4156.283
4128.822
4119.982
4114.454
4067.318
4029.361
3966.9
3934.513
3892.606
3877.756
3865.723
3833.11
3805.289
3773.121
3744.861
3737.587
3727.394
3741.748
3765.846
3766.371
3757.171
3742.736
3755.504
3757.027
3770.143
3793.299
3795.824
3810.42
3828.925
3805.678
3808.894
3814.299
3808.785
3797.034
3801.76
3785.004
3765.347
3781.758
3785.998
3781.895
3785.071
3779.623
3785.128
3777.759
3770.445
3753.133
3755.802
3745.429
3727.778
3710.208
3687.168
3687.453
3671.715
3683.804
3681.716
3678.224
3684.723
3674.539
3650.577
3625.601
3624.838
3613.852
3607.623
3604.663
3588.288
3586.864
3577.919
3576.536
3559.295
3538.421
3531.3
3532.855
3514.027
3530.504
3509.343
3483.092
3476.315
3458.428
3423.76
3422.291
3427.169
3428.255
3415.274
3393.757
3359.2
3342.493
3323.083
3315.013
3293.804
3291.016
3283.737
3271.648
3294.507
3304.969
3308.505
3301.859
3305.567
3308.818
3308.265
3333.392
3357.349
3378.395
3380.479
3398.197
3399.089
3391.573
3384.523
3386.642
3382.79
3390.074
3415.121
3428.299
3433.609
3451.045
3477.838
3489.468
3495.303
3485.185
3491.784
3519.759
3524.449
3525.708
3519.417
3523.737
3525.491
3551.153
3563.341
3573.376
3572.679
3590.852
3590.796
3604.684
3600.841
3608.86
3610.525
3617.518
3616.085
3625.082
3627.033
3634.993
3638.145
3646.151
3659.902
3682.211
3682.943
3690.897
3707.481
3736.872
3721.004
3713.933
3713.434
3714.339
3732.237
3750.891
3768.424
3773.904
3779.761
3786.334
3807.816
3811.538
3811.912
3819.646
