900.0
900.0
900.0216306156406
902.3993344425957
903.08153078203
903.8685524126456
904.4559068219634
905.838602329451
906.0665557404326
906.0582362728785
906.5241264559069
907.4226289517471
907.9866888519135
907.2678868552413
908.83693843594
910.2911813643926
911.2778702163062
911.2811980033277
911.3544093178036
912.1247920133111
912.5058236272879
914.0782029950083
914.7304492512479
915.3893510815308
916.7221297836938
916.5557404326123
917.099833610649
916.8851913477538
917.3344425956739
918.9201331114808
919.1247920133111
918.4941763727121
920.3710482529118
920.9717138103161
920.8569051580699
920.7487520798669
921.5257903494177
921.1397670549085
922.2928452579035
922.8835274542429
922.2828618968387
923.6855241264559
924.1564059900167
925.0216306156406
925.8901830282862
926.2379367720466
926.7237936772046
926.6239600665557
927.1547420965059
926.7188019966723
927.6988352745424
928.6322795341098
929.3161397670549
930.2329450915141
930.4825291181364
930.8951747088187
932.4276206322795
932.91846921797
934.0232945091515
934.3943427620633
937.1297836938436
939.1464226289518
938.6256239600666
938.9567387687188
939.7437603993344
940.4359400998336
941.2961730449251
941.657237936772
942.0482529118136
941.6855241264559
941.7054908485857
941.5091514143095
940.9301164725457
941.3078202995008
940.3028286189684
940.3594009983361
940.2811980033277
941.1896838602329
941.91846921797
940.6389351081531
940.1214642262895
940.838602329451
941.6405990016639
940.8985024958403
941.0798668885192
941.0648918469218
941.1430948419301
940.5474209650582
939.5757071547421
939.4825291181364
938.7354409317803
938.8153078202995
938.648918469218
937.7071547420965
937.179700499168
935.738768718802
935.2063227953411
933.9667221297836
933.1663893510815
931.8086522462562
931.3976705490849
931.5457570715474
931.4525790349418
930.5574043261231
929.9983361064892
929.351081530782
929.0865224625624
928.216306156406
926.7637271214642
926.1131447587354
926.0282861896839
925.7670549084859
924.9134775374376
924.3577371048253
923.3610648918469
922.8053244592346
921.8236272878536
921.4841930116472
919.8835274542429
919.5707154742097
920.1730449251248
919.2329450915141
919.3976705490849
918.5241264559069
918.2179700499169
918.7920133111481
917.9018302828619
917.0049916805325
914.9450915141431
914.1813643926789
912.6405990016639
911.8319467554077
910.3111480865225
909.4259567387687
909.4559068219634
909.4126455906822
909.2762063227954
909.0465890183028
908.3777038269551
907.6555740432613
905.5607321131448
904.5357737104825
903.522462562396
902.9018302828619
901.4841930116472
901.1014975041597
901.6539101497505
899.630615640599
899.7487520798669
897.981697171381
896.2063227953411
895.4193011647254
894.1946755407654
892.7271214642263
893.287853577371
892.6089850249584
891.7221297836938
892.2212978369384
892.1064891846922
890.9950083194675
889.6605657237936
888.0981697171381
888.0748752079867
887.6871880199667
888.2845257903494
886.7703826955075
888.3910149750416
886.405990016639
886.7188019966723
886.6555740432613
885.6622296173045
884.5158069883528
883.1963394342762
884.0116472545757
882.2945091514143
881.504159733777
880.2662229617305
878.3094841930116
877.0332778702164
876.7870216306156
877.0615640599002
877.0532445923461
876.1397670549085
875.7653910149751
875.8868552412646
874.9217970049917
874.1597337770382
873.2645590682197
873.2895174708818
872.648918469218
870.3194675540766
869.8901830282862
868.9617304492513
867.900166389351
867.2079866888519
866.5790349417638
865.4459234608985
865.4342762063228
864.6688851913477
863.8336106489185
