289.0
289.0
286.898
285.132
283.007
280.613
278.111
276.614
274.795
273.158
271.145
269.225
266.507
264.4
262.274
260.641
258.784
256.752
254.784
253.144
250.976
249.245
247.285
245.676
244.48
242.798
241.069
239.097
237.159
235.337
233.891
232.038
230.222
228.585
226.725
225.189
223.615
221.883
220.343
219.223
217.711
216.201
214.808
213.138
211.442
209.544
207.97
206.597
204.913
203.449
202.202
200.53
199.487
198.064
196.615
194.986
193.177
191.616
190.422
188.868
187.467
186.25
184.8
183.23
181.592
180.269
178.656
177.603
176.305
174.577
173.04
171.194
169.683
167.716
166.56
165.038
163.59
161.988
160.72
159.26
157.266
156.046
154.592
152.631
151.27
150.098
148.959
147.592
146.529
145.177
143.822
142.405
141.078
139.763
138.119
136.805
135.427
134.084
132.911
131.696
130.328
129.074
127.981
126.602
125.073
123.853
122.577
121.459
120.514
119.4
118.256
117.173
115.823
114.928
113.623
112.666
111.75
110.524
109.265
108.265
107.25
106.242
104.888
103.838
102.87
101.906
100.564
99.66
99.074
98.648
98.124
97.775
97.159
96.484
95.91
94.999
94.497
93.966
93.478
92.924
92.597
91.975
91.522
91.115
90.22
89.594
88.987
88.59
88.012
87.481
86.968
86.449
85.898
85.308
84.758
84.215
83.659
83.219
82.86
82.269
81.432
80.779
80.244
79.808
79.242
78.616
77.983
77.377
76.906
76.133
75.63
75.112
74.828
74.258
73.736
73.313
72.887
72.393
71.91
71.458
70.999
70.445
69.949
69.368
68.987
68.608
68.107
67.497
67.055
66.749
66.191
65.7
65.294
64.744
64.226
63.736
63.212
62.756
62.336
62.181
