2744.0
2744.0
2749.192
2741.0
2732.358
2728.788
2734.733
2719.746
2720.45
2714.274
2693.18
2678.866
2669.328
2659.725
2652.804
2641.379
2636.227
2628.225
2611.679
2593.641
2570.446
2552.619
2533.529
2527.288
2525.565
2515.908
2507.658
2494.431
2478.789
2461.495
2444.509
2433.114
2417.13
2395.099
2378.562
2361.016
2349.716
2331.854
2312.731
2293.16
2281.867
2272.379
2257.41
2240.22
2220.41
2208.747
2186.158
2169.697
2146.567
2122.936
2109.176
2083.67
2064.572
2053.379
2038.312
2020.196
2010.594
2001.024
1977.266
1955.52
1944.169
1925.673
1915.439
1900.701
1890.88
1872.388
1847.882
1830.887
1814.02
1792.378
1773.825
1755.568
1737.819
1722.975
1701.885
1689.934
1671.139
1659.901
1644.141
1630.574
1613.422
1594.589
1579.224
1562.007
1546.397
1533.965
1523.146
1494.937
1481.079
1468.737
1453.812
1436.641
1416.728
1404.551
1386.176
1368.312
1354.585
1336.026
1321.431
1310.019
1289.355
1275.241
1253.765
1244.226
1230.29
1215.535
1195.532
1185.867
1176.876
1158.423
1139.923
1131.573
1127.252
1105.961
1093.695
1083.098
1073.656
1057.647
1047.952
1040.708
1026.678
1009.3
1003.357
991.048
981.528
963.357
955.544
950.508
935.172
921.443
909.137
900.089
890.045
877.068
863.537
851.978
835.582
829.808
825.848
811.753
805.16
793.831
789.98
773.189
760.811
745.535
730.765
725.035
715.403
702.139
694.221
682.079
672.502
660.41
654.655
646.732
637.522
629.477
621.1
610.764
599.481
592.417
580.265
572.471
564.591
551.327
539.078
535.359
526.83
520.181
512.863
505.041
496.343
493.336
487.362
479.412
468.055
462.839
458.566
451.869
443.06
437.123
423.866
419.388
406.506
403.075
396.102
388.88
382.616
375.277
366.203
359.86
353.685
347.849
342.958
336.357
329.338
324.021
317.108
310.363
