15.0
15.0
15.011200000000011
15.021200000000011
15.036300000000011
15.051400000000006
15.065399999999997
15.078800000000003
15.0987
15.116399999999992
15.1312
15.146000000000003
15.163199999999991
15.177
15.193899999999994
15.2083
15.219
15.234099999999994
15.252799999999993
15.272800000000005
15.288000000000006
15.300200000000011
15.3152
15.330899999999982
15.35079999999999
15.365500000000011
15.384999999999996
15.399700000000003
15.415999999999995
15.432399999999994
15.4455
15.461199999999995
15.4733
15.489
15.502299999999996
15.516200000000003
15.532099999999994
15.551299999999994
15.5683
15.585700000000012
15.603100000000007
15.6199
15.6338
15.646
15.662300000000004
15.678
15.693900000000003
15.7123
15.7293
15.7447
15.758
15.7746
15.7868
15.7945
15.8089
15.8249
15.8375
15.8526
15.8695
15.8869
15.8977
15.9113
15.9261
15.9393
15.944
15.952
15.9635
15.9714
15.98639999999999
16.00150000000001
16.014000000000113
16.022000000000126
16.029300000000017
16.039799999999858
16.0494
16.057899999999986
16.062299999999965
16.074099999999913
16.08139999999987
16.090299999999978
16.09639999999998
16.102199999999865
16.10629999999995
16.112199999999937
16.11730000000004
16.125000000000068
16.13030000000002
16.137099999999997
16.14190000000002
16.15080000000001
16.15319999999991
16.157399999999996
16.16209999999995
16.16880000000005
16.171900000000054
16.179300000000016
16.183199999999964
16.186799999999952
16.189099999999975
16.193699999999986
16.199099999999877
16.202999999999967
16.207900000000098
16.21259999999986
16.216999999999935
16.217700000000075
16.223900000000015
16.228099999999877
16.23500000000004
16.236900000000027
16.24310000000003
16.248399999999982
16.251399999999975
16.25390000000003
16.255699999999912
16.2585
16.258699999999973
16.259000000000004
16.262300000000042
16.26689999999998
16.27100000000005
16.275100000000016
16.275299999999913
16.277700000000063
16.279699999999952
16.278400000000033
16.281300000000034
16.277099999999955
16.264000000000042
16.246100000000062
16.229399999999984
16.214500000000037
16.20090000000002
16.18509999999986
16.169899999999995
16.155400000000057
16.14469999999988
16.1288
16.115800000000025
16.101200000000073
16.084599999999877
16.069400000000044
16.049200000000067
16.03390000000003
16.02080000000003
16.00850000000001
15.9916
15.9783
15.9632
15.9508
15.9369
15.9246
15.9099
15.8979
15.884299999999998
15.8719
15.8596
15.8459
15.8282
15.810700000000002
15.7993
15.7834
15.7689
15.7573
15.7446
15.7293
15.708
15.6935
15.6766
15.6601
15.6402
15.632400000000002
15.6151
15.596
15.5827
15.5722
15.560699999999997
15.5507
15.535199999999998
15.5198
15.5073
15.4985
15.480499999999994
15.465299999999997
15.449899999999994
15.4398
15.426299999999998
15.413499999999997
15.3995
15.3846
15.369400000000006
15.359600000000002
15.341
15.3268
15.3122
15.3002
15.286499999999995
15.2696
15.249799999999997
15.235700000000003
