12167.0
12167.0
12096.9816
12035.7203
11967.5595
11903.3893
11846.6975
11781.3869
11720.0871
11656.6407
11598.0033
11542.6465
11482.3097
11427.98
11379.1904
11329.2423
11273.1871
11221.9971
11173.1152
11124.1721
11076.7636
11029.6185
10984.6397
10936.1474
10886.2173
10848.2943
10807.1517
10756.3977
10709.8076
10668.6331
10624.4996
10586.4495
10541.5785
10497.5552
10457.0859
10410.1564
10368.2874
10329.1894
10287.654
10242.6068
10199.6547
10158.8131
10115.8569
10077.6466
10039.7183
10001.8923
9964.5021
9924.6867
9886.3479
9850.3061
9814.4407
9785.8704
9751.3255
9715.1945
9683.5391
9652.9227
9618.1512
9586.0007
9549.9759
9514.0761
9481.8522
9452.3398
9426.279
9396.5619
9369.9232
9350.8437
9319.3698
9277.8833
9250.0463
9224.2487
9200.1875
9170.5864
9144.1067
9119.4117
9090.1671
9066.1538
9038.9288
9012.096
8990.5104
8965.7473
8941.3435
8913.4627
8884.2709
8858.9477
8830.8202
8800.7326
8767.6696
8746.3104
8713.3758
8681.2287
8654.0351
8625.4001
8599.4826
8571.8645
8543.7192
8519.4515
8487.2124
8462.9601
8440.5085
8419.2278
8395.3542
8372.7961
8351.1464
8327.5872
8304.1245
8279.0695
8249.7734
8224.0428
8198.8569
8172.7306
8145.5824
8120.5726
8094.4608
8071.28
8044.1468
8018.6756
7992.5231
7967.3793
7941.0241
7916.3352
7895.9395
7871.6746
7847.7695
7823.5686
7801.1565
7775.3775
7752.5081
7717.5319
7670.5698
7628.4839
7582.2436
7533.2085
7485.3447
7443.5958
7392.6507
7342.2907
7300.5934
7264.3508
7221.2622
7178.1506
7134.0126
7090.2353
7048.8704
7009.8137
6971.5835
6932.5913
6890.3747
6851.7946
6814.1695
6780.9217
6741.4552
6708.0864
6671.4358
6635.0619
6601.4205
6569.176
6535.2067
6500.4867
6464.8812
6433.5806
6390.7974
6361.2009
6327.6172
6288.9619
6253.7081
6221.7385
6186.5173
6152.325
6118.9799
6089.4959
6060.3014
6033.2521
6000.4037
5969.7345
5938.4592
5916.1634
5890.7905
5855.011
5823.2385
5794.0386
5763.5484
5731.543
5708.9719
5675.2768
5648.9873
5623.7686
5596.0019
5571.2751
5544.6174
5513.2111
5480.6814
5456.427
5427.9743
5398.5423
5368.7175
5335.6648
5308.6742
5286.0781
5253.3652
5223.4372
