8.0
8.0
7.931
7.906
7.837
7.785
7.776
7.904
7.808
7.784
7.571
7.546
7.597
7.743
7.659
7.989
8.344
8.343
8.357
8.449
8.481
8.444
8.695
8.709
8.75
8.919
9.142
9.093
9.294
9.534
9.542
10.057
10.105
10.154
10.286
10.591
10.802
11.258
11.757
11.91
11.97
12.177
12.256
13.228
13.54
14.063
14.18
14.722
15.19
15.091
15.921
16.247
16.661
17.183
17.767
18.358
18.88
19.552
20.135
20.892
21.363
21.81
22.642
23.337
23.64
24.166
24.856
25.56
25.721
26.344
26.92
27.279
27.938
28.319
29.089
29.896
30.615
31.498
32.26
32.565
33.04
33.197
33.647
34.261
34.948
35.084
35.492
36.498
37.06
37.384
37.725
38.213
38.972
39.281
40.165
40.617
41.475
42.253
42.699
42.813
43.438
43.159
43.195
43.941
44.627
44.744
44.873
46.067
46.754
47.484
48.14
48.98
49.144
49.668
50.102
50.624
50.484
50.287
50.74
51.354
51.641
51.887
52.042
52.35
52.521
53.24
53.307
54.125
54.545
53.994
54.325
54.251
55.072
55.833
56.545
56.672
57.149
57.48
57.597
57.401
56.965
56.686
56.702
56.246
56.845
56.997
57.858
58.465
59.046
59.305
59.213
59.782
60.532
61.295
61.346
62.069
62.217
62.808
63.58
63.142
62.939
62.9
64.467
64.352
64.419
64.84
65.224
65.835
67.678
67.783
67.5
67.384
67.522
67.772
68.248
68.045
67.631
69.445
69.334
69.637
69.637
69.801
70.506
71.539
72.34
73.001
72.6
73.244
73.202
73.455
73.989
74.51
74.661
74.589
74.718
74.042
74.285
74.632
74.343
74.166
