1728.0
1728.0
1696.334
1667.987
1632.367
1594.329
1565.682
1532.61
1503.548
1476.289
1451.008
1421.003
1393.261
1368.814
1343.365
1319.301
1293.744
1264.46
1242.491
1218.029
1192.813
1164.731
1141.362
1113.732
1094.963
1076.317
1061.276
1041.474
1016.382
994.112
972.831
956.722
939.931
923.887
904.63
882.551
862.471
844.867
825.017
808.971
795.748
778.965
765.407
748.596
731.693
720.135
706.827
691.065
676.418
664.747
646.573
627.895
614.41
600.603
590.197
581.258
572.266
564.091
554.334
547.524
540.903
532.544
522.286
512.326
503.248
494.104
489.11
479.166
469.291
458.845
453.013
444.994
437.717
429.327
421.575
412.444
406.296
398.915
394.338
387.217
380.496
373.425
365.506
358.652
352.024
346.27
341.467
334.921
328.455
324.722
318.685
313.794
307.128
302.665
294.795
289.61
283.894
278.965
272.061
266.907
260.41
256.495
249.837
245.352
240.09
235.543
231.472
228.142
223.373
220.696
214.706
210.017
205.776
200.68
196.262
192.827
188.443
184.225
180.268
176.655
174.383
171.532
167.67
162.691
157.083
154.157
150.12
146.932
143.754
141.081
138.964
136.349
134.745
132.091
128.012
124.315
120.956
118.305
115.981
114.479
112.032
110.719
108.949
107.33
105.999
103.472
100.839
98.529
96.54
94.329
92.981
91.034
89.327
88.076
86.025
83.912
82.117
80.304
78.796
77.69
76.266
74.706
73.803
72.949
71.556
69.875
68.509
66.616
65.602
62.879
61.833
60.1
58.673
57.518
56.755
55.421
54.426
53.089
52.184
50.252
49.018
47.793
47.02
46.117
44.932
44.338
42.94
41.862
40.546
39.998
39.334
37.676
37.532
36.937
35.957
35.18
33.912
33.406
32.72
32.319
