16.0
16.0
16.642
17.381
18.121
18.745
19.425
19.922
20.519
21.005
21.475
22.221
22.841
23.414
24.226
24.815
25.392
26.144
26.816
27.57
28.103
28.743
29.434
30.068
30.977
31.784
32.476
32.864
33.738
34.423
35.261
36.264
37.077
37.933
38.536
39.198
39.878
40.619
41.605
42.585
43.418
44.457
45.167
45.765
46.536
47.162
47.687
48.607
49.612
50.244
51.158
51.982
52.966
53.716
54.645
55.7
56.568
57.532
58.267
59.35
60.099
60.87
61.571
62.328
63.336
64.276
65.017
65.71
67.031
67.934
68.731
69.608
70.729
71.765
72.786
73.5
74.735
76.196
77.429
78.569
79.676
81.035
81.756
82.75
83.762
84.882
86.079
87.345
88.219
89.795
90.924
92.171
93.841
94.953
96.023
97.177
98.29
99.524
101.045
102.308
103.934
105.304
106.558
108.301
110.001
111.806
113.414
114.813
116.32
118.237
119.742
121.734
123.228
124.56
126.078
127.896
129.146
130.894
132.386
134.071
135.729
136.826
138.375
139.702
141.391
143.225
144.76
146.375
147.096
148.205
149.836
150.762
152.254
153.143
154.609
155.9
156.649
157.743
158.462
159.35
160.271
162.391
163.517
165.086
165.899
166.857
167.792
168.992
170.562
171.386
172.049
173.309
174.733
175.633
175.937
177.892
178.532
179.863
181.088
182.258
183.788
184.352
185.274
186.449
187.375
188.926
190.336
191.598
192.483
193.079
193.659
195.1
196.34
196.825
198.204
198.565
199.316
200.202
201.266
202.16
203.122
204.28
204.781
206.781
207.741
208.367
209.812
210.121
210.935
211.302
211.403
212.676
212.79
213.514
214.2
215.265
215.478
215.651
216.677
217.279
