2197.0
2197.0
2195.59
2195.495
2191.566
2191.777
2186.771
2195.687
2201.179
2214.983
2218.885
2223.274
2226.787
2229.074
2240.52
2251.081
2259.582
2275.647
2296.943
2306.623
2313.736
2325.446
2334.758
2348.858
2359.545
2379.684
2391.985
2403.749
2417.94
2443.08
2458.751
2473.815
2489.769
2506.594
2533.568
2547.977
2566.227
2580.672
2602.168
2621.87
2646.63
2686.514
2716.937
2735.718
2754.647
2774.33
2793.215
2806.717
2836.885
2855.276
2872.792
2892.72
2929.467
2945.711
2969.146
2990.846
3013.533
3037.631
3061.678
3090.338
3117.844
3145.787
3174.633
3210.034
3234.341
3256.02
3279.795
3306.105
3342.335
3367.36
3391.434
3417.317
3466.304
3495.516
3531.535
3567.551
3602.519
3630.478
3666.109
3696.432
3717.211
3742.025
3774.794
3800.656
3826.056
3859.462
3891.504
3922.665
3940.022
3990.899
4018.925
4057.86
4091.843
4115.936
4144.977
4191.726
4205.995
4229.665
4266.485
4285.708
4328.801
4368.43
4408.34
4450.627
4495.74
4556.863
4600.818
4625.017
4662.806
4700.436
4750.623
4790.715
4832.021
4863.301
4897.771
4924.864
4953.06
4992.554
5026.23
5074.94
5116.563
5169.703
5197.203
5233.976
5271.991
5307.944
5356.631
5418.042
5466.476
5506.294
5535.762
5588.58
5621.46
5661.02
5718.758
5774.996
5816.576
5884.239
5932.968
5978.119
6017.588
6062.357
6114.782
6174.831
6246.845
6298.504
6369.802
6422.053
6462.587
6526.617
6591.864
6645.809
6700.125
6741.716
6789.253
6858.334
6913.161
6973.041
7040.493
7091.099
7179.129
7222.633
7280.132
7344.944
7404.926
7442.765
7501.308
7562.212
7629.015
7669.557
7720.865
7769.114
7845.482
7886.173
7950.414
8023.476
8074.115
8134.571
8227.505
8275.566
8350.405
8418.528
8468.971
8538.028
8578.341
8630.511
8680.218
8720.489
8799.626
8852.344
8935.142
8996.786
9068.584
9135.498
9197.32
9277.749
9362.892
9454.711
9540.44
9594.783
