1000.0
1000.0
1006.7278
1012.5922
1019.451
1027.4126
1035.8655
1043.0935
1051.8473
1059.325
1068.2583
1076.5635
1084.7863
1093.1791
1101.0
1109.2536
1118.7341
1127.324
1138.2028
1147.6724
1158.7301
1170.474
1181.9073
1192.5001
1203.4352
1213.0723
1224.188
1235.0521
1246.1115
1258.1323
1268.2314
1279.09
1289.8648
1300.6553
1313.6617
1326.0122
1338.668
1350.0933
1363.4257
1375.8626
1388.6155
1401.3088
1413.4113
1426.9546
1440.8554
1455.1762
1467.6874
1482.086
1496.4467
1509.4927
1524.2803
1537.7893
1552.3518
1568.5413
1579.1773
1588.7957
1601.8617
1612.9126
1623.2582
1635.3376
1648.1302
1660.2638
1670.7517
1679.9801
1692.2796
1705.0968
1717.333
1728.5838
1741.1736
1753.0781
1763.5126
1775.0394
1784.4389
1795.5036
1805.4843
1816.4459
1828.5747
1838.9513
1850.378
1863.5475
1875.9054
1886.0235
1898.905
1911.6052
1918.8384
1929.2893
1939.1231
1950.3608
1965.4853
1977.6619
1987.7654
2002.9534
2015.5554
2026.3087
2040.1031
2052.3485
2063.6994
2071.9714
2085.921
2098.6526
2109.5244
2123.878
2136.3331
2146.3357
2159.3381
2172.3291
2184.8199
2195.3251
2207.3158
2220.759
2232.6532
2243.4134
2256.1096
2268.8905
2280.8622
2292.8072
2304.9787
2316.9713
2330.3801
2342.6835
2357.7785
2373.7406
2388.5287
2401.7847
2414.352
2428.9994
2440.981
2458.6081
2476.9245
2492.8399
2512.206
2533.3927
2550.1815
2573.9862
2596.0422
2619.0447
2642.5375
2660.8103
2683.5136
2707.02
2733.4013
2759.5409
2782.0782
2804.9749
2832.2544
2857.8178
2885.0998
2908.4191
2937.9986
2965.8549
2994.0272
3024.5059
3055.1666
3083.7508
3117.4058
3147.7988
3179.3967
3209.4345
3241.8378
3274.9804
3307.8614
3337.9141
3371.7433
3404.7626
3442.6219
3479.1588
3515.2358
3549.6322
3582.6885
3617.2979
3653.3495
3687.4253
3730.1682
3762.7315
3804.8903
3842.5684
3885.7827
3923.2637
3958.5652
3998.2846
4038.7486
4077.3243
4119.4346
4164.2454
4203.1776
4243.6292
4280.8264
4317.2313
4358.5964
4404.3947
4446.9042
4490.9442
4536.5137
4583.0306
4628.9725
4677.2697
4723.9228
4772.5206
4815.9598
4867.7212
