1024.0
1024.0
1023.1738
1022.3858
1021.4035
1020.6036
1019.8976
1019.1133
1018.4469
1017.7378
1017.1002
1016.4061
1015.5586
1014.8434
1014.2893
1013.6559
1013.0707
1012.3438
1011.7344
1011.1781
1010.4977
1010.038
1009.4747
1008.959
1008.3902
1007.7493
1007.214
1006.4905
1006.0174
1005.3537
1005.0696
1004.6062
1004.154
1003.6759
1003.363
1002.904
1002.6678
1002.3518
1001.9278
1001.8403
1001.4889
1001.2263
1000.8215
1000.2756
999.7829
999.4961
999.2041
998.7441
998.4265
997.9228
997.5387
997.1676
996.7461
996.2889
995.518
994.6681
993.7105
992.729
991.9375
991.0947
990.1945
989.184
988.1503
987.2194
986.3954
985.4701
984.431
983.2523
982.2621
981.4617
980.3688
979.429
978.5528
977.5734
976.3428
975.208
974.2129
973.2199
972.2423
971.3465
970.3031
969.3446
968.5153
967.4482
966.7049
965.7053
964.9077
963.8856
962.8341
962.0069
961.2137
960.4021
959.4515
958.4172
957.4526
956.5998
955.6823
954.7338
953.7145
952.6746
951.788
950.752
949.6455
948.6985
947.7555
946.5829
945.6662
944.8481
943.829
942.8969
941.9964
941.2631
940.1211
939.1211
938.1872
937.3951
936.5205
935.5914
934.4883
933.3731
932.3158
931.3821
930.4488
929.4768
928.5257
927.6
926.6199
926.0237
925.9799
926.0691
926.1389
926.2608
926.4135
926.6006
926.6463
926.7375
926.9417
927.0259
927.1486
927.2413
927.3984
927.5815
927.7574
927.8378
928.1593
928.3036
928.2989
928.3184
928.4565
928.6678
928.8335
929.0985
929.2161
929.3615
929.587
929.6584
929.776
929.7855
929.9033
930.085
930.1617
930.3193
930.4412
930.5504
930.6245
930.8228
931.0771
931.2883
931.278
931.5627
931.642
931.8091
931.9829
931.9606
932.2483
932.2996
932.5347
932.6755
932.9323
933.0478
933.2097
933.3266
933.4782
933.5488
933.6692
933.7906
933.843
933.858
933.9979
934.0014
934.1109
934.1187
934.3314
934.4249
934.3306
934.5659
934.8872
935.0724
935.1904
935.2983
