6.0
6.0
6.014
6.025
6.043999999999999
6.0489999999999995
6.065999999999997
6.080000000000005
6.084999999999998
6.1
6.11
6.140000000000001
6.167999999999998
6.190999999999996
6.217
6.237
6.257999999999999
6.288000000000005
6.303000000000002
6.325
6.334000000000001
6.352
6.377999999999999
6.403
6.428
6.467000000000001
6.488000000000002
6.512
6.536000000000002
6.560999999999999
6.568999999999998
6.603
6.633
6.660000000000003
6.687
6.707
6.737
6.771000000000002
6.783000000000002
6.81
6.852000000000002
6.892999999999999
6.933999999999998
6.976
6.996
7.022
7.056000000000001
7.086000000000001
7.12
7.150000000000001
7.180999999999999
7.218999999999999
7.265
7.302
7.344
7.385
7.421
7.46
7.495
7.531
7.568
7.606
7.648
7.671
7.707
7.752
7.787
7.814
7.831
7.87
7.909
7.943
7.971
8.012999999999995
8.053999999999984
8.081000000000001
8.109000000000018
8.138000000000007
8.174999999999992
8.189
8.208999999999993
8.234000000000016
8.255000000000015
8.301000000000018
8.330000000000005
8.343
8.362999999999992
8.385000000000012
8.413
8.446000000000014
8.472000000000014
8.492999999999999
8.530000000000012
8.567999999999994
8.591999999999997
8.632999999999997
8.66800000000001
8.703000000000001
8.71699999999999
8.737999999999996
8.764000000000006
8.78299999999999
8.806999999999999
8.828999999999994
8.859000000000007
8.880999999999998
8.90699999999999
8.941999999999979
8.974999999999998
9.000000000000004
9.03199999999999
9.053999999999997
9.075999999999995
9.101
9.136999999999988
9.162999999999995
9.186000000000018
9.191999999999997
9.216999999999995
9.237999999999992
9.264999999999993
9.297000000000004
9.321000000000003
9.345000000000008
9.382999999999994
9.42
9.450999999999995
9.481000000000003
9.499999999999995
9.511999999999995
9.53399999999999
9.548999999999996
9.56500000000001
9.583999999999998
9.604999999999999
9.632000000000007
9.657000000000014
9.677000000000007
9.702999999999992
9.717
9.738999999999992
9.759999999999996
9.789000000000005
9.81700000000001
9.833999999999996
9.853000000000007
9.869000000000014
9.908000000000001
9.937999999999994
9.949
9.967000000000002
9.988999999999997
10.011999999999997
10.024000000000013
10.062000000000003
10.103999999999996
10.140000000000002
10.161
10.195999999999996
10.236
10.248999999999993
10.276999999999989
10.302999999999999
10.329000000000002
10.341999999999997
10.369999999999996
10.407000000000004
10.431999999999997
10.45199999999999
10.475999999999996
10.498999999999988
10.541000000000002
10.569
10.583000000000007
10.612000000000005
10.648999999999988
10.65799999999999
10.679999999999993
10.707
10.726999999999991
10.764999999999997
10.79599999999999
10.813000000000004
10.835
10.859999999999996
10.874999999999996
10.900000000000007
10.921999999999995
10.967999999999996
10.983000000000004
11.015999999999993
11.041000000000004
11.075000000000003
11.105000000000008
11.132999999999992
11.165
11.203000000000003
11.219000000000001
11.236999999999998
11.271000000000008
