125.0
125.0
126.347
125.448
124.729
123.636
123.067
122.713
121.037
118.686
116.352
116.949
115.964
114.854
115.668
114.517
114.062
114.337
114.793
114.283
114.603
115.576
115.166
114.878
114.521
113.972
113.733
114.721
116.23
116.183
115.615
115.599
115.251
115.196
115.399
115.287
115.35
114.919
115.722
115.267
115.901
115.73
115.79
116.12
115.168
114.513
114.521
114.754
116.13
115.621
114.749
114.885
114.853
114.286
114.207
115.542
116.418
118.084
119.43
119.77
120.998
121.752
121.763
122.792
122.926
123.43
124.725
124.495
125.085
126.588
126.212
127.179
127.026
127.504
127.645
127.886
128.401
129.126
129.662
131.145
131.873
130.94
131.611
132.121
132.142
132.664
133.701
133.574
134.893
135.114
134.106
135.54
134.977
135.276
134.772
135.121
134.521
135.552
136.24
136.735
137.228
137.425
136.581
136.837
137.924
137.356
138.096
140.064
138.93
140.033
139.372
141.351
142.792
143.091
144.276
147.32
148.723
150.75
151.556
152.422
153.38
151.373
150.916
152.745
151.678
152.232
152.629
153.354
153.974
156.725
156.972
159.288
158.995
158.907
159.514
159.263
158.548
158.047
157.987
156.588
156.352
156.142
155.425
154.94
155.164
153.79
154.86
155.685
155.26
155.791
158.601
159.439
159.057
159.943
159.989
162.554
161.939
162.308
159.975
159.417
160.736
161.42
160.83
161.487
159.646
160.323
161.25
160.866
162.267
162.98
164.551
163.165
163.267
163.394
164.102
164.123
166.366
167.089
167.466
166.776
166.304
167.737
168.564
169.287
170.752
172.358
173.202
173.613
171.794
171.444
170.901
170.212
171.372
171.477
171.775
171.756
172.029
173.355
173.747
176.451
