729.0
729.0
695.975
670.066
644.137
615.848
590.718
567.742
539.396
515.619
492.063
469.129
447.612
429.881
413.323
397.488
382.437
364.306
349.707
335.424
320.328
307.926
297.998
287.777
279.136
267.589
257.121
248.56
238.553
227.633
216.124
206.699
199.33
193.376
185.912
179.583
171.073
163.794
156.888
151.46
142.977
137.785
132.165
124.829
121.19
114.687
108.215
103.754
99.331
96.21
92.436
90.904
86.304
83.657
85.658
86.262
87.789
88.038
87.272
86.909
86.541
86.384
86.228
86.51
87.241
87.475
87.516
86.735
86.254
86.453
86.264
86.412
86.102
86.965
87.581
86.542
85.606
84.719
85.592
86.042
85.555
85.716
85.663
85.398
84.786
84.524
83.795
84.405
84.151
83.476
84.042
83.882
84.527
84.904
84.962
84.795
84.476
84.264
84.362
84.232
85.497
85.91
86.677
85.592
85.263
85.51
85.942
85.657
85.394
85.641
86.94
87.219
86.817
87.842
87.368
86.67
86.238
86.16
85.189
86.702
86.492
84.683
84.252
83.053
84.225
83.353
82.942
81.743
81.933
81.937
81.82
81.313
80.538
79.862
78.178
77.787
78.722
78.403
78.016
80.195
79.453
79.768
79.802
79.798
80.045
81.625
80.426
79.857
78.987
78.664
79.217
79.308
80.074
79.473
79.508
80.122
78.694
77.748
77.286
77.558
76.759
76.299
76.182
75.701
76.185
76.247
75.946
75.211
75.657
75.12
74.283
73.715
72.238
72.848
73.861
72.265
71.525
71.198
71.539
71.066
71.294
71.452
70.582
70.524
70.322
68.769
66.709
66.8
68.194
67.541
67.781
67.408
68.006
66.058
66.852
67.785
67.85
68.513
67.563
67.781
