81.0
81.0
80.9606
81.0136
81.0289
81.188
81.3315
81.485
81.677
81.9383
82.117
82.3516
82.701
82.9817
83.2722
83.6675
84.1137
84.5254
84.9623
85.415
85.8832
86.2828
86.6367
87.0611
87.5377
88.049
88.6403
89.3107
89.8616
90.4601
91.1582
91.8315
92.4601
93.1424
93.7902
94.3681
94.9804
95.5348
96.2291
96.9373
97.6966
98.3827
99.0995
99.9443
100.6429
101.2512
102.022
102.7071
103.2937
104.0418
104.8721
105.5742
106.5055
107.3263
108.3422
109.2984
110.2371
111.207
112.2002
113.2615
114.2077
115.1364
116.0291
116.9437
117.9202
118.8754
119.7631
120.7611
121.7069
122.625
123.6417
124.6415
125.6143
126.6478
127.6259
128.6482
129.5392
130.5421
131.5169
132.5153
133.5482
134.5474
135.657
136.6343
137.5937
138.5914
139.5069
140.466
141.5316
142.5027
143.5016
144.5942
145.5238
146.5435
147.5661
148.4981
149.4834
150.644
151.5635
152.5317
153.6561
154.6139
155.5755
156.5716
157.6075
158.6403
159.7026
160.6481
161.7315
162.8296
163.9012
164.9234
165.8653
166.7309
167.8154
168.9081
169.9131
171.0714
172.1727
173.1777
174.2594
175.251
176.2576
177.4145
178.5502
179.6338
180.7137
181.821
183.2711
184.5763
185.8559
187.1894
188.4597
189.9063
191.1968
192.4641
193.794
195.0666
196.3348
197.5894
198.9465
200.2487
201.459
202.6182
203.8424
205.2414
206.6936
207.8193
209.1739
210.4613
211.6558
212.9172
214.1478
215.3858
216.6907
218.1375
219.2478
220.3365
221.5523
222.5827
223.685
224.8832
226.1723
227.4771
228.6896
229.7963
231.0491
232.2035
233.448
234.7599
235.916
237.2418
238.4449
239.4246
240.6865
242.0399
243.3036
244.4616
245.6625
246.628
247.7604
249.1221
250.3078
251.4834
252.5115
253.7174
254.8991
256.1378
257.4877
258.7643
260.0281
261.3959
262.5025
263.7181
265.1122
266.3108
267.4627
268.6825
270.041
271.2968
