27.0
27.0
26.7422
26.5415
26.3061
26.1004
25.8991
25.603
25.4012
25.2484
25.1004
24.9374
24.8157
24.6344
24.5983
24.5221
24.3896
24.2666
24.225
24.1298
24.0274
23.9137
23.8882
23.8374
23.8184
23.6832
23.6183
23.4805
23.4244
23.4174
23.351
23.3623
23.2508
23.3095
23.2498
23.262
23.3692
23.3284
23.3269
23.3159
23.3242
23.3242
23.3361
23.3958
23.5563
23.5888
23.5328
23.4965
23.4673
23.4662
23.402
23.4354
23.4528
23.5143
23.5797
23.8226
23.9024
24.033
24.1795
24.2055
24.2506
24.3055
24.4284
24.4851
24.5454
24.6356
24.7524
24.8328
24.9782
25.0526
25.1909
25.1839
25.2721
25.443
25.5363
25.682
25.8004
25.7986
25.9749
26.0207
26.1452
26.2342
26.3663
26.4114
26.4927
26.5523
26.7354
26.8059
27.0219
27.1192
27.2855
27.4315
27.6229
27.8408
28.0612
28.1855
28.3938
28.4604
28.6311
28.842
29.0211
29.2066
29.324
29.3866
29.5512
29.7444
29.8281
29.951
29.9595
30.032
30.2481
30.362
30.4552
30.7118
30.9226
31.0739
31.2936
31.3163
31.6073
31.7554
31.8407
31.9791
32.2022
32.3643
32.4933
32.4265
32.5262
32.7066
32.836
33.0535
33.1188
33.0744
33.2799
33.335
33.4384
33.6378
33.7823
33.7722
34.0492
34.193
34.2617
34.487
34.6913
34.8976
34.9124
34.9428
35.0226
35.0574
35.2792
35.4836
35.8266
36.099
36.3475
36.4984
36.673
36.923
37.1018
37.2983
37.5234
37.6023
37.8141
37.9772
38.0356
38.197
38.4098
38.613
38.9077
39.0885
39.4074
39.6072
39.7176
39.8126
39.9686
40.3056
40.5422
40.7205
40.8209
40.9801
41.1167
41.2592
41.4962
41.6999
41.7638
41.8242
42.0209
42.1751
42.4544
42.6631
42.9535
43.3311
43.4906
43.5993
43.4903
43.768
43.9154
44.2807
44.4095
44.5883
44.7575
45.2588
