289.0
289.0
284.2831
279.4541
275.0191
270.5027
266.0056
261.5089
256.9814
252.6119
248.2694
243.8736
239.6585
235.5695
231.3445
227.3936
223.3632
219.0147
215.0299
210.9582
207.1993
202.9226
198.9142
195.0045
190.9049
186.9649
183.1731
179.4265
175.6854
172.0372
168.4057
164.6439
161.3459
157.5982
153.9331
150.449
147.1899
143.9566
140.6474
137.3786
134.184
131.0918
127.8783
124.8881
121.9239
118.9164
116.0476
113.2027
110.3065
107.4565
104.7241
101.7932
98.9933
96.7559
95.4033
94.069
92.8245
91.4442
90.1627
88.9264
87.6769
86.2649
84.9221
83.6502
82.3358
81.0437
79.7102
78.3649
77.0329
75.8276
74.6906
73.4821
72.2282
71.0089
69.7545
68.6387
67.3968
66.1977
64.9874
63.8565
62.6887
61.5183
60.3842
59.2919
58.2437
57.1997
56.1337
55.0081
53.9962
52.9123
51.9223
50.9706
49.9638
49.0059
48.0131
47.0405
46.1115
45.2296
44.2996
43.3299
42.3293
41.4797
40.5726
39.7279
38.8567
38.0627
37.2115
36.3782
35.5807
34.8128
34.0261
33.2289
32.4844
31.7905
31.0954
30.4721
29.832
29.098
28.4066
27.7994
27.104
26.4993
25.9199
25.3348
24.7725
24.1713
23.5935
23.0909
22.6168
22.1133
21.6637
21.2771
20.8294
20.3583
19.9568
19.5515
19.1092
18.7086
18.2822
17.9146
17.5264
17.1975
16.8408
16.4468
16.1474
15.8091
15.4916
15.1893
14.8911
14.569
14.2299
13.9474
13.6378
13.3545
13.0473
12.8023
12.5394
12.3267
12.0456
11.7947
11.5546
11.3164
11.0931
10.8949
10.6911
10.4499
10.2545
10.0436
9.8158
9.611
9.3993
9.2237
9.0285
8.8322
8.6619
8.4802
8.2892
8.1134
7.9253
7.7722
7.6326
7.4434
7.2922
7.1076
6.9449
6.848
6.702
6.5434
6.3831
6.2609
6.1459
6.01
5.8834
5.7475
5.6394
5.5291
5.399
5.2891
5.1643
5.0561
