7.0
7.0
6.892
6.763
6.649000000000001
6.559999999999999
6.463999999999998
6.345999999999999
6.237000000000003
6.137000000000002
6.004999999999999
5.876999999999998
5.793
5.682999999999996
5.581000000000002
5.456000000000001
5.323
5.226999999999993
5.153999999999996
5.0639999999999965
4.98400000000001
4.878999999999998
4.762000000000002
4.659000000000003
4.5510000000000055
4.427000000000006
4.335000000000003
4.241
4.126000000000013
4.042999999999997
3.962
3.879
3.787
3.7040000000000006
3.601
3.506
3.4190000000000005
3.317000000000001
3.233000000000001
3.15
3.0540000000000007
2.9600000000000004
2.899999999999999
2.828999999999998
2.7569999999999983
2.674
2.610999999999998
2.533
2.4529999999999985
2.3929999999999976
2.3079999999999985
2.2449999999999974
2.1959999999999993
2.159000000000004
2.158000000000001
2.1480000000000015
2.142000000000001
2.145999999999999
2.142
2.139000000000005
2.136999999999999
2.1409999999999965
2.1310000000000007
2.131
2.127000000000005
2.1259999999999937
2.1179999999999994
2.1100000000000048
2.111000000000004
2.1019999999999985
2.100000000000003
2.0879999999999965
2.081999999999999
2.062999999999998
2.0500000000000065
2.0430000000000015
2.0420000000000003
2.0249999999999972
2.021999999999999
2.024000000000002
2.021999999999998
2.0229999999999975
2.0170000000000012
1.9940000000000004
1.9879999999999982
1.96
1.948
1.9490000000000003
1.9269999999999996
1.919
1.9129999999999998
1.911
1.9050000000000002
1.896
1.8799999999999997
1.887
1.887
1.872
1.862
1.856
1.845
1.841
1.836
1.83
1.8119999999999998
1.809
1.8010000000000004
1.7969999999999997
1.789
1.7960000000000005
1.7809999999999995
1.7609999999999995
1.7650000000000001
1.7559999999999993
1.750999999999999
1.731
1.7269999999999996
1.7200000000000004
1.7129999999999999
1.7040000000000004
1.703
1.708
1.6979999999999997
1.6899999999999997
1.682
1.668
1.654
1.6509999999999991
1.624
1.5849999999999997
1.5499999999999996
1.5219999999999996
1.505
1.4859999999999998
1.475000000000001
1.451000000000001
1.4359999999999995
1.4239999999999995
1.4049999999999996
1.3840000000000006
1.36
1.332
1.325000000000001
1.3010000000000008
1.2960000000000023
1.284000000000001
1.2600000000000018
1.2500000000000002
1.2260000000000009
1.214000000000001
1.1960000000000033
1.1809999999999992
1.1589999999999991
1.145
1.1339999999999995
1.1220000000000006
1.1190000000000018
1.1070000000000004
1.0949999999999995
1.0790000000000017
1.057
1.0340000000000005
1.0240000000000007
1.010999999999999
1.001
0.992
0.985
0.984
0.97
0.9579999999999999
0.956
0.951
0.9390000000000003
0.9280000000000003
0.9250000000000002
0.9129999999999998
0.903
0.899
0.8989999999999998
0.8939999999999999
0.8839999999999998
0.8750000000000003
0.8689999999999998
0.853
0.8420000000000003
0.8329999999999999
0.815
0.795
0.8010000000000002
0.7960000000000006
0.7880000000000009
0.7920000000000001
0.7769999999999999
0.7630000000000007
0.7610000000000005
0.742
0.7409999999999994
0.7330000000000007
0.7320000000000002
0.731
