169.0
169.0
168.134
167.039
166.613
165.769
164.876
163.465
162.8
162.111
160.988
159.913
158.717
158.21
157.319
155.691
154.68
153.611
152.801
152.121
150.869
149.859
148.656
147.669
146.566
145.529
144.256
143.158
142.115
140.414
139.195
138.476
137.47
136.241
135.367
134.287
132.913
131.705
130.915
129.986
129.395
128.213
126.765
125.407
124.256
122.868
122.005
120.901
119.751
118.496
117.446
116.239
115.168
114.132
113.755
113.648
113.296
112.758
112.484
112.211
111.58
111.141
110.534
110.121
109.57
109.12
108.762
108.344
107.56
107.205
106.269
105.633
105.16
104.614
104.115
103.486
102.773
102.021
101.235
100.553
100.127
99.206
98.451
98.065
97.332
96.855
96.19
95.647
94.914
94.135
93.451
92.95
92.129
91.64
91.183
90.411
89.933
89.437
88.907
88.421
87.882
87.08
86.213
85.615
85.025
84.627
83.976
83.589
82.794
82.27
81.557
80.923
80.144
79.474
79.023
78.471
77.769
77.084
76.439
75.915
75.154
74.636
74.145
73.639
73.055
72.47
71.753
71.204
70.839
70.486
70.138
69.663
69.436
69.293
68.868
68.52
68.169
67.987
67.686
67.466
67.223
66.847
66.439
66.061
65.723
65.403
65.039
64.406
64.067
63.661
63.336
63.137
62.614
62.203
61.913
61.682
61.547
61.407
61.376
61.135
60.963
60.862
60.666
60.436
60.259
60.248
59.959
59.618
59.458
59.293
58.96
58.725
58.453
58.135
57.963
57.71
57.456
57.452
57.24
56.918
56.709
56.494
56.236
55.814
55.44
55.402
55.139
54.922
54.78
54.43
54.143
53.92
53.701
53.333
53.13
52.836
52.662
52.32
52.002
51.749
