19.0
19.0
18.814000000000014
18.597999999999985
18.432
18.271000000000054
18.107999999999972
17.941000000000027
17.745999999999977
17.565
17.411999999999978
17.26100000000001
17.13199999999997
16.95000000000002
16.804000000000023
16.65599999999999
16.47099999999999
16.30399999999996
16.15599999999999
16.024000000000022
15.895
15.715
15.603
15.46
15.341
15.186
15.051
14.935
14.803
14.67
14.596
14.462000000000003
14.319
14.215
14.094999999999999
13.978
13.829
13.716000000000003
13.598000000000006
13.496
13.375999999999996
13.260999999999996
13.157999999999996
13.009
12.901
12.774
12.641999999999998
12.550999999999998
12.445000000000006
12.356999999999996
12.28
12.172
12.087
12.019000000000007
11.972999999999999
11.921999999999995
11.877999999999997
11.802999999999992
11.736000000000004
11.669000000000004
11.582
11.514999999999997
11.453000000000003
11.402000000000001
11.349000000000004
11.301000000000004
11.247000000000009
11.169999999999998
11.096999999999998
11.02600000000001
10.950000000000001
10.897
10.840999999999996
10.766
10.671999999999997
10.595999999999997
10.541000000000015
10.485999999999985
10.42600000000001
10.386000000000012
10.303999999999991
10.205000000000009
10.136000000000003
10.087000000000009
10.010000000000009
9.951999999999996
9.893
9.825000000000001
9.767000000000003
9.694999999999997
9.633000000000013
9.558000000000003
9.526
9.484
9.429999999999989
9.371999999999986
9.306999999999997
9.221000000000007
9.141999999999994
9.07299999999999
9.014000000000006
8.933999999999996
8.877999999999998
8.795000000000003
8.759999999999994
8.686
8.636999999999988
8.577000000000004
8.503
8.437999999999985
8.373000000000006
8.324000000000003
8.296999999999997
8.21399999999999
8.14200000000001
8.055000000000007
8.001999999999999
7.946
7.854
7.808
7.781000000000001
7.713000000000002
7.66
7.583
7.527
7.459
7.412
7.378
7.367
7.369000000000001
7.327000000000001
7.317
7.287
7.268999999999998
7.25
7.261
7.2410000000000005
7.24
7.237000000000001
7.197
7.162000000000001
7.137999999999998
7.141
7.134
7.114999999999998
7.136000000000002
7.116
7.1039999999999965
7.071
7.073
7.043
7.012
7.014000000000001
7.011
6.987000000000002
7.01
6.981
6.959999999999998
6.951000000000001
6.943000000000001
6.94
6.906999999999999
6.901
6.877000000000003
6.863000000000001
6.869
6.867
6.846
6.835000000000001
6.835000000000001
6.835000000000001
6.836000000000002
6.825
6.823
6.798
6.781000000000002
6.780000000000004
6.758000000000004
6.77
6.779000000000001
6.769
6.777
6.767000000000003
6.752999999999998
6.75
6.754000000000002
6.733
6.728
6.717
6.724
6.716999999999998
6.703999999999999
6.706999999999998
6.692000000000004
6.694000000000005
6.679999999999998
6.655999999999997
6.649000000000002
6.617000000000002
6.607000000000001
