7.0
7.0
6.995599999999987
6.991799999999997
6.989100000000008
6.986800000000004
6.982600000000003
6.981999999999998
6.981200000000001
6.980199999999998
6.9778000000000056
6.979400000000002
6.977600000000002
6.976100000000006
6.977800000000016
6.9774999999999885
6.978500000000008
6.9794999999999945
6.9797000000000216
6.9857
6.9898999999999925
6.9917000000000025
6.9952
6.999000000000001
6.999800000000006
7.0014
7.006400000000003
7.010199999999994
7.0153000000000025
7.017700000000006
7.023400000000006
7.0306
7.037199999999994
7.043600000000008
7.050400000000009
7.053300000000003
7.065300000000011
7.071700000000002
7.075399999999991
7.083200000000011
7.0914
7.102899999999998
7.111599999999998
7.119999999999994
7.128000000000012
7.137700000000008
7.147599999999991
7.1532
7.160400000000003
7.167300000000007
7.1736
7.1831
7.192500000000003
7.204499999999999
7.220399999999997
7.235799999999997
7.254099999999994
7.273600000000002
7.289999999999994
7.308199999999997
7.324799999999997
7.342599999999997
7.363400000000001
7.381199999999991
7.401
7.4202
7.439900000000003
7.461100000000002
7.483800000000006
7.5054000000000025
7.526600000000001
7.5457999999999945
7.562500000000006
7.580599999999994
7.6002
7.619199999999998
7.638599999999996
7.658900000000002
7.678
7.6953
7.7171
7.741300000000002
7.7632
7.785000000000001
7.8049
7.823499999999998
7.8487
7.8658
7.8883
7.9124
7.9323
7.9522
7.9745
7.996899999999996
8.015100000000032
8.035500000000015
8.056399999999982
8.072799999999951
8.093500000000006
8.11209999999999
8.133100000000045
8.151500000000022
8.173699999999998
8.195899999999964
8.21549999999993
8.233499999999944
8.258000000000008
8.279599999999984
8.299999999999947
8.3189
8.336499999999981
8.358700000000047
8.37970000000001
8.401799999999993
8.425999999999998
8.449100000000007
8.470600000000028
8.489400000000012
8.51250000000004
8.531500000000019
8.549099999999996
8.567899999999955
8.58709999999999
8.6068
8.628799999999993
8.65009999999993
8.674199999999985
8.696399999999961
8.718600000000034
8.738199999999992
8.754599999999952
8.77529999999998
8.79710000000002
8.819200000000022
8.840100000000003
8.85939999999997
8.875800000000037
8.896200000000091
8.916900000000018
8.93830000000001
8.959200000000033
8.980600000000011
9.00109999999997
9.021400000000005
9.043000000000003
9.063599999999964
9.081800000000051
9.10030000000008
9.12109999999997
9.140600000000013
9.159100000000008
9.179300000000033
9.202999999999992
9.222499999999998
9.240999999999993
9.264199999999985
9.287199999999965
9.305199999999981
9.32430000000001
9.345100000000008
9.3648
9.387699999999993
9.407900000000032
9.432600000000031
9.452099999999989
9.473000000000015
9.492300000000013
9.51089999999997
9.532300000000019
9.558700000000005
9.580299999999982
9.5994
9.618300000000009
9.639000000000022
9.657100000000028
9.678799999999992
9.69950000000005
9.717799999999967
9.7399
9.758899999999993
9.781300000000003
9.804500000000017
9.826100000000018
9.846399999999992
9.870399999999966
9.890700000000049
9.913400000000014
9.932800000000018
9.953200000000033
9.975599999999975
9.99219999999997
10.01440000000002
10.0373
10.057200000000021
10.074199999999962
10.096099999999964
10.11490000000001
10.135099999999984
10.155400000000022
10.17819999999996
