4.0
4.0
3.8863000000000016
3.763699999999997
3.6507999999999985
3.5248000000000044
3.411900000000005
3.291099999999995
3.173100000000002
3.052100000000002
2.936500000000004
2.8232000000000004
2.708000000000002
2.6022000000000007
2.491600000000001
2.3964000000000056
2.292899999999999
2.1902999999999992
2.0913999999999957
1.9980999999999915
1.9010000000000007
1.8148999999999986
1.7277999999999993
1.6447999999999994
1.5748999999999986
1.5013999999999996
1.4276000000000006
1.3557999999999975
1.2873000000000019
1.226699999999999
1.1697000000000026
1.108599999999996
1.0527000000000037
1.0011000000000023
0.9479999999999996
0.8977999999999989
0.8520999999999985
0.8082000000000011
0.7659999999999992
0.7299999999999989
0.694900000000001
0.6612999999999993
0.6257999999999994
0.5938000000000028
0.5642000000000005
0.5343999999999983
0.5112000000000015
0.4893999999999996
0.4679
0.4436999999999998
0.4259000000000007
0.4017000000000004
0.3836999999999999
0.3714999999999997
0.37329999999999963
0.37750000000000006
0.3812000000000001
0.38869999999999993
0.3950000000000009
0.40249999999999975
0.40840000000000043
0.41639999999999955
0.4240999999999999
0.42859999999999965
0.43599999999999883
0.4433
0.4485
0.45260000000000017
0.4568999999999999
0.4655000000000002
0.4729000000000001
0.479
0.4851000000000001
0.4936
0.5005000000000005
0.5066999999999995
0.5131000000000003
0.5156999999999993
0.5228000000000043
0.5300999999999979
0.5361999999999992
0.5474999999999984
0.5538000000000014
0.560500000000001
0.5664000000000012
0.5754000000000005
0.584300000000002
0.5899
0.5948999999999983
0.600400000000002
0.6043000000000026
0.6103999999999952
0.6166000000000015
0.6215999999999996
0.6324999999999995
0.6357999999999974
0.6422999999999992
0.6471999999999998
0.6544000000000013
0.6620999999999997
0.670900000000001
0.6758000000000004
0.6835999999999998
0.689899999999999
0.6979000000000011
0.7030000000000016
0.7072000000000015
0.716299999999998
0.721199999999997
0.725300000000001
0.7331999999999967
0.74
0.7448999999999992
0.7517999999999995
0.7598000000000001
0.7637999999999997
0.7706000000000006
0.7777999999999989
0.7837999999999986
0.7894999999999999
0.7979000000000015
0.807700000000001
0.8155999999999983
0.819100000000001
0.8247000000000008
0.8337999999999985
0.8424000000000001
0.8416000000000022
0.8306999999999989
0.8198999999999994
0.8094999999999979
0.8020000000000006
0.7920999999999996
0.7803999999999998
0.7723999999999984
0.7629000000000007
0.7524000000000012
0.7472000000000016
0.7466999999999984
0.7424999999999995
0.7370999999999983
0.7272999999999994
0.7249000000000004
0.7147999999999998
0.7079999999999984
0.7058999999999989
0.7023000000000001
0.6944000000000009
0.6923000000000001
0.6879999999999986
0.6845999999999974
0.6781000000000013
0.6763000000000006
0.6741000000000016
0.6750000000000012
0.6694000000000014
0.6682
0.6660999999999986
0.6654000000000004
0.6616000000000014
0.6604999999999971
0.6553999999999989
0.6572999999999992
0.6531
0.6529000000000004
0.6513000000000025
0.6506999999999977
0.6509000000000026
0.6493999999999959
0.6536000000000026
0.6513000000000033
0.6532999999999991
0.6549000000000011
0.6546000000000034
0.6560999999999987
0.6531999999999998
0.6554999999999991
0.6558000000000022
0.6563000000000008
0.6551000000000001
0.6529000000000015
0.6524999999999987
0.6509000000000007
0.6496000000000025
0.6439000000000008
0.6430999999999997
0.6428
0.6395
0.6384999999999991
0.6387999999999995
0.6392000000000021
0.6378999999999995
0.638100000000002
0.6368000000000009
0.6346999999999994
0.6296999999999995
0.6299999999999981
0.6250999999999988
0.6249000000000032
0.6264999999999986
