4.0
4.0
3.8961
3.807
3.7183
3.6453
3.5869
3.5412
3.496
3.4404
3.3981
3.3835
3.3522
3.3107
3.2816
3.2626
3.2543
3.2358
3.2177
3.2112
3.2161
3.2139
3.221
3.2307
3.234
3.2462
3.2565
3.2587
3.2823
3.3023
3.3273
3.343
3.3808
3.3983
3.4299
3.473
3.5173
3.546
3.5486
3.5762
3.6039
3.6137
3.6523
3.7025
3.7549
3.791
3.8296
3.8944
3.939
3.9874
4.0275
4.0794
4.1427
4.1903
4.295
4.4031
4.4979
4.5799
4.6858
4.7978
4.8943
4.9899
5.092
5.1763
5.2538
5.3289
5.4126
5.5146
5.6123
5.7039
5.7709
5.8532
5.9528
6.041
6.1288
6.2144
6.2797
6.3593
6.4446
6.5262
6.5722
6.663
6.7501
6.8316
6.9011
6.9818
7.0731
7.1375
7.2374
7.3218
7.401
7.4664
7.5431
7.6498
7.7282
7.7868
7.8572
7.9305
8.0108
8.0689
8.1341
8.2025
8.2631
8.3267
8.4104
8.4738
8.5507
8.6187
8.6819
8.7543
8.8192
8.8813
8.9181
8.9651
9.0083
9.0855
9.1532
9.1967
9.2678
9.3382
9.4066
9.4844
9.5392
9.596
9.6517
9.7015
9.7669
9.8475
9.8724
9.8961
9.9327
9.9632
9.9928
10.0244
10.0642
10.1133
10.1427
10.1773
10.1952
10.2394
10.2627
10.3048
10.3034
10.3559
10.3594
10.4056
10.4062
10.4165
10.4476
10.4562
10.4611
10.469
10.4772
10.4635
10.4825
10.5064
10.5345
10.5516
10.5605
10.5746
10.5478
10.5918
10.6183
10.6485
10.6483
10.6594
10.6933
10.7254
10.7467
10.7735
10.7842
10.8043
10.8418
10.8633
10.8819
10.9076
10.9357
10.9445
10.9826
10.9954
11.0075
11.0081
11.0273
10.9975
11.0104
11.0086
11.0234
11.0834
11.0906
11.1004
11.0964
11.0922
11.1237
11.1437
11.1404
11.169
11.2002
11.2381
11.2375
11.2649
