14.0
14.0
13.986299999999996
13.978599999999979
13.975600000000014
13.969600000000005
13.952599999999988
13.933199999999994
13.920299999999992
13.900399999999994
13.877500000000017
13.850099999999983
13.825600000000035
13.792000000000005
13.770299999999983
13.740799999999965
13.711700000000002
13.673399999999994
13.643499999999982
13.608299999999996
13.572300000000018
13.533400000000029
13.490599999999946
13.455200000000026
13.41680000000001
13.380999999999988
13.3404
13.308800000000026
13.272400000000003
13.236099999999986
13.193200000000026
13.1528
13.108300000000005
13.0671
13.024099999999978
12.979900000000006
12.932799999999984
12.891899999999998
12.848500000000008
12.801600000000045
12.755900000000013
12.714100000000027
12.672500000000012
12.618299999999964
12.578699999999994
12.52559999999999
12.477799999999982
12.430600000000013
12.375000000000028
12.331500000000046
12.283599999999993
12.241900000000008
12.19250000000004
12.151599999999986
12.112799999999947
12.065599999999987
12.023399999999972
11.986099999999992
11.940200000000017
11.8991
11.851199999999997
11.804599999999978
11.761099999999995
11.718800000000034
11.676400000000006
11.632599999999995
11.593000000000014
11.546600000000057
11.495100000000013
11.445599999999994
11.393
11.348999999999998
11.299500000000016
11.253399999999985
11.202600000000011
11.148999999999976
11.098099999999976
11.051200000000007
11.002599999999974
10.949399999999981
10.900600000000027
10.851799999999985
10.80129999999999
10.752399999999975
10.70069999999999
10.652600000000014
10.604299999999991
10.55630000000001
10.506300000000016
10.455699999999977
10.400599999999978
10.358999999999996
10.311599999999986
10.252899999999991
10.19920000000002
10.14379999999996
10.092799999999993
10.043600000000003
9.993699999999938
9.938599999999957
9.885600000000014
9.839900000000016
9.788799999999988
9.735699999999992
9.685899999999963
9.632399999999977
9.579600000000005
9.5246
9.47149999999996
9.4181
9.367200000000006
9.3156999999999
9.260700000000016
9.204900000000016
9.155400000000036
9.097399999999999
9.046200000000011
8.99170000000001
8.941000000000003
8.889600000000014
8.831999999999988
8.7762
8.720499999999998
8.667100000000039
8.606299999999976
8.557400000000005
8.506500000000022
8.445300000000033
8.384200000000037
8.324300000000008
8.263899999999985
8.202799999999971
8.144600000000004
8.084400000000025
8.027500000000037
7.969699999999997
7.904
7.8383
7.7737
7.713599999999997
7.655300000000003
7.595
7.534699999999998
7.473600000000003
7.4119
7.350600000000002
7.295799999999999
7.236999999999997
7.178799999999997
7.1154000000000055
7.055999999999994
6.999800000000003
6.946899999999994
6.884699999999994
6.820999999999983
6.757499999999992
6.69810000000001
6.6378999999999975
6.579299999999982
6.5141999999999936
6.451799999999988
6.39239999999997
6.334900000000007
6.271999999999997
6.215300000000014
6.157499999999995
6.097100000000012
6.034499999999996
5.977400000000003
5.917900000000017
5.862699999999994
5.803100000000002
5.7439
5.687900000000007
5.627499999999993
5.570700000000004
5.515999999999997
5.462800000000005
5.406099999999992
5.3433
5.286299999999999
5.235399999999985
5.184000000000005
5.130300000000005
5.082200000000012
5.030699999999996
4.980299999999979
4.925099999999997
4.870599999999995
4.817499999999976
4.765199999999973
4.7124000000000095
4.659999999999999
4.610800000000002
4.5634000000000015
4.505600000000015
4.4530999999999885
4.4011
4.352499999999997
4.306100000000031
