32768.0
32768.0
32675.54658385093
32659.44099378882
32623.652173913044
32605.16149068323
32569.372670807454
32532.391304347828
32513.900621118013
32495.4099378882
32424.91304347826
32428.45341614907
32450.521739130436
32432.03105590062
32415.962732919255
32362.763975155278
32383.639751552793
32386.024844720498
32368.726708074533
32408.093167701863
32427.813664596273
32468.4099378882
32495.285714285714
32496.478260869564
32561.52795031056
32640.260869565216
32642.683229813665
32609.27950310559
32597.832298136647
32601.372670807454
32617.5900621118
32623.51552795031
32588.844720496894
32592.31055900621
32592.273291925467
32592.273291925467
32570.093167701863
32622.024844720498
32661.391304347828
32646.403726708075
32652.44099378882
32639.987577639753
32678.16149068323
32620.267080745343
32572.993788819876
32575.416149068322
32558.11801242236
32523.48447204969
32540.782608695652
32565.16149068323
32584.844720496894
32603.33540372671
32584.844720496894
32551.44099378882
32494.739130434784
32443.962732919255
32423.08695652174
32448.919254658384
32447.726708074533
32431.732919254657
32352.888198757762
32372.571428571428
32297.416149068322
32260.434782608696
32301.03105590062
32270.012422360247
32250.329192546586
32215.732919254657
32199.51552795031
32201.937888198758
32090.621118012423
32094.198757763974
32118.57763975155
32062.770186335405
32089.608695652172
32091.88198757764
32057.211180124224
32079.391304347828
32063.32298136646
31993.94409937888
31913.906832298137
31876.92546583851
31805.049689440995
31766.875776397515
31747.19254658385
31693.993788819876
31675.50310559006
31599.080745341616
31475.236024844722
31556.428571428572
31616.85714285714
31561.273291925467
31561.273291925467
31562.465838509317
31543.975155279502
31493.124223602485
31404.062111801242
31363.465838509317
31348.329192546586
31258.07453416149
31208.11801242236
31226.608695652172
31246.291925465837
31196.521739130436
31146.937888198758
31118.975155279502
31041.360248447207
31006.652173913044
31006.652173913044
31006.652173913044
31019.068322981366
30986.596273291925
30984.24844720497
31021.267080745343
31009.63354037267
30942.45341614907
30862.267080745343
30852.72049689441
30856.298136645964
30804.403726708075
30785.91304347826
30751.2049689441
30666.68944099379
30573.86335403727
30594.552795031057
30580.459627329194
30534.11801242236
30535.236024844722
30516.85714285714
30519.35403726708
30500.86335403727
30523.043478260868
30539.372670807454
30594.956521739132
30655.273291925467
30655.273291925467
30634.360248447207
30687.55900621118
30723.459627329194
30712.869565217392
30745.304347826088
30725.621118012423
30707.130434782608
30674.695652173912
30740.981366459626
30740.981366459626
30722.490683229815
30740.981366459626
30779.229813664595
30760.739130434784
30779.229813664595
30802.490683229815
30802.490683229815
30841.819875776397
30866.08695652174
30887.0
30883.31055900621
30920.51552795031
30923.012422360247
30942.770186335405
30983.44099378882
31045.099378881987
31079.80745341615
31060.08695652174
31045.099378881987
31021.91304347826
31083.3850931677
31089.534161490683
31108.024844720498
31125.360248447207
31142.695652173912
31199.360248447207
31202.82608695652
31188.732919254657
31165.47204968944
31206.14285714286
31239.695652173912
31295.316770186335
31298.782608695652
31298.782608695652
31288.378881987577
31275.403726708075
31316.0
31374.19254658385
31398.571428571428
31380.080745341616
31417.285714285714
31424.329192546586
31446.621118012423
31483.60248447205
31515.03105590062
31552.534161490683
31552.534161490683
31590.708074534163
31626.608695652172
31633.540372670806
31658.44099378882
31596.63354037267
31636.0
31678.64596273292
