1728.0
1728.0
1711.795
1697.502
1688.188
1674.28
1659.084
1645.668
1630.328
1617.345
1604.397
1587.156
1571.176
1558.674
1541.112
1522.544
1506.232
1492.285
1479.112
1468.683
1459.019
1447.309
1435.683
1427.877
1418.055
1410.452
1397.614
1387.21
1370.582
1357.624
1349.151
1338.051
1330.357
1316.117
1306.99
1295.245
1287.125
1279.191
1270.368
1256.294
1240.222
1228.434
1218.829
1211.181
1201.197
1193.854
1184.766
1171.712
1165.52
1158.346
1149.436
1135.501
1124.445
1119.363
1118.023
1113.99
1109.065
1106.633
1105.044
1102.362
1097.645
1090.847
1084.896
1078.318
1075.061
1072.915
1071.87
1066.262
1063.536
1058.954
1056.639
1052.934
1052.229
1046.655
1042.199
1039.684
1036.922
1036.822
1032.667
1031.397
1031.148
1028.574
1026.044
1019.577
1017.797
1017.721
1014.048
1010.977
1009.907
1007.762
1006.194
1005.003
1002.529
1003.377
1002.107
999.78
996.961
996.907
992.555
990.14
987.858
980.259
977.724
973.109
973.636
974.244
972.573
969.18
968.677
966.389
962.319
960.895
959.797
957.216
958.103
957.43
958.023
956.636
953.891
949.189
946.747
943.683
941.602
937.654
936.164
936.616
933.39
930.218
929.706
928.626
929.739
931.91
930.146
928.321
923.862
925.303
927.429
924.917
925.78
922.723
920.012
920.66
919.845
918.364
917.49
915.689
915.097
916.692
913.425
915.311
913.202
907.864
905.926
909.488
908.074
909.124
907.727
908.768
908.173
909.071
905.258
907.055
906.571
904.396
901.882
898.224
897.553
896.326
897.132
893.682
891.84
891.108
889.327
885.688
884.465
883.532
881.385
881.323
879.797
878.935
875.265
875.621
877.573
872.716
871.96
871.431
866.993
865.615
864.153
869.258
865.372
866.525
868.234
866.4
864.761
865.989
866.107
864.118
861.717
860.099
