4913.0
4913.0
4862.408
4808.318
4770.158
4709.592
4664.488
4618.256
4585.269
4524.882
4444.939
4389.661
4315.125
4262.141
4210.975
4157.109
4104.731
4047.746
3987.793
3923.694
3858.015
3799.425
3737.141
3688.516
3607.592
3558.215
3503.848
3467.763
3417.755
3374.488
3310.936
3284.077
3233.717
3177.123
3134.756
3082.628
3034.595
2978.014
2927.973
2876.746
2817.636
2783.2
2743.434
2703.359
2649.006
2609.317
2562.795
2521.158
2482.116
2432.289
2384.654
2355.78
2315.399
2277.244
2249.906
2233.14
2208.542
2188.211
2167.259
2147.9
2129.201
2102.432
2075.203
2061.977
2042.9
2018.948
2000.754
1984.739
1960.78
1939.458
1927.093
1905.747
1880.085
1854.945
1822.28
1799.993
1770.642
1749.201
1728.706
1713.559
1692.054
1668.719
1643.172
1625.848
1603.359
1587.532
1565.833
1551.62
1528.135
1500.715
1479.481
1461.478
1443.264
1426.151
1405.711
1380.851
1365.591
1348.144
1325.429
1309.098
1296.075
1284.96
1270.01
1252.783
1236.131
1222.049
1206.647
1183.805
1163.802
1148.15
1132.02
1113.483
1094.675
1078.175
1074.585
1061.44
1053.811
1035.422
1018.913
1005.824
992.388
975.35
964.041
952.785
939.67
926.574
914.172
898.321
885.277
877.454
868.574
857.037
850.64
838.652
831.428
819.642
809.535
800.36
788.876
779.451
770.243
761.439
752.484
742.926
732.958
721.643
712.457
702.451
691.693
687.882
677.145
672.019
669.208
657.965
649.291
644.968
641.298
634.429
628.85
622.467
616.711
610.598
605.286
594.728
588.887
581.514
574.409
566.509
560.538
556.322
549.477
545.933
537.69
532.323
523.704
516.233
509.035
502.948
499.041
493.62
489.208
480.02
474.024
471.221
466.177
460.07
453.207
449.737
444.954
440.915
434.446
429.771
423.795
419.886
413.417
408.219
400.74
393.591
390.374
385.925
