13.0
13.0
12.993999999999998
12.988999999999999
12.977999999999994
12.973
12.959
12.971000000000004
12.978999999999997
13.000999999999998
13.003000000000004
13.005999999999995
13.009
13.010000000000003
13.025999999999996
13.039
13.05
13.077000000000004
13.109
13.123000000000003
13.131999999999996
13.147999999999996
13.159999999999997
13.183999999999997
13.197
13.229999999999997
13.249
13.265000000000006
13.283999999999997
13.319999999999997
13.342999999999996
13.365000000000004
13.388999999999998
13.414000000000007
13.453999999999999
13.475
13.503000000000002
13.524
13.552000000000003
13.579999999999997
13.614000000000004
13.682
13.721000000000007
13.746
13.774999999999997
13.801999999999994
13.835
13.855
13.897000000000002
13.921999999999997
13.948
13.980000000000002
14.037
14.057
14.092
14.114000000000003
14.145
14.177000000000003
14.212000000000003
14.252000000000002
14.29
14.326999999999998
14.366999999999997
14.416
14.447
14.477999999999998
14.511000000000003
14.547
14.591000000000003
14.626
14.657999999999998
14.687
14.744
14.784
14.833
14.879
14.927
14.955999999999998
15.001000000000001
15.036
15.061
15.089000000000002
15.128
15.154
15.186
15.226
15.264
15.303
15.32
15.383
15.419
15.462
15.503
15.53
15.561
15.612
15.625
15.649
15.695
15.718
15.761
15.802
15.848
15.900999999999998
15.947999999999993
16.015
16.061999999999983
16.087000000000003
16.12999999999997
16.169999999999987
16.220999999999925
16.263000000000016
16.301000000000002
16.333000000000016
16.375000000000007
16.401999999999987
16.427999999999994
16.46600000000002
16.499999999999993
16.543999999999976
16.581000000000014
16.633000000000017
16.665000000000006
16.71199999999997
16.746999999999996
16.784000000000006
16.834999999999994
16.890000000000015
16.940000000000023
16.978
17.01000000000004
17.058000000000042
17.088000000000005
17.125999999999955
17.185999999999993
17.228000000000012
17.269999999999996
17.33100000000002
17.37599999999999
17.419000000000022
17.450000000000003
17.495
17.546
17.601
17.668999999999983
17.716000000000015
17.781999999999986
17.82700000000004
17.860999999999986
17.913
17.975999999999996
18.029
18.075000000000006
18.110000000000014
18.150999999999982
18.21400000000002
18.255000000000006
18.309
18.369
18.41299999999995
18.483000000000008
18.516999999999992
18.566
18.619999999999994
18.674000000000017
18.707
18.75599999999998
18.801999999999992
18.848999999999997
18.878999999999994
18.916999999999994
18.962000000000007
19.028000000000027
19.057000000000045
19.097999999999985
19.164
19.198999999999984
19.241000000000025
19.307000000000006
19.343999999999987
19.399
19.445999999999962
19.477
19.528000000000006
19.563000000000006
19.598999999999993
19.638000000000016
19.67300000000001
19.73599999999998
19.767999999999994
19.838
19.88
19.929999999999996
19.980000000000015
20.031999999999993
20.09100000000001
20.147999999999975
20.196999999999996
20.252
20.294999999999977
