1.0
1.0
0.981
0.972
0.948
0.917
0.903
0.888
0.87
0.864
0.863
0.84
0.836
0.816
0.802
0.793
0.766
0.759
0.748
0.738
0.731
0.718
0.701
0.69
0.694
0.693
0.685
0.667
0.65
0.639
0.629
0.624
0.622
0.614
0.603
0.601
0.598
0.581
0.569
0.562
0.555
0.539
0.54
0.546
0.533
0.532
0.518
0.505
0.508
0.501
0.482
0.48
0.486
0.479
0.472
0.447
0.444
0.438
0.439
0.438
0.444
0.442
0.453
0.452
0.457
0.445
0.427
0.447
0.445
0.45
0.45
0.444
0.441
0.441
0.438
0.451
0.467
0.467
0.477
0.478
0.484
0.481
0.504
0.501
0.506
0.498
0.519
0.515
0.514
0.513
0.513
0.503
0.495
0.493
0.485
0.481
0.507
0.499
0.497
0.501
0.519
0.518
0.51
0.5
0.501
0.501
0.495
0.484
0.475
0.474
0.472
0.479
0.48
0.48
0.473
0.474
0.471
0.469
0.453
0.452
0.451
0.446
0.445
0.444
0.442
0.443
0.434
0.431
0.435
0.44
0.441
0.448
0.45
0.457
0.459
0.464
0.468
0.47
0.472
0.478
0.478
0.497
0.516
0.508
0.488
0.489
0.472
0.472
0.471
0.464
0.465
0.473
0.472
0.48
0.48
0.481
0.443
0.442
0.443
0.443
0.444
0.445
0.444
0.445
0.445
0.449
0.447
0.446
0.444
0.435
0.436
0.437
0.437
0.437
0.438
0.418
0.409
0.417
0.414
0.415
0.424
0.426
0.433
0.451
0.441
0.433
0.433
0.433
0.446
0.471
0.473
0.468
0.47
0.469
0.477
0.481
0.482
0.488
0.49
0.495
