36.0
36.0
35.3
34.986
34.606
34.223
33.884
33.344
32.888
32.683
32.453
31.975
31.664
31.415
31.237
31.047
30.89
30.602
30.436
29.989
29.699
29.478
29.211
29.095
28.873
28.643
28.515
28.363
28.027
27.807
27.821
27.57
27.372
27.106
26.926
26.789
26.502
26.348
26.197
25.982
25.768
25.551
25.326
25.289
25.132
25.102
24.875
24.782
24.702
24.521
24.328
24.216
24.234
24.148
23.991
23.836
23.77
23.482
23.459
23.374
23.155
22.987
22.759
22.628
22.453
22.459
22.364
22.231
22.069
21.966
21.789
21.599
21.436
21.333
21.18
21.018
20.859
20.759
20.637
20.467
20.258
20.111
19.964
19.79
19.678
19.436
19.253
19.042
18.832
18.697
18.379
18.253
18.224
17.968
17.802
17.606
17.601
17.376
17.108
17.067
16.908
16.784
16.76
16.625
16.554
16.369
16.315
16.244
16.06
15.882
15.812
15.53
15.391
15.296
15.198
15.125
14.896
14.716
14.591
14.434
14.237
14.139
14.048
14.012
13.865
13.87
13.752
13.614
13.58
13.427
13.306
13.243
13.135
12.967
12.915
12.866
12.762
12.639
12.58
12.415
12.352
12.399
12.359
12.339
12.308
12.21
12.101
12.102
12.01
11.987
11.87
11.826
11.723
11.711
11.701
11.641
11.476
11.474
11.448
11.354
11.223
11.215
11.085
11.021
10.798
10.76
10.682
10.561
10.506
10.449
10.319
10.366
10.386
10.363
10.299
10.218
10.129
10.115
10.199
10.17
10.17
10.116
10.15
10.03
10.004
9.927
9.881
9.838
9.693
9.633
9.64
9.546
9.552
9.385
9.314
9.274
9.204
9.23
9.22
9.277
