169.0
169.0
168.9067
168.8783
168.9382
168.9433
168.9425
169.0831
169.2011
169.5121
169.8408
170.1005
170.4041
170.6951
170.856
171.3124
171.6324
172.0732
172.5226
173.101
173.7069
174.3533
174.9548
175.516
176.0147
176.7245
177.338
177.9414
178.5832
179.1715
180.0097
180.7026
181.4374
182.3459
183.1241
183.9721
184.8314
185.5985
186.3369
187.2803
188.1999
189.0936
189.9887
190.9701
191.8837
192.9465
193.9687
195.0969
196.0115
197.0015
197.9881
199.0816
200.1005
201.1083
202.2263
203.3841
204.5755
205.5215
206.7657
208.03
209.0674
210.3054
211.5274
212.7578
213.6906
214.863
215.9643
216.9507
218.184
219.3299
220.8039
222.0469
223.1748
224.2765
225.3043
226.5888
227.6234
228.8944
229.928
231.2237
232.4576
233.441
234.7086
235.8786
237.0549
238.2166
239.455
240.6104
241.7647
242.9467
244.222
245.5805
246.8152
248.1613
249.4691
250.8409
252.0306
253.2885
254.7106
256.0767
257.3946
258.5984
259.9818
261.3204
262.8956
264.4601
265.8802
267.1578
268.4113
269.9327
271.4166
272.7498
274.0974
275.5983
277.0566
278.4595
279.7552
281.259
282.6984
284.2554
285.7153
287.0039
288.6212
290.1493
291.708
293.1558
294.7855
296.318
297.7361
299.3209
300.9027
302.2448
303.8736
305.7098
307.3378
308.8906
310.4459
312.0533
313.8189
315.4512
317.0875
319.0936
320.6582
322.2237
323.9414
325.6523
327.4825
329.0843
330.7675
332.6444
334.4491
336.229
338.1758
340.1053
341.9465
343.7504
345.6102
347.6054
349.6701
351.3983
353.1486
355.0885
357.0997
359.0231
360.9458
362.7519
364.6546
366.4378
368.2975
370.183
372.1063
374.2225
376.0823
377.8893
379.821
381.9965
384.0564
386.1599
388.3979
390.6542
392.6956
394.7522
396.69
398.5966
400.5277
402.7198
404.9063
406.6359
408.4851
410.5832
412.8474
415.0799
417.0874
419.3646
421.5174
423.8433
426.0827
428.2618
430.1876
432.3787
