144.0
144.0
143.178
142.389
141.343
140.648
139.968
139.386
138.67
138.018
137.35
136.412
135.549
134.751
134.289
133.496
133.052
132.367
131.671
130.949
130.161
129.71
129.104
128.595
127.87
127.259
126.458
125.784
125.508
124.836
124.195
123.745
123.057
122.38
121.655
121.137
120.574
120.07
119.439
118.966
118.352
117.633
116.903
116.357
115.785
115.321
114.858
114.262
113.652
112.985
112.572
112.112
111.429
110.853
110.314
109.95
109.666
109.333
108.861
108.539
108.362
108.059
107.684
107.431
107.154
106.644
106.42
106.073
105.677
105.459
105.044
104.621
104.433
104.136
103.902
103.381
103.076
102.818
102.517
102.178
101.884
101.544
101.377
100.84
100.803
100.411
100.171
99.986
99.683
99.455
99.168
98.887
98.376
98.019
97.604
97.352
96.979
96.622
96.47
96.188
95.65
95.386
95.098
94.717
94.429
94.025
93.694
93.308
93.133
92.709
92.397
92.066
91.807
91.407
91.097
90.779
90.383
90.106
89.778
89.586
89.192
88.931
88.69
88.437
88.162
87.83
87.665
87.316
86.884
86.341
85.969
85.32
84.857
84.374
83.979
83.594
83.191
82.801
82.365
81.883
81.465
80.851
80.352
79.83
79.419
78.86
78.478
77.992
77.609
77.107
76.638
76.239
75.818
75.323
74.933
74.477
74.115
73.664
73.35
72.887
72.607
72.18
71.671
71.405
71.002
70.662
70.234
69.772
69.498
69.278
68.772
68.487
68.172
67.794
67.344
66.819
66.432
66.082
65.806
65.36
64.971
64.725
64.306
63.887
63.528
63.113
62.778
62.37
61.918
61.492
61.076
60.651
60.33
59.96
59.596
59.157
58.733
58.199
57.908
57.488
