3.0
3.0
2.934699999999996
2.8747000000000087
2.8137000000000074
2.758900000000006
2.702000000000003
2.647300000000002
2.589600000000003
2.5266000000000153
2.472900000000006
2.4148000000000027
2.3564000000000074
2.301999999999993
2.2471000000000063
2.1897000000000086
2.1318999999999972
2.0802000000000023
2.0250999999999935
1.9734999999999994
1.9213000000000005
1.8626000000000003
1.8098
1.7585000000000015
1.7115999999999971
1.6633999999999967
1.617800000000004
1.5678000000000034
1.5218000000000018
1.4787999999999994
1.4356999999999989
1.3945999999999983
1.3485000000000034
1.3137999999999983
1.2710999999999995
1.2373999999999985
1.2000999999999953
1.1618000000000004
1.127999999999999
1.099799999999999
1.0647999999999922
1.0332000000000037
1.0008000000000012
0.9696999999999997
0.9394999999999998
0.9130999999999997
0.8833
0.8545999999999998
0.8290999999999996
0.8040000000000005
0.7806000000000002
0.7551000000000009
0.7314999999999976
0.7149000000000009
0.7107999999999985
0.7050000000000024
0.7017000000000005
0.6973000000000004
0.6927000000000013
0.6877999999999997
0.6828000000000024
0.6788000000000024
0.675400000000002
0.6688000000000015
0.6635999999999986
0.6590000000000008
0.6533999999999988
0.6472000000000011
0.6419000000000022
0.6379000000000001
0.6339999999999987
0.6299999999999989
0.6250999999999989
0.6217000000000017
0.6168999999999976
0.6141000000000003
0.6097999999999986
0.6080000000000015
0.6036000000000007
0.6010999999999979
0.5966999999999981
0.5912999999999972
0.5869000000000023
0.5838999999999993
0.5816999999999986
0.578799999999999
0.5757999999999971
0.5724999999999992
0.5682000000000024
0.565900000000001
0.5636999999999953
0.5606999999999994
0.5577999999999993
0.5554999999999998
0.5536999999999963
0.5507000000000015
0.5479000000000015
0.5438000000000004
0.5398999999999998
0.5366999999999995
0.5323000000000004
0.5287000000000004
0.5223999999999973
0.5200000000000026
0.517999999999999
0.5133999999999993
0.5106000000000003
0.5097000000000027
0.5086000000000005
0.5061999999999979
0.5041000000000022
0.5014000000000008
0.49990000000000157
0.49639999999999945
0.4938
0.4912000000000001
0.4885
0.4885999999999999
0.4859
0.4815999999999999
0.4803999999999999
0.4789999999999999
0.47629999999999983
0.4755999999999998
0.47520000000000007
0.4715000000000002
0.4682
0.4656000000000002
0.4653000000000004
0.46159999999999984
0.4613999999999998
0.4606999999999997
0.45899999999999974
0.4581000000000002
0.4573000000000004
0.45649999999999963
0.4567999999999997
0.45599999999999963
0.4545000000000003
0.45459999999999984
0.4539
0.4542999999999999
0.4553000000000002
0.45639999999999953
0.4563999999999998
0.4579999999999998
0.4602999999999998
0.4600000000000001
0.46209999999999984
0.4639
0.4663000000000004
0.4662999999999998
0.4662
0.46729999999999966
0.4689999999999998
0.47120000000000034
0.47360000000000035
0.4781
0.47929999999999984
0.4820999999999998
0.4847000000000001
0.4842
0.4856
0.487
0.4886
0.4914
0.4949000000000001
0.49830000000000063
0.4991000000000012
0.5011000000000013
0.504099999999999
0.5053000000000031
0.5080000000000001
0.5083000000000001
0.5126999999999993
0.5149999999999997
0.5194000000000003
0.5218000000000003
0.5251000000000041
0.5275999999999988
0.5311000000000009
0.5337999999999995
0.5381000000000008
0.5433000000000016
0.5465999999999996
0.5488999999999995
0.5531000000000008
0.5552999999999997
0.5615000000000003
0.5643000000000016
0.568999999999998
0.5727999999999998
0.5760999999999997
0.5800000000000015
0.5850999999999988
0.586800000000001
0.5924000000000011
0.5932000000000017
0.5966000000000031
0.6014000000000014
