3375.0
3375.0
3435.298
3479.853
3519.572
3557.729
3595.556
3635.286
3675.322
3709.116
3742.771
3780.874
3812.416
3854.97
3880.916
3912.438
3941.769
3958.789
3968.453
3984.871
4012.327
4033.401
4050.066
4065.277
4078.294
4082.8
4097.14
4112.783
4121.258
4139.4
4138.263
4144.282
4152.05
4159.492
4175.316
4187.991
4197.458
4211.622
4221.221
4222.799
4232.439
4243.817
4254.676
4262.076
4285.438
4287.549
4290.588
4291.962
4309.381
4310.701
4312.429
4320.077
4323.644
4330.078
4333.953
4339.706
4347.323
4360.454
4366.184
4373.678
4378.543
4388.269
4397.381
4401.872
4421.333
4418.754
4419.024
4423.888
4430.28
4444.696
4452.49
4452.187
4466.784
4483.837
4488.384
4491.608
4487.407
4488.025
4496.424
4499.378
4505.763
4514.562
4524.055
4526.687
4529.436
4534.506
4544.33
4549.31
4550.851
4558.221
4565.242
4575.44
4580.497
4584.988
4588.59
4589.107
4599.347
4596.559
4602.923
4609.128
4618.572
4624.066
4634.463
4639.999
4644.497
4643.589
4650.371
4654.815
4654.377
4655.691
4655.594
4651.304
4657.212
4662.078
4666.329
4666.231
4674.593
4677.486
4677.544
4685.724
4691.362
4690.158
4699.353
4707.426
4718.117
4713.141
4719.404
4718.933
4709.391
4719.846
4709.476
4708.075
4708.361
4699.492
4692.159
4684.749
4682.739
4686.812
4670.301
4662.833
4657.153
4658.076
4647.092
4635.435
4632.882
4621.714
4610.378
4606.529
4597.512
4587.063
4579.336
4563.537
4557.763
4548.092
4536.992
4532.149
4518.897
4509.829
4488.134
4473.222
4467.5
4456.564
4452.96
4445.714
4439.227
4429.782
4433.946
4433.495
4428.289
4421.845
4404.2
4396.949
4404.255
4399.272
4399.905
4394.844
4393.737
4389.577
4374.802
4371.779
4369.565
4358.584
4348.543
4347.001
4356.799
4350.181
4336.179
4330.215
4325.144
4323.822
4301.232
4291.136
4278.51
4266.949
4263.79
4266.813
4251.375
4245.943
4239.287
4239.245
