225.0
225.0
227.1676
229.1212
230.9235
232.6102
234.4463
235.957
237.4827
238.9173
240.2655
241.7209
243.0634
244.2601
245.1347
246.1028
247.0935
247.9761
248.7325
249.5293
250.321
251.0301
251.6947
252.2183
252.759
253.3278
253.9756
254.4761
255.004
255.4699
255.8947
256.446
256.8834
257.174
257.5833
257.9529
258.3054
258.752
259.1776
259.4883
259.7047
260.0243
260.3747
260.6913
260.9632
261.1729
261.451
261.7102
262.071
262.2742
262.5306
262.7354
262.9454
263.138
263.2796
263.3142
263.3997
263.5254
263.4124
263.5378
263.5226
263.5924
263.5532
263.6156
263.6578
263.6436
263.5949
263.5615
263.4411
263.4429
263.3167
263.4048
263.4943
263.4082
263.4591
263.5366
263.5446
263.5647
263.5752
263.5981
263.6548
263.5949
263.5112
263.6568
263.6007
263.653
263.6126
263.577
263.5977
263.5284
263.5502
263.427
263.4404
263.4028
263.4176
263.4487
263.5071
263.577
263.5102
263.4281
263.4243
263.4328
263.4744
263.419
263.4461
263.4804
263.4078
263.3239
263.3741
263.3927
263.3005
263.2957
263.2294
263.169
263.1626
263.249
263.2836
263.2488
263.3155
263.2665
263.3394
263.3603
263.3089
263.2844
263.2993
263.1605
263.0313
262.667
261.981
261.4546
260.7324
260.093
259.3185
258.5485
257.6848
256.9
256.1897
255.5225
254.83
254.125
253.4296
252.6688
251.79
251.1337
250.4444
249.7186
248.8178
248.0969
247.4
246.5948
245.8027
245.0199
244.2564
243.5036
242.9282
242.2077
241.5005
240.7263
239.9204
239.1875
238.4855
237.8445
237.059
236.2492
235.5054
234.7429
233.9222
233.2259
232.6051
231.8149
231.0454
230.3161
229.4179
228.7943
228.0557
227.3219
226.5873
225.8281
225.1641
224.4149
223.7136
222.9481
222.1412
221.4499
220.7281
220.0211
219.3685
218.6924
217.972
217.2533
216.4353
215.7446
215.0897
214.2675
213.5265
212.7925
212.1725
211.4757
210.8757
210.0924
