216.0
216.0
213.138
210.7052
207.9506
205.7134
203.4995
201.0154
198.779
196.8152
194.5698
192.7535
190.8472
189.4309
187.5391
186.096
184.5253
182.7759
181.3486
180.1269
178.6124
177.2424
175.7198
174.0854
172.7344
171.4551
169.8749
168.8536
167.5562
166.1039
164.8811
163.5791
162.4793
161.4299
160.2926
159.0178
157.5611
156.478
155.4312
154.5424
153.9472
153.0743
152.2887
151.4216
150.8569
149.9015
149.2733
148.7374
147.9636
147.0969
146.2613
145.7911
144.8311
144.3626
144.8054
145.431
146.1263
146.8114
147.8746
148.5048
148.9731
150.1119
150.9628
151.9444
152.8411
153.8735
155.0296
156.1147
157.2004
158.1011
159.176
160.4044
161.8688
162.6868
163.9289
165.0317
166.2323
167.6582
168.9716
169.9901
171.3559
172.3265
173.2971
174.6073
175.8797
177.4356
178.9763
180.3829
181.9774
183.177
184.7833
186.892
188.2849
190.0073
191.5457
193.3566
194.7328
196.1845
197.5133
199.4919
201.2804
202.9097
204.8049
206.7118
208.7888
211.0456
212.9557
215.2669
217.4978
219.6529
221.7216
223.7521
225.6782
227.957
230.2517
232.294
234.2293
236.5218
238.1958
240.3438
242.3053
244.2252
246.8148
248.9461
251.3905
253.3377
255.1848
257.1668
259.1178
261.9433
264.5916
267.3542
270.2919
273.8984
277.5043
280.5767
283.7322
287.0647
290.4216
294.5772
297.9096
302.0233
305.7954
309.3691
313.7045
317.8164
321.4247
325.1765
329.1631
333.4009
337.5555
341.8947
347.0059
352.0708
357.4017
362.149
366.8988
371.5521
376.427
381.1982
385.7178
390.3833
395.3408
400.9468
406.8803
412.155
418.0631
424.113
429.7468
434.7962
441.1754
447.785
453.9888
460.5238
466.783
472.8192
479.5208
485.6997
492.353
499.361
506.9006
514.3264
521.2759
528.8412
534.7004
541.2486
548.6013
556.2288
562.8066
569.7793
576.5529
584.7974
592.1758
598.7763
605.1594
611.8513
619.951
627.7693
635.9416
644.4475
