2197.0
2197.0
2227.7834
2259.5535
2289.8229
2319.0828
2349.8137
2378.6865
2407.6629
2432.8669
2457.3673
2485.8053
2510.132
2536.9065
2561.5634
2583.2375
2604.9076
2627.3211
2651.2904
2672.1202
2695.9395
2717.7067
2742.4918
2764.3647
2780.9315
2798.6822
2821.0209
2841.4595
2865.9715
2883.5067
2903.6713
2919.8365
2938.004
2954.7097
2971.0967
2989.6453
3004.194
3017.4574
3032.58
3049.5555
3066.1422
3083.1537
3101.6634
3119.5244
3136.0267
3154.9673
3168.9554
3180.0774
3194.8705
3205.4662
3218.2783
3231.4135
3240.2928
3256.6774
3276.4648
3298.7553
3318.033
3337.3591
3353.3536
3371.5939
3386.3748
3402.3933
3420.5893
3438.4721
3455.2635
3472.8881
3485.8479
3500.6391
3515.9383
3535.2057
3556.6405
3575.0192
3591.8323
3608.4247
3627.0176
3640.557
3660.095
3672.778
3691.5213
3711.1323
3727.0651
3743.1625
3762.1066
3776.9095
3791.4505
3809.7307
3823.4822
3838.8157
3852.9755
3870.2192
3886.7909
3899.1548
3913.5726
3927.6529
3947.6813
3961.6504
3975.3535
3990.0821
4005.2605
4023.0542
4039.7659
4052.4041
4066.3816
4079.3395
4093.2913
4106.4634
4123.8618
4137.3991
4153.9551
4169.5729
4186.0269
4202.9704
4219.766
4235.9738
4249.9119
4263.4622
4277.0545
4286.6341
4301.8385
4311.7748
4326.0151
4342.7334
4362.3689
4377.468
4390.6378
4402.1116
4416.3494
4427.902
4438.7721
4443.0168
4445.0944
4451.646
4455.6907
4462.6357
4465.8025
4475.4033
4477.0098
4475.7416
4486.837
4486.5974
4497.324
4500.3062
4496.7945
4498.4246
4501.4139
4510.2394
4511.7027
4518.7107
4517.7776
4522.8462
4525.2765
4524.3486
4531.3452
4538.0441
4540.2624
4544.3165
4551.0822
4553.1821
4557.694
4563.0192
4562.5418
4564.9681
4565.2092
4564.7496
4563.0095
4563.7986
4570.097
4572.5406
4575.9283
4573.2773
4573.3333
4574.9186
4569.7046
4564.7253
4565.7895
4572.0667
4579.8933
4582.362
4580.7293
4579.3763
4576.3516
4578.8993
4581.459
4573.4041
4572.4453
4567.5643
4562.1587
4558.0705
4554.7827
4550.6374
4550.1955
4548.6648
4550.7559
4548.7588
4549.496
4549.689
4553.9328
4553.2565
4549.8793
4548.2794
