16.0
16.0
15.2518
14.4699
13.7858
13.069
12.3732
11.7191
11.0927
10.5176
9.9468
9.3867
8.8586
8.3644
7.8943
7.4548
7.0496
6.6456
6.2549
5.8859
5.5087
5.2006
4.91
4.6148
4.3387
4.0894
3.8432
3.6125
3.3838
3.1804
3.0024
2.8169
2.6503
2.4759
2.331
2.2003
2.0866
1.9486
1.8203
1.7105
1.609
1.5147
1.4212
1.3349
1.241
1.1683
1.1012
1.0398
0.9846
0.9306
0.8844
0.8436
0.797
0.7646
0.7645
0.7686
0.7814
0.7874
0.7928
0.794
0.8002
0.8052
0.8221
0.827
0.8391
0.8399
0.8495
0.8607
0.8733
0.8863
0.8961
0.9104
0.9214
0.9255
0.9484
0.9575
0.9697
0.9877
0.9967
1.0074
1.0244
1.0429
1.0587
1.0718
1.092
1.1035
1.1202
1.1442
1.1567
1.1731
1.1834
1.1949
1.2107
1.2324
1.2447
1.262
1.284
1.2931
1.3086
1.327
1.3425
1.3608
1.3809
1.3985
1.4277
1.448
1.4605
1.4764
1.4903
1.5048
1.5218
1.5395
1.5638
1.5812
1.6011
1.6145
1.6356
1.6509
1.6696
1.6872
1.7076
1.7403
1.76
1.7815
1.7956
1.8116
1.8462
1.8505
1.8461
1.826
1.794
1.7786
1.7661
1.7561
1.7288
1.708
1.6879
1.686
1.6668
1.6489
1.6408
1.6298
1.6206
1.6135
1.598
1.5818
1.5491
1.5412
1.5362
1.5409
1.5316
1.5022
1.4973
1.4944
1.4884
1.4919
1.489
1.48
1.4676
1.4749
1.4716
1.4572
1.4584
1.4607
1.4514
1.4483
1.4326
1.4243
1.4217
1.4233
1.412
1.3975
1.3896
1.3974
1.3841
1.401
1.395
1.3859
1.3803
1.3788
1.376
1.3744
1.3832
1.3733
1.3621
1.3583
1.356
1.3474
1.3465
1.3442
1.3391
1.3408
1.3357
1.3419
1.3322
1.3239
1.3237
1.3236
1.3305
1.3197
