9.0
9.0
9.04649999999998
9.098899999999977
9.151600000000018
9.198300000000073
9.253899999999948
9.303699999999996
9.357499999999982
9.4166
9.471499999999962
9.525300000000026
9.579799999999976
9.636000000000024
9.68970000000001
9.743999999999986
9.800400000000039
9.85730000000002
9.909300000000059
9.967500000000015
10.025900000000007
10.081499999999945
10.140599999999967
10.204299999999986
10.261500000000035
10.323999999999982
10.376799999999983
10.435499999999987
10.500999999999998
10.559700000000023
10.621800000000011
10.68010000000003
10.738700000000021
10.797100000000015
10.850900000000038
10.91359999999999
10.979099999999988
11.035899999999998
11.098200000000018
11.1566
11.220599999999955
11.28040000000002
11.3396
11.3986
11.456000000000008
11.51660000000001
11.576500000000005
11.638399999999987
11.693399999999999
11.750599999999972
11.807399999999992
11.869499999999999
11.921699999999987
11.985500000000009
12.04029999999999
12.098800000000017
12.154200000000017
12.210900000000017
12.271200000000018
12.322100000000024
12.373099999999948
12.423900000000005
12.471000000000046
12.522500000000012
12.573400000000015
12.62139999999998
12.673400000000022
12.721599999999997
12.766600000000013
12.815699999999973
12.862200000000012
12.9045
12.948099999999988
12.992400000000028
13.038800000000027
13.082200000000011
13.1284
13.17529999999996
13.217700000000024
13.257200000000012
13.296600000000012
13.338200000000018
13.379099999999989
13.417999999999983
13.459800000000012
13.499500000000006
13.540299999999988
13.577600000000011
13.616799999999971
13.654099999999985
13.688800000000029
13.721599999999993
13.759900000000005
13.793999999999997
13.830699999999995
13.865299999999994
13.896100000000006
13.932100000000018
13.964899999999991
13.997599999999983
14.031999999999996
14.066000000000011
14.0946
14.126199999999983
14.157099999999982
14.191699999999983
14.22339999999999
14.2512
14.282500000000011
14.310799999999988
14.339500000000006
14.369600000000018
14.405200000000024
14.438500000000012
14.465000000000003
14.493200000000009
14.519000000000004
14.545500000000011
14.571
14.599800000000005
14.625799999999987
14.654600000000006
14.682300000000005
14.712700000000009
14.737200000000005
14.766199999999989
14.791100000000004
14.821399999999988
14.842800000000011
14.869399999999992
14.893099999999997
14.914599999999997
14.93689999999999
14.958699999999995
14.9795
14.9988
15.017999999999997
15.035599999999988
15.052300000000006
15.073800000000006
15.092900000000006
15.116299999999997
15.132399999999988
15.150699999999993
15.1677
15.189499999999994
15.20739999999999
15.226799999999994
15.2455
15.263999999999994
15.2822
15.301300000000003
15.317700000000002
15.335799999999994
15.350400000000006
15.365800000000005
15.384100000000005
15.400900000000005
15.4169
15.431300000000004
15.443300000000002
15.458899999999995
15.4764
15.492
15.507399999999997
15.5214
15.5349
15.5504
15.563999999999997
15.5814
15.5934
15.6096
15.621600000000003
15.6338
15.6469
15.658
15.6697
15.6857
15.6965
15.707899999999993
15.7162
15.7293
15.7393
15.7531
15.7668
15.7815
15.7911
15.8027
15.8155
15.8276
15.8383
15.8497
15.8582
15.8665
15.8772
15.8907
15.8992
15.9107
15.921
15.9307
