3375.0
3375.0
3385.9097
3398.8254
3410.5616
3422.8712
3437.4298
3450.7858
3465.3993
3475.3215
3489.8686
3499.6819
3514.5446
3527.1381
3545.4224
3559.003
3573.587
3587.3578
3604.7177
3621.5085
3632.7756
3647.2062
3661.9239
3675.5107
3689.2862
3701.159
3717.484
3730.9079
3745.6656
3759.8046
3770.6797
3786.5024
3797.9119
3808.8288
3823.0384
3837.0002
3851.4179
3861.3734
3876.2278
3886.1269
3897.1937
3911.7401
3920.3534
3932.7492
3943.5396
3957.4624
3967.441
3978.3848
3991.1398
4006.1674
4020.0303
4028.7155
4040.5868
4051.2408
4063.7858
4074.6742
4086.8654
4098.3837
4110.6297
4119.9821
4130.4475
4141.9858
4151.8358
4162.6051
4170.3837
4181.1391
4188.7315
4196.2844
4202.1014
4209.8048
4217.3275
4225.7218
4230.9131
4239.1056
4246.0378
4252.3429
4258.7607
4262.5651
4269.6327
4276.6857
4286.2441
4292.3914
4298.5907
4304.2779
4311.533
4314.51
4322.4277
4326.387
4330.6618
4336.9239
4339.9073
4347.2477
4353.5242
4357.6911
4365.509
4368.2077
4376.7477
4382.5912
4387.3841
4389.607
4392.8297
4398.6151
4399.0021
4403.7958
4408.1482
4411.1321
4412.2764
4413.1011
4416.8023
4422.8425
4428.6074
4432.7246
4435.7194
4442.1121
4448.4513
4455.0864
4459.0727
4462.6652
4465.4619
4468.5122
4473.0264
4477.4437
4479.049
4481.808
4484.7403
4490.5187
4495.3025
4493.782
4482.1086
4473.0265
4462.381
4455.2458
4444.4751
4430.597
4418.6097
4405.2951
4397.1952
4388.6917
4378.6017
4371.3769
4363.6239
4353.3906
4343.8539
4333.3309
4322.5155
4312.2015
4304.3042
4294.2575
4286.2393
4280.2445
4269.8197
4259.7226
4250.898
4241.3385
4233.8235
4225.367
4215.2998
4210.3061
4201.5031
4198.3377
4186.9113
4177.6961
4169.1779
4161.1251
4150.7271
4143.7457
4136.5463
4126.2649
4117.8362
4108.0147
4099.7081
4092.1242
4083.5627
4073.1932
4068.6326
4062.0278
4048.5558
4042.1017
4032.1864
4025.8555
4020.2932
4010.6123
4000.3138
3992.2849
3984.8455
3978.3488
3969.3606
3960.5944
3951.3695
3943.9946
3935.6319
3928.0727
3923.3287
3917.5915
3911.0638
3906.0763
3901.5142
3891.3372
3881.5177
3874.4119
