27.0
27.0
26.7869
26.6559
26.5041
26.3425
26.3609
26.3692
26.4219
26.4396
26.3943
26.3585
26.4723
26.3883
26.5694
26.7112
26.7513
26.9345
27.064
27.4078
27.5666
27.6578
27.8031
28.0583
28.2567
28.495
28.7448
28.9884
29.1849
29.4914
29.722
29.9343
30.1633
30.3333
30.655
30.9238
31.1953
31.5514
31.7797
32.0026
32.3222
32.6205
32.9934
33.4112
33.675
34.0475
34.38
34.7787
35.0915
35.5576
35.8034
35.9197
36.3866
36.7248
37.3363
37.9149
38.5266
39.0583
39.811
40.5663
41.2624
41.9328
42.5845
43.316
44.1385
44.7535
45.5147
46.3278
47.0648
47.7579
48.3181
48.968
49.695
50.6519
51.4565
52.1164
53.094
53.9284
54.5837
55.5361
56.4491
57.4116
58.37
59.3634
60.3407
61.2217
62.1934
63.0735
64.2549
65.1895
66.2918
67.3135
68.2739
69.3443
70.4005
71.6686
72.816
73.8115
74.7928
76.0259
77.2753
78.2473
79.405
80.659
82.1232
83.5188
84.4745
85.9879
87.0631
88.3615
89.7238
91.0708
92.514
94.0238
95.4937
97.0336
98.4983
99.8598
101.4263
102.8908
104.4587
106.0003
107.5334
109.0385
110.731
112.0185
113.6814
115.8324
118.0144
120.3692
122.3646
124.7451
127.1347
129.4437
132.0712
134.7763
137.3899
139.7728
142.4969
144.9766
147.8888
151.0885
153.9177
156.758
159.558
162.4125
165.6168
168.7243
171.5512
174.8458
178.3359
181.9536
185.2629
188.5559
192.5273
195.9959
200.3234
204.1123
207.6562
210.9417
215.0727
219.0789
222.9794
227.3352
231.3892
236.0263
240.0401
244.476
248.8358
252.5344
256.9643
261.689
265.8722
270.2871
274.9131
279.0042
284.0637
288.7074
293.7218
299.1832
304.3692
308.7564
313.455
318.4718
323.5862
329.2504
334.2228
339.9349
344.7064
350.0391
356.302
361.9915
368.2404
373.7075
379.6438
384.6959
390.6653
395.8185
401.9518
407.7742
