8.0
8.0
7.9218
7.8099
7.8302
7.8228
7.8758
7.8321
7.8685
7.8747
7.8434
7.917
8.0854
8.1241
8.2032
8.2693
8.4187
8.4019
8.4523
8.523
8.6472
8.8281
8.9513
9.1216
9.2148
9.3478
9.4445
9.6395
9.8098
9.937
10.0875
10.2948
10.2558
10.3388
10.4771
10.5675
10.7662
10.9106
11.1987
11.3066
11.5197
11.7485
11.8808
12.0675
12.1296
12.3872
12.7352
13.0187
13.2993
13.5155
13.7559
14.2003
14.4426
14.816
15.2724
15.7818
16.2409
16.6223
17.0761
17.5302
17.9989
18.526
18.9223
19.4961
20.0664
20.6247
21.0977
21.7515
22.166
22.6577
23.098
23.6325
24.1289
24.5714
25.175
25.8525
26.4018
26.6765
27.1845
27.5348
28.1333
28.5043
29.0307
29.5289
29.9441
30.5099
31.0773
31.4235
31.9777
32.4915
33.0788
33.5939
34.0632
34.5541
34.936
35.3921
35.8138
36.2067
36.6996
37.0364
37.5648
37.842
38.3047
38.8543
39.2156
39.5337
39.8771
40.2173
40.7799
41.2257
41.755
42.2156
42.6168
43.241
43.6158
43.9988
44.6148
44.8866
45.6821
46.2306
46.653
47.046
47.6338
48.034
48.553
49.2278
49.7054
50.2735
50.5746
50.7376
51.2512
51.6053
51.5995
51.8387
52.2777
52.4228
52.8101
53.0493
53.219
53.5444
53.6642
54.0402
54.4381
54.4409
54.8158
55.0458
55.3688
55.6607
55.7446
55.8941
56.1323
56.1462
56.1943
56.4522
56.4614
56.7155
56.9363
57.1548
57.1933
57.42
57.7861
57.9766
58.354
58.5813
58.7101
58.5546
58.5327
58.4566
58.6738
58.8134
59.29
59.6674
59.8778
60.3257
60.6536
61.159
61.2518
61.3733
61.5369
61.8432
62.0704
62.2002
62.4435
62.6581
62.9136
63.1085
62.9889
63.4041
63.6929
63.7563
63.7694
63.8315
64.0888
64.1778
64.2066
64.1226
64.2081
64.292
64.4175
64.4208
