36.0
36.0
35.6123
35.2279
34.8679
34.5068
34.1433
33.7971
33.4294
33.1053
32.7465
32.4287
32.107
31.7458
31.4121
31.0782
30.7588
30.4479
30.1303
29.8097
29.5119
29.1976
28.8924
28.6378
28.3676
28.0796
27.8119
27.5448
27.2833
27.0362
26.7814
26.496
26.2622
26.0093
25.7327
25.5263
25.281
25.0252
24.7939
24.554
24.33
24.1408
23.9345
23.7352
23.513
23.3201
23.0951
22.8545
22.6243
22.3918
22.1854
21.9686
21.7473
21.5537
21.4811
21.4782
21.4732
21.4723
21.4582
21.4644
21.4678
21.4874
21.4926
21.52
21.56
21.578
21.5906
21.6102
21.6153
21.6273
21.6701
21.7089
21.7422
21.7773
21.8352
21.8409
21.8748
21.8823
21.9247
21.9672
21.994
22.0385
22.0743
22.1383
22.1701
22.2128
22.2364
22.2761
22.2974
22.3301
22.3923
22.4253
22.4735
22.5163
22.5561
22.6153
22.6716
22.7152
22.766
22.7992
22.8519
22.8808
22.9288
23.0023
23.0447
23.094
23.1366
23.1838
23.237
23.2648
23.3418
23.4082
23.477
23.5355
23.5833
23.6272
23.6902
23.7544
23.8081
23.8426
23.8949
23.9544
24.01
24.0672
24.1132
24.1864
24.2353
24.2726
24.2672
24.2111
24.124
24.08
24.0354
23.9998
23.919
23.8473
23.7623
23.7149
23.6421
23.5504
23.4689
23.3585
23.2506
23.1055
23.036
22.9536
22.8652
22.7761
22.6889
22.5763
22.4754
22.3852
22.297
22.1875
22.073
21.9519
21.8355
21.723
21.6102
21.5067
21.4088
21.2964
21.1974
21.078
20.9772
20.8369
20.7524
20.6082
20.4835
20.3608
20.2194
20.1005
19.9982
19.8829
19.778
19.6607
19.5255
19.4072
19.3053
19.2098
19.1011
18.9882
18.8738
18.7794
18.6545
18.5199
18.4348
18.3176
18.229
18.1027
17.9974
17.8993
17.7709
17.656
17.5045
17.3642
17.2658
17.1584
17.0201
16.9074
