27.0
27.0
8.5521
2.6806
0.8047
0.2665
0.128
0.0878
0.071
0.0625
0.0627
0.0607
0.064
0.0643
0.0592
0.0572
0.0525
0.0527
0.0553
0.0555
0.0556
0.0587
0.0527
0.0542
0.0537
0.0536
0.0539
0.0512
0.0572
0.0539
0.0558
0.0482
0.0494
0.0524
0.0595
0.0541
0.0447
0.0469
0.0551
0.0557
0.0487
0.0455
0.0496
0.0501
0.0498
0.0481
0.0518
0.0459
0.0437
0.0461
0.0509
0.0473
0.0512
0.0507
0.0602
0.057
0.0609
0.0608
0.0587
0.0598
0.0581
0.0621
0.0573
0.0552
0.0534
0.0584
0.0577
0.0477
0.0485
0.0482
0.0432
0.0423
0.0433
0.0504
0.0503
0.0474
0.0471
0.0534
0.0504
0.0483
0.0471
0.0483
0.0374
0.0459
0.0451
0.0452
0.0438
0.0487
0.0445
0.0504
0.0492
0.0423
0.0394
0.0437
0.0463
0.046
0.0479
0.0441
0.0425
0.0415
0.0466
0.0438
0.0475
0.0422
0.0464
0.0448
0.041
0.0419
0.0419
0.0391
0.0396
0.0371
0.0406
0.0376
0.038
0.039
0.0445
0.0444
0.0468
0.0494
0.0418
0.0452
0.0484
0.0501
0.0424
0.0396
0.0445
0.0511
0.059
0.0588
0.059
0.062
0.0664
0.0619
0.0669
0.0663
0.062
0.0656
0.0561
0.0563
0.0532
0.0593
0.0618
0.0587
0.0582
0.0632
0.0669
0.0692
0.0673
0.0679
0.0699
0.0594
0.0593
0.0577
0.0558
0.0641
0.0668
0.0627
0.0603
0.0641
0.0659
0.0639
0.0639
0.0652
0.0575
0.0604
0.066
0.059
0.0581
0.0568
0.057
0.0591
0.0646
0.065
0.0656
0.0717
0.066
0.0674
0.0666
0.0652
0.0615
0.0631
0.0615
0.0655
0.066
0.0588
0.062
0.0574
0.0603
0.0633
0.0663
0.0668
0.0673
0.0768
0.0669
0.0646
0.0636
0.0719
0.0679
0.0659
