12.0
12.0
11.955100000000002
11.90970000000002
11.862299999999976
11.813399999999994
11.76770000000002
11.718899999999989
11.670500000000006
11.622799999999993
11.575000000000008
11.529000000000012
11.480700000000006
11.43529999999998
11.388099999999977
11.341399999999938
11.296899999999955
11.249099999999983
11.207700000000028
11.162599999999983
11.119399999999997
11.072500000000012
11.023300000000024
10.976500000000028
10.925499999999987
10.87890000000003
10.834199999999957
10.788499999999996
10.739399999999998
10.6931
10.64849999999995
10.601400000000009
10.557900000000004
10.511300000000029
10.465899999999989
10.416799999999983
10.368600000000008
10.32489999999995
10.279199999999946
10.236600000000038
10.186899999999993
10.145999999999988
10.100800000000007
10.05569999999996
10.014099999999976
9.967799999999963
9.92090000000004
9.875199999999998
9.832299999999961
9.789500000000011
9.7437
9.702299999999996
9.656599999999948
9.608300000000003
9.573900000000004
9.547600000000012
9.520200000000033
9.489300000000018
9.466599999999957
9.441399999999982
9.414199999999981
9.388400000000036
9.357599999999932
9.331500000000007
9.307599999999955
9.279800000000012
9.252999999999995
9.227800000000023
9.203299999999954
9.17999999999999
9.150799999999995
9.123300000000011
9.096199999999982
9.069699999999976
9.039100000000007
9.011100000000027
8.985899999999965
8.955799999999982
8.928599999999967
8.902299999999977
8.875500000000024
8.848199999999986
8.822199999999983
8.795300000000022
8.766099999999994
8.741599999999988
8.717299999999977
8.688599999999973
8.66279999999998
8.637600000000022
8.613000000000062
8.585399999999956
8.558800000000007
8.531200000000007
8.503900000000032
8.475299999999992
8.44919999999997
8.4205
8.395799999999976
8.373700000000026
8.347699999999994
8.32130000000008
8.296399999999982
8.266899999999948
8.24040000000003
8.213199999999947
8.188800000000025
8.165599999999934
8.139500000000014
8.112200000000023
8.086299999999998
8.059199999999946
8.032999999999966
8.0075
7.9807
7.9516
7.9221
7.8964
7.8693
7.8439
7.817
7.791899999999997
7.763099999999999
7.734999999999997
7.7079999999999975
7.680299999999997
7.654099999999997
7.6251
7.593099999999997
7.562000000000001
7.527400000000003
7.493000000000001
7.458800000000003
7.427200000000003
7.394000000000003
7.363900000000007
7.329099999999999
7.294500000000009
7.264300000000001
7.230299999999994
7.196099999999997
7.165799999999997
7.131700000000008
7.0979
7.060900000000003
7.027099999999995
6.993299999999988
6.95630000000001
6.9237
6.893799999999997
6.86230000000001
6.8288
6.797700000000007
6.762600000000009
6.726900000000006
6.692100000000009
6.661400000000001
6.625499999999997
6.593300000000003
6.557300000000009
6.524199999999996
6.490999999999988
6.455700000000009
6.422699999999996
6.390499999999993
6.358900000000006
6.322499999999991
6.285199999999994
6.254800000000002
6.2207000000000106
6.189000000000005
6.15699999999999
6.124799999999994
6.094599999999998
6.063599999999979
6.031799999999989
5.998299999999996
5.963399999999992
5.930399999999992
5.898000000000019
5.8665
5.836999999999991
5.808299999999993
5.7752000000000185
5.741099999999989
5.712199999999997
5.677700000000013
5.646799999999981
5.617000000000024
5.582899999999995
5.549599999999989
5.519200000000011
5.486999999999997
5.454099999999996
5.416499999999994
5.384100000000037
5.350499999999959
5.318399999999996
5.28689999999999
5.256299999999991
