11.0
11.0
10.951399999999994
10.904900000000021
10.863699999999989
10.815299999999981
10.768599999999996
10.723599999999998
10.680500000000006
10.635299999999987
10.589599999999995
10.550199999999995
10.510100000000003
10.469100000000017
10.42459999999996
10.389199999999963
10.347099999999967
10.308100000000008
10.266700000000021
10.228800000000032
10.188099999999977
10.151699999999995
10.119600000000004
10.085500000000016
10.045100000000021
10.011100000000015
9.974600000000004
9.936599999999977
9.899000000000001
9.863299999999983
9.833499999999994
9.801200000000021
9.765400000000026
9.728000000000021
9.693799999999982
9.659100000000022
9.626400000000022
9.589599999999983
9.555999999999976
9.52049999999999
9.485800000000005
9.44859999999997
9.414400000000041
9.377299999999988
9.34670000000002
9.309699999999998
9.276500000000015
9.245299999999995
9.209099999999982
9.17330000000003
9.13529999999999
9.102100000000034
9.067299999999983
9.033800000000015
9.005999999999974
8.980299999999998
8.94809999999996
8.918700000000054
8.886100000000008
8.858700000000002
8.829800000000043
8.801699999999963
8.773099999999976
8.74199999999994
8.713299999999995
8.681699999999958
8.65059999999998
8.625399999999981
8.594099999999923
8.565199999999992
8.539499999999956
8.515700000000033
8.48679999999999
8.464499999999983
8.437300000000056
8.40969999999998
8.384200000000005
8.358399999999985
8.331600000000018
8.301300000000023
8.273800000000007
8.251099999999939
8.221899999999936
8.195099999999982
8.164500000000015
8.135600000000004
8.109000000000025
8.080899999999996
8.051100000000003
8.022900000000044
7.997899999999994
7.9686
7.9402
7.9119
7.884999999999997
7.863200000000002
7.8366
7.8089
7.784
7.755799999999997
7.724999999999999
7.7018
7.675900000000001
7.6515
7.623300000000001
7.6008
7.5733
7.5444
7.5165
7.486999999999994
7.456199999999993
7.427899999999998
7.4033000000000015
7.3761999999999945
7.350400000000001
7.320999999999997
7.298700000000001
7.271700000000003
7.243599999999997
7.215999999999991
7.188199999999994
7.160499999999995
7.131800000000003
7.102400000000001
7.080800000000006
7.0524
7.0282
6.999600000000003
6.9705999999999975
6.929700000000003
6.890800000000006
6.8508000000000076
6.807999999999988
6.772899999999991
6.732600000000015
6.693199999999994
6.657000000000009
6.616699999999997
6.578299999999997
6.539199999999988
6.499299999999995
6.459099999999996
6.421899999999995
6.379299999999999
6.3392
6.294199999999994
6.253999999999989
6.212199999999995
6.1731000000000185
6.1325
6.093900000000008
6.055800000000008
6.0185000000000075
5.977900000000016
5.9343
5.897499999999994
5.8563999999999865
5.819500000000003
5.780200000000011
5.743300000000008
5.703299999999986
5.6591999999999905
5.622799999999987
5.578999999999993
5.535899999999995
5.492699999999995
5.449799999999994
5.407099999999994
5.364099999999996
5.326900000000006
5.284999999999983
5.244400000000009
5.203499999999994
5.167900000000003
5.127299999999982
5.084699999999988
5.04700000000001
5.002499999999991
4.958600000000012
4.914899999999972
4.877299999999998
4.835299999999988
4.792700000000025
4.7518000000000225
4.711799999999987
4.671999999999978
4.6333
4.596300000000021
4.557600000000009
4.518099999999982
4.4783
4.441600000000005
4.40399999999998
4.363099999999998
4.323500000000008
4.284200000000001
4.246099999999985
4.208200000000003
4.1728999999999745
4.134399999999991
