121.0
121.0
119.9892
119.0277
118.1825
117.1943
116.2422
115.3292
114.4639
113.5559
112.6432
111.869
111.0835
110.2787
109.4144
108.7432
107.9317
107.1895
106.4075
105.6976
104.9243
104.2425
103.6524
103.0229
102.2883
101.6707
101.0096
100.3144
99.6486
99.0035
98.4735
97.9028
97.269
96.5954
95.9976
95.3999
94.832
94.1992
93.6216
93.0119
92.4256
91.7876
91.209
90.5709
90.0563
89.4339
88.8779
88.3665
87.7723
87.1981
86.5829
86.0311
85.4423
84.8986
84.4558
84.0533
83.5341
83.0485
82.5343
82.1243
81.6564
81.2133
80.7661
80.2878
79.8413
79.3443
78.8818
78.5122
78.0273
77.5762
77.2161
76.8649
76.4298
76.1017
75.7089
75.2949
74.927
74.563
74.1704
73.7303
73.3432
73.0103
72.5775
72.1861
71.7585
71.3628
70.9766
70.5705
70.1567
69.7607
69.4003
68.9786
68.5816
68.1599
67.78
67.4972
67.1176
66.7511
66.4282
66.0482
65.6474
65.3474
64.9839
64.6775
64.3087
64.0078
63.6269
63.2568
62.8947
62.5156
62.1292
61.7707
61.4553
61.1056
60.7848
60.4008
60.1443
59.8195
59.4674
59.1266
58.789
58.4429
58.0846
57.734
57.4852
57.1342
56.8382
56.4924
56.1444
55.6521
55.17
54.7026
54.1894
53.7785
53.275
52.8064
52.355
51.8519
51.3955
50.9188
50.4555
49.9729
49.5769
49.0809
48.6174
48.0852
47.6288
47.1236
46.6731
46.2123
45.7751
45.3216
44.9133
44.4371
43.9531
43.5343
43.1002
42.6935
42.2426
41.8687
41.4415
40.9708
40.5772
40.0938
39.6475
39.1969
38.7296
38.2601
37.8223
37.4221
37.0024
36.5876
36.1749
35.8259
35.4103
34.9855
34.63
34.1857
33.7724
33.3619
33.0127
32.6065
32.1773
31.7918
31.4078
31.0402
30.6733
30.3313
29.952
29.5955
29.2413
28.8898
28.563
28.2045
27.8565
27.508
27.1921
26.8486
26.5547
26.206
