1000.0
1000.0
1006.8497
1013.5795
1021.1333
1027.8117
1035.3122
1044.5009
1053.0544
1061.0315
1070.839
1079.9187
1088.7892
1098.1833
1107.6993
1117.6078
1126.2905
1135.7924
1144.956
1153.8842
1163.3222
1173.6557
1184.4729
1196.1552
1207.4763
1217.885
1229.7326
1240.0518
1251.2782
1262.3523
1275.0479
1285.9087
1297.0899
1310.0203
1321.8075
1333.312
1345.4136
1357.1237
1369.3967
1382.3193
1393.7241
1405.8537
1418.075
1431.4543
1444.5871
1457.8866
1469.9063
1482.7354
1497.9214
1513.6487
1526.4014
1540.1451
1551.9933
1564.9368
1577.6538
1588.8545
1598.0031
1609.4506
1618.3807
1627.9592
1637.998
1650.2058
1658.8052
1668.401
1677.2516
1686.8762
1696.2693
1706.2978
1717.2227
1726.9178
1737.8244
1747.1379
1758.1928
1768.5879
1779.6472
1790.1604
1802.7951
1813.138
1823.5291
1833.9479
1845.4607
1856.8268
1867.8102
1878.3916
1890.3545
1902.5974
1912.9081
1921.5254
1932.7454
1944.0602
1954.2286
1966.2995
1977.1204
1987.5116
1997.7055
2005.9187
2016.6312
2027.8071
2037.9467
2049.4328
2061.1762
2070.9394
2081.5808
2094.7652
2106.4936
2116.8754
2129.473
2139.0786
2152.3088
2163.857
2173.6575
2185.217
2195.7466
2206.0717
2215.2972
2229.7612
2241.9174
2252.8483
2265.1242
2276.8469
2287.0482
2296.6119
2310.2142
2322.4959
2335.1135
2345.7638
2359.9296
2371.2263
2388.0309
2405.1904
2425.4672
2442.3687
2464.7502
2482.9262
2501.8401
2521.5375
2542.2085
2564.0295
2585.7736
2608.9464
2629.1263
2651.3136
2672.8686
2697.104
2719.5876
2746.6066
2769.9208
2795.3436
2820.7636
2846.9987
2872.1893
2894.6553
2921.1629
2947.5227
2974.1152
3005.0915
3035.7955
3060.156
3088.9213
3115.2663
3149.0934
3182.4491
3217.6378
3253.2241
3281.5217
3315.9961
3348.6495
3381.0876
3414.7043
3448.9265
3481.1726
3514.2301
3546.0387
3580.4672
3617.6521
3655.3049
3693.7639
3726.5335
3765.2755
3799.1849
3837.2788
3874.3078
3914.0881
3952.407
3989.9486
4031.8937
4068.2407
4105.0179
4140.6216
4177.9882
4219.4263
4262.5366
4298.8783
4338.4908
4380.1026
4421.1718
4464.825
4510.8239
4554.4777
4598.5648
