729.0
729.0
697.9374
668.2934
640.7717
614.4321
589.0792
565.0424
541.4263
518.5206
497.1539
476.2558
456.9586
438.9492
420.9812
404.5635
388.9111
372.8236
358.2395
342.9814
329.2248
315.1458
303.2405
292.1646
280.9696
269.3809
258.7911
248.4201
238.2427
228.8245
219.1313
210.9842
202.6699
194.8435
187.3034
179.7543
173.3769
166.7695
159.9929
154.0386
148.0668
142.1752
136.6287
131.2591
125.8691
120.8866
116.2176
111.946
108.1773
104.4063
100.4223
96.481
92.9896
89.9739
90.0267
89.8161
90.0577
89.8588
89.7429
89.7537
89.427
89.1746
89.6558
89.3626
89.2844
89.0471
88.7679
88.7353
88.8075
88.1469
87.5296
87.5122
87.2861
87.1149
86.4327
86.021
85.9625
85.3831
85.0572
84.7534
84.1202
83.8179
83.8027
83.5896
83.3442
83.2157
82.7294
82.7609
82.7189
82.2662
82.1733
82.1092
81.7862
81.4444
80.9179
80.8014
80.817
80.2086
80.341
79.7988
79.8122
79.3416
78.7947
78.4337
78.5606
78.7954
78.476
78.5029
78.0097
78.0329
77.9854
77.7469
77.6593
77.3311
77.3889
77.4904
77.1486
77.1184
76.75
76.7145
76.827
76.6513
76.6964
76.1367
75.7085
75.6244
75.1973
74.7208
73.9852
73.631
72.8519
71.935
71.4736
70.8473
70.6689
70.5045
70.0185
69.0627
69.0054
68.9099
68.5818
68.6013
68.1051
68.3676
68.4695
68.0887
68.2403
68.0228
67.6449
67.7747
67.5554
68.0026
68.0926
67.5357
67.3745
66.9473
67.0859
67.0721
67.3577
67.5218
67.1664
67.4514
67.2708
67.2373
66.7304
66.4518
66.7397
66.5045
66.6318
66.575
66.8367
67.067
67.0065
66.509
66.3017
66.3011
66.1738
66.1392
66.0118
65.7043
65.8939
65.3372
65.2155
64.7532
64.7823
65.3014
65.2253
65.1039
64.7147
64.843
64.7883
64.5266
64.3974
64.2332
64.3271
64.1796
64.3244
64.5495
64.4957
64.3109
