25.0
25.0
24.619
24.2419
23.8819
23.5341
23.1592
22.8676
22.5297
22.2258
21.959
21.6776
21.3813
21.13
20.8289
20.5191
20.2053
19.9246
19.6926
19.4096
19.1786
18.9422
18.7011
18.5117
18.3006
18.0638
17.8166
17.6648
17.4596
17.2825
17.1025
16.8781
16.7073
16.466
16.2804
16.0875
15.8876
15.7103
15.5467
15.3469
15.2107
14.9971
14.8513
14.7083
14.5535
14.4132
14.244
14.1247
13.9837
13.8363
13.7669
13.6154
13.4573
13.3556
13.3212
13.3022
13.2539
13.2152
13.1488
13.145
13.1049
13.0588
13.0347
13.0049
12.9977
12.9814
12.9762
12.9232
12.8564
12.8039
12.7327
12.7054
12.6729
12.6162
12.571
12.5455
12.4889
12.4521
12.4341
12.3659
12.3037
12.268
12.2051
12.1664
12.1459
12.153
12.1308
12.1045
12.1013
12.0642
12.0295
11.9877
11.9546
11.9359
11.8965
11.8709
11.8641
11.8621
11.8192
11.8108
11.7813
11.7462
11.7077
11.6706
11.6588
11.6425
11.6398
11.6358
11.6186
11.6104
11.5807
11.5408
11.5197
11.5108
11.4701
11.43
11.3954
11.3608
11.3464
11.3302
11.3022
11.2945
11.2856
11.2722
11.2483
11.1929
11.1676
11.1225
11.0511
10.9907
10.9631
10.9474
10.8646
10.797
10.7371
10.6651
10.5787
10.5523
10.4822
10.4177
10.3737
10.2809
10.2108
10.1632
10.0847
10.02
9.9853
9.9587
9.9219
9.8536
9.7527
9.681
9.6216
9.5319
9.4862
9.416
9.3395
9.3064
9.2504
9.2063
9.1258
9.0466
9.0235
8.938
8.9083
8.8576
8.8243
8.7818
8.73
8.7053
8.6276
8.5695
8.548
8.5054
8.4651
8.4421
8.4096
8.3703
8.314
8.2884
8.2558
8.2218
8.1729
8.1352
8.0819
8.0518
8.0199
8.0069
7.9637
7.8909
7.8561
7.8168
7.7701
7.7191
7.6955
7.6559
7.6225
7.5711
7.5295
7.4879
