729.0
729.0
742.7691
758.0975
773.761
787.9251
804.6337
819.7879
836.1467
854.4746
871.9115
888.8313
906.167
923.937
941.3823
959.4744
977.802
996.6515
1014.1131
1034.1027
1054.1789
1073.3679
1093.8816
1116.1435
1137.0015
1159.372
1178.3728
1200.4359
1224.6034
1247.1297
1271.013
1293.9547
1317.4361
1340.8087
1362.8285
1388.1092
1415.0589
1438.4587
1464.2832
1488.7922
1515.7182
1541.242
1566.4304
1592.707
1618.0652
1645.2974
1672.3117
1700.6774
1726.6452
1753.2902
1780.3512
1810.3653
1836.1839
1866.6059
1892.6635
1921.3948
1948.626
1976.9379
2006.5866
2031.9797
2057.8175
2083.6425
2108.2626
2134.3613
2160.9862
2186.4754
2213.7092
2239.7656
2264.725
2291.0841
2315.754
2338.6653
2362.2799
2387.3742
2413.565
2437.231
2462.9302
2489.3009
2513.5653
2535.8282
2558.7864
2582.474
2605.7277
2628.731
2652.6288
2675.6815
2699.4817
2721.4286
2743.903
2765.7275
2786.7028
2806.7816
2829.7405
2850.5064
2872.5643
2893.6121
2912.1595
2934.5221
2954.9069
2975.5346
2996.6542
3017.9576
3035.3508
3055.1524
3074.3677
3096.3731
3116.3602
3133.725
3153.4987
3170.7848
3188.6581
3207.62
3229.6474
3251.3917
3268.5176
3286.8146
3303.053
3319.9059
3336.5544
3355.4016
3371.9114
3391.0118
3409.5213
3429.5143
3446.3154
3465.557
3481.8539
3502.1954
3516.4014
3533.8124
3550.0463
3564.547
3579.5753
3594.2173
3608.6093
3621.669
3634.6314
3646.5098
3657.6823
3672.3048
3684.9989
3700.1663
3711.3112
3723.4315
3735.3813
3749.7185
3761.8348
3775.6374
3788.7193
3801.642
3814.1942
3827.0071
3838.6515
3851.0374
3861.0114
3871.7692
3884.4781
3895.9915
3906.9335
3916.9619
3924.8687
3935.3777
3947.697
3959.328
3969.9004
3979.4172
3988.6425
3998.9432
4007.9274
4020.2382
4029.2964
4040.7168
4049.844
4058.5808
4067.4931
4075.2442
4083.3481
4094.8955
4102.5089
4111.4729
4117.2124
4126.4715
4133.1709
4143.6919
4153.7106
4164.3303
4171.2867
4179.8621
4188.8953
4197.347
4205.2909
4213.8331
4219.5818
4225.1791
4232.6616
4242.1947
4248.4726
4256.1935
4263.9186
4270.9411
