1331.0
1331.0
1315.2266
1300.3025
1287.2929
1272.1443
1257.553
1243.6228
1230.5627
1216.8465
1203.1286
1191.679
1180.0955
1168.1925
1155.5498
1145.9582
1134.1399
1123.4761
1112.3275
1102.284
1091.1391
1081.4625
1073.2326
1064.4319
1054.3031
1045.7905
1036.7018
1027.014
1018.0394
1009.1591
1001.9761
994.2752
985.72
976.4264
968.4458
960.5655
952.9974
944.683
937.0546
929.0223
921.3814
912.9544
905.4448
896.9579
890.2757
882.1687
874.8779
868.4183
860.8119
853.6379
845.8983
838.6867
830.9179
824.0528
818.532
813.6421
807.1371
800.8239
794.4415
789.6405
783.6734
778.1457
772.5707
766.8264
761.3527
755.1315
749.7382
745.3996
739.4265
733.889
729.9069
725.7329
720.637
716.8233
712.4623
707.4775
703.2346
699.0538
694.4922
689.3475
685.078
681.2003
676.0261
671.3781
666.5547
662.093
657.5646
652.7143
648.0801
643.6071
639.3305
634.302
629.7334
624.5307
620.0578
617.015
612.633
608.5739
605.0408
600.7904
596.4168
593.1254
588.7975
585.5265
581.5227
578.1018
573.6547
569.5656
565.5639
561.3806
557.3274
553.6043
550.1561
546.2446
542.8726
538.6528
536.0859
532.7679
528.979
525.3712
521.7836
518.0083
514.2476
510.5474
508.1096
504.3678
501.0988
497.4924
493.819
488.5491
483.175
478.3476
472.918
468.7165
463.1844
458.1626
453.3444
447.6887
442.8005
437.6146
432.8341
427.6471
423.9175
418.7107
413.7398
407.9942
403.2356
397.7278
393.0015
388.2485
383.7207
378.8886
374.8103
369.6139
364.6371
360.3283
356.0278
351.8815
347.116
343.5073
339.2595
334.5102
330.3548
325.4312
321.1683
316.8015
311.979
307.1309
302.7025
298.5067
294.5234
290.3458
286.4163
283.1989
279.1149
275.1285
271.8208
267.5205
263.6882
260.0001
256.8335
252.9851
248.7887
245.2624
241.563
238.2076
234.7759
231.6453
228.0546
224.7673
221.6933
218.3632
215.4672
212.3231
209.1281
206.042
203.2799
200.128
197.6015
194.3902
