9.0
9.0
8.999400000000026
9.001200000000015
9.006200000000053
9.006799999999966
9.013900000000074
9.021399999999964
9.024599999999994
9.030099999999967
9.041399999999996
9.05190000000002
9.066299999999972
9.077199999999948
9.087300000000033
9.093200000000065
9.110799999999962
9.127600000000012
9.144000000000007
9.158399999999935
9.177100000000033
9.188100000000027
9.211799999999995
9.235500000000005
9.245300000000043
9.260300000000017
9.279700000000028
9.302800000000012
9.323100000000004
9.340399999999976
9.362200000000009
9.382999999999992
9.40719999999999
9.432000000000013
9.457799999999992
9.479700000000008
9.503699999999947
9.52839999999999
9.5545
9.58009999999998
9.607399999999995
9.633699999999994
9.660400000000005
9.688399999999964
9.714799999999979
9.739800000000017
9.768200000000038
9.79850000000002
9.828899999999999
9.862300000000024
9.889299999999979
9.920399999999997
9.946000000000023
9.978099999999976
10.0125
10.049199999999985
10.091799999999976
10.132599999999988
10.167699999999938
10.204600000000008
10.238600000000005
10.272200000000012
10.304400000000008
10.347000000000007
10.38700000000004
10.431899999999997
10.46600000000001
10.5041
10.539599999999998
10.577799999999991
10.61650000000001
10.658499999999979
10.703100000000019
10.744999999999985
10.786200000000045
10.82449999999997
10.868199999999968
10.900499999999992
10.940699999999937
10.9791
11.013599999999986
11.053800000000003
11.094100000000013
11.131599999999992
11.17010000000001
11.20549999999995
11.240200000000042
11.278400000000007
11.321299999999992
11.357699999999978
11.397100000000012
11.428399999999964
11.46339999999998
11.502999999999952
11.539899999999978
11.5705
11.603299999999962
11.6421
11.680800000000032
11.721400000000003
11.759200000000043
11.797099999999999
11.833100000000002
11.867500000000035
11.901099999999966
11.93889999999998
11.982599999999982
12.015000000000034
12.050199999999993
12.087199999999989
12.122800000000021
12.15869999999998
12.200300000000002
12.232700000000031
12.268399999999993
12.29710000000002
12.336099999999984
12.369400000000011
12.406500000000001
12.445200000000012
12.480500000000015
12.517599999999975
12.554500000000022
12.590100000000016
12.627399999999994
12.659500000000003
12.700099999999985
12.740500000000008
12.788699999999977
12.837499999999975
12.884500000000015
12.93179999999999
12.97509999999999
13.022799999999982
13.060999999999993
13.10550000000001
13.153100000000014
13.1944
13.234100000000012
13.278500000000006
13.325299999999995
13.369300000000026
13.4151
13.457399999999991
13.505700000000003
13.545500000000006
13.582099999999983
13.628900000000012
13.67480000000003
13.717800000000011
13.7634
13.80610000000002
13.845099999999979
13.8848
13.922699999999994
13.964599999999985
14.002400000000012
14.039399999999977
14.078800000000006
14.123200000000011
14.160100000000012
14.205800000000018
14.244799999999977
14.282699999999995
14.324800000000003
14.363499999999997
14.399599999999998
14.434699999999989
14.472300000000006
14.512899999999991
14.5491
14.589300000000003
14.6308
14.66859999999999
14.704800000000002
14.742100000000002
14.7802
14.817700000000011
14.851999999999995
14.894300000000007
14.935299999999994
14.973999999999995
15.011999999999983
15.0495
15.084
15.123300000000006
15.159900000000006
15.2001
15.239999999999997
15.2831
15.3174
15.357200000000002
15.397699999999995
15.4337
15.4664
15.5071
15.5405
15.5808
15.6125
15.6459
