17.0
17.0
17.060600000000036
17.116700000000062
17.180500000000105
17.23969999999995
17.29790000000002
17.36500000000009
17.436799999999966
17.502899999999965
17.563699999999987
17.632600000000004
17.70000000000004
17.76689999999994
17.8361
17.9128000000001
17.98199999999999
18.050100000000022
18.119599999999924
18.1953
18.266300000000065
18.340000000000025
18.41479999999998
18.485499999999977
18.563200000000016
18.639100000000077
18.715499999999977
18.79619999999998
18.868299999999916
18.948400000000042
19.03320000000008
19.113499999999977
19.195400000000028
19.27540000000004
19.352600000000006
19.433399999999995
19.51360000000003
19.594099999999976
19.674899999999983
19.755100000000002
19.837799999999948
19.915400000000005
19.992599999999996
20.07310000000006
20.159200000000048
20.238100000000006
20.32800000000001
20.409599999999955
20.48739999999997
20.57000000000007
20.65100000000001
20.737500000000043
20.821399999999908
20.89429999999994
20.955799999999964
21.014899999999987
21.071599999999968
21.13160000000008
21.19400000000011
21.252100000000077
21.310399999999923
21.36300000000001
21.418100000000035
21.471900000000065
21.523300000000045
21.56939999999997
21.615199999999927
21.664399999999887
21.71249999999998
21.760200000000005
21.80770000000002
21.849300000000003
21.898399999999935
21.952900000000074
21.99960000000007
22.050000000000065
22.093899999999966
22.148300000000024
22.192799999999984
22.240899999999993
22.28659999999998
22.32829999999996
22.37689999999995
22.420400000000054
22.467
22.514399999999917
22.565600000000043
22.608700000000052
22.64930000000001
22.693499999999975
22.738800000000143
22.78290000000001
22.833300000000083
22.875599999999988
22.92139999999994
22.96330000000006
23.00709999999999
23.052899999999966
23.09620000000003
23.13680000000002
23.18110000000006
23.221800000000012
23.25819999999999
23.297599999999985
23.33859999999998
23.376299999999958
23.412099999999988
23.45639999999999
23.497899999999937
23.5391
23.578500000000016
23.618500000000065
23.659099999999967
23.70249999999994
23.740200000000012
23.779799999999952
23.811899999999994
23.84860000000002
23.88560000000004
23.920499999999997
23.959100000000042
23.993800000000007
24.030900000000013
24.0751
24.10900000000003
24.145300000000066
24.183100000000074
24.227399999999992
24.27600000000005
24.321699999999986
24.362299999999955
24.405699999999964
24.450200000000027
24.494100000000042
24.54030000000002
24.586899999999993
24.63310000000001
24.67920000000009
24.72449999999997
24.769199999999923
24.812700000000024
24.857699999999955
24.903499999999923
24.947399999999995
24.98809999999997
25.027699999999978
25.0664
25.10870000000005
25.14910000000001
25.188700000000054
25.234199999999966
25.274900000000045
25.315399999999975
25.354999999999908
25.38969999999998
25.432700000000036
25.47419999999997
25.51300000000003
25.5494
25.584900000000015
25.627700000000026
25.663399999999935
25.700799999999926
25.74129999999997
25.780300000000008
25.818599999999996
25.85729999999999
25.89460000000004
25.93509999999999
25.974700000000006
26.012699999999906
26.05500000000001
26.0879
26.124899999999997
26.165199999999984
26.196300000000033
26.234799999999947
26.26999999999998
26.311000000000064
26.350800000000024
26.385100000000023
26.421900000000047
26.454100000000036
26.488199999999953
26.517600000000034
26.550300000000075
26.58269999999998
26.6141
26.64669999999999
26.680900000000022
26.716
26.742000000000075
26.77469999999998
26.80609999999994
26.836899999999964
26.86889999999999
26.900000000000006
26.93369999999993
26.962000000000025
26.995699999999935
