15.0
15.0
15.072600000000003
15.1438
15.208200000000009
15.263699999999996
15.3167
15.368600000000006
15.4184
15.463100000000003
15.503500000000006
15.5412
15.5767
15.6118
15.6456
15.674699999999998
15.705
15.7333
15.7627
15.7896
15.8125
15.834
15.8549
15.8794
15.9003
15.9162
15.9348
15.9517
15.9683
15.982
15.999400000000023
16.017600000000034
16.030500000000075
16.04380000000002
16.055800000000087
16.06539999999992
16.074499999999944
16.08259999999994
16.088599999999847
16.096599999999853
16.10529999999995
16.115300000000012
16.121
16.127799999999993
16.130600000000026
16.139200000000052
16.1452
16.1521
16.154300000000028
16.16099999999993
16.166899999999938
16.175999999999984
16.182099999999917
16.19080000000006
16.19199999999999
16.19259999999998
16.192799999999945
16.189700000000077
16.192300000000095
16.193899999999953
16.195899999999945
16.19729999999996
16.2005
16.20049999999998
16.198099999999968
16.197299999999903
16.194299999999988
16.192000000000082
16.190600000000032
16.191099999999935
16.192900000000034
16.191500000000136
16.18990000000008
16.19179999999998
16.19439999999999
16.19400000000002
16.193399999999944
16.190000000000023
16.185300000000076
16.186599999999967
16.182700000000015
16.180199999999832
16.178499999999953
16.176299999999916
16.173000000000044
16.16989999999994
16.17130000000006
16.16969999999998
16.168199999999928
16.170500000000054
16.169199999999964
16.168300000000006
16.166499999999928
16.163099999999954
16.16309999999992
16.16050000000006
16.160699999999977
16.156800000000025
16.15859999999996
16.157600000000013
16.154000000000007
16.15059999999991
16.149699999999978
16.14620000000009
16.1434999999999
16.143099999999972
16.144000000000005
16.142499999999874
16.144800000000057
16.140000000000036
16.137699999999942
16.131999999999962
16.132299999999912
16.130199999999938
16.12510000000006
16.125700000000112
16.123699999999996
16.1237000000001
16.124300000000055
16.120599999999865
16.11790000000009
16.116299999999924
16.113699999999906
16.11129999999996
16.10749999999997
16.106400000000107
16.108699999999942
16.1009000000001
16.081099999999946
16.0636
16.03649999999993
16.014699999999955
15.995799999999983
15.969900000000006
15.9515
15.9288
15.9076
15.8833
15.8624
15.8371
15.814
15.7936
15.763099999999998
15.7363
15.707500000000003
15.6833
15.6556
15.6299
15.6043
15.580099999999995
15.554
15.530499999999995
15.5022
15.4786
15.4492
15.4232
15.3978
15.37030000000001
15.3461
15.320799999999997
15.2978
15.2724
15.244099999999998
15.216599999999994
15.1879
15.158900000000006
15.129200000000003
15.098400000000012
15.071299999999994
15.040799999999992
15.013099999999994
14.9853
14.960099999999997
14.933600000000004
14.909100000000011
14.884099999999995
14.8586
14.8276
14.792500000000002
14.761699999999994
14.731800000000005
14.700800000000006
14.67239999999999
14.6442
14.6159
14.5879
14.559899999999994
14.533999999999997
14.500800000000005
14.474599999999983
14.445199999999991
14.417099999999994
14.390000000000006
14.361800000000011
14.330900000000012
14.306500000000018
14.277099999999988
14.249399999999994
14.222599999999987
14.192900000000005
