81.0
81.0
81.6485
82.2996
82.9656
83.5185
84.05
84.5658
85.0636
85.5797
86.1597
86.6597
87.0666
87.447
87.8684
88.1991
88.6187
89.101
89.4803
89.8406
90.2143
90.5815
90.8101
91.165
91.6013
92.0064
92.3929
92.7387
93.0651
93.3829
93.7096
94.084
94.4368
94.833
95.175
95.5399
95.7976
96.1408
96.5057
96.7955
97.1516
97.559
97.9005
98.3174
98.7744
99.0426
99.3683
99.6919
100.0516
100.406
100.7207
101.1009
101.5484
101.9846
102.2376
102.5076
102.7685
103.0409
103.162
103.452
103.6665
103.8441
104.1589
104.4421
104.5662
104.8825
105.1291
105.3902
105.7145
106.0228
106.3098
106.6021
106.8201
107.0787
107.3851
107.7255
108.0863
108.4079
108.7242
109.0114
109.2304
109.6725
110.0056
110.409
110.8105
111.0938
111.355
111.6467
111.9863
112.3835
112.6815
113.0411
113.3182
113.6285
114.0137
114.329
114.6744
115.0634
115.5592
115.8774
116.2571
116.7146
117.2901
117.7164
118.1124
118.5728
118.9581
119.4764
119.9694
120.4922
120.9486
121.4621
121.8999
122.359
122.7963
123.2025
123.7404
124.2222
124.5734
124.9755
125.49
126.0422
126.5689
127.1711
127.7585
128.3042
128.8562
129.5612
130.3559
131.3398
132.2958
133.2202
134.2107
135.1544
136.1038
137.1482
137.9761
138.983
139.8052
140.6416
141.6039
142.4308
143.4246
144.3682
145.2089
146.1937
147.1322
148.0113
148.9595
149.8773
150.8096
151.7283
152.6887
153.6554
154.6454
155.5633
156.5439
157.4752
158.3725
159.2489
160.2781
161.1419
162.0203
163.0038
163.7993
164.5807
165.456
166.3993
167.3278
168.2348
169.161
170.1617
171.0303
172.0731
172.9786
173.8597
174.9094
175.9749
176.8942
177.7445
178.7783
179.7427
180.6852
181.4402
182.2175
182.9843
183.8222
184.8848
185.8042
186.6001
187.7007
188.4724
189.4687
190.4267
191.3457
192.3654
193.4533
194.4026
195.2269
196.338
