6859.0
6859.0
6690.3029
6519.0205
6357.2002
6206.1317
6048.8212
5910.6019
5768.4791
5632.2427
5494.5063
5361.7378
5237.862
5119.5119
5009.5162
4902.0104
4788.9523
4683.8908
4582.0592
4478.8476
4383.649
4289.0653
4198.7981
4105.802
4023.0699
3937.2459
3856.7751
3780.0155
3703.0408
3628.1204
3555.0714
3482.2254
3411.1891
3345.4512
3272.7542
3202.7395
3142.4786
3077.1616
3020.3062
2962.088
2906.3544
2846.8802
2789.8732
2733.3478
2680.641
2626.9964
2587.2497
2537.6077
2488.4059
2439.7605
2400.0045
2356.7691
2313.0157
2273.1817
2248.984
2226.6361
2201.5775
2177.66
2154.8753
2133.8809
2112.8188
2092.8536
2071.2288
2051.0906
2030.8469
2012.8571
1992.7063
1968.6822
1946.3227
1922.7431
1899.8773
1877.8978
1857.6305
1833.8305
1814.0887
1794.4333
1772.4759
1752.4841
1730.2734
1708.4477
1683.7736
1664.5363
1643.8379
1623.3691
1607.9574
1588.5537
1570.8099
1547.4412
1527.4639
1511.6868
1492.1222
1473.026
1453.4682
1433.3566
1415.4987
1399.1968
1380.3535
1360.9149
1342.087
1327.3555
1307.1268
1291.2295
1275.6756
1261.1972
1244.0745
1224.5236
1207.2272
1189.7844
1175.6904
1161.7139
1145.9602
1131.1626
1114.889
1100.6897
1088.5258
1074.23
1057.7076
1041.9801
1025.9289
1011.2057
997.4969
983.9656
974.1587
964.7434
948.6849
934.7103
921.5303
910.6749
909.7377
906.4938
905.5818
901.1514
899.5175
900.1647
898.473
898.6424
899.4946
895.6726
894.8445
894.4869
891.8947
888.9129
888.6012
887.7073
888.8872
887.6008
886.8909
888.1064
886.7626
887.0285
885.4221
883.5818
881.1922
880.5005
878.4604
878.1562
876.0792
876.0447
875.5672
873.8121
875.0144
873.8832
876.2311
876.0618
874.4008
870.651
870.7143
870.7888
869.6126
868.1453
867.4144
865.9835
864.4004
863.4814
862.9719
860.4472
859.1748
853.6471
852.2269
849.2038
848.6128
847.1652
844.8487
843.8856
840.1457
838.9475
840.1066
838.8247
837.3994
835.7157
833.6486
834.1659
836.6092
835.7162
833.7479
833.0435
832.7012
831.0795
827.8565
827.7645
