216.0
216.0
213.6613
210.8942
208.3321
206.256
203.6206
201.4062
199.3675
197.7339
196.1775
194.0163
192.4014
190.6466
189.0029
187.0043
185.1686
183.0007
181.3262
180.2793
178.4842
176.9287
175.6991
174.2805
172.8859
171.657
170.3719
169.3293
168.1963
167.0841
165.972
164.8096
163.4517
162.3454
161.5471
160.5162
159.3638
158.3599
157.6556
157.1153
155.9831
154.7981
153.8201
153.237
152.9911
152.3027
151.283
150.5538
150.0607
149.0774
148.3625
147.212
146.5898
146.0955
146.3727
146.9074
147.4984
148.2904
148.9529
149.6962
150.808
151.4973
152.4331
153.1723
153.9386
154.7699
156.0291
156.7525
157.8253
158.9046
160.1397
161.1782
162.4143
163.3977
164.2528
165.2188
166.6266
168.1371
169.666
170.996
172.5302
173.9256
175.5554
176.7339
178.2439
179.7413
181.1045
182.453
184.0343
184.9294
186.4437
188.0876
189.3083
191.0141
192.5509
193.9845
195.7016
197.192
199.0809
201.0312
203.1559
204.9724
206.9069
208.8044
210.752
212.5779
214.5385
216.082
217.8803
219.9
221.8223
223.9687
226.1483
227.557
229.5353
231.9101
233.926
236.0787
237.8844
240.4105
242.4772
244.3575
246.9663
248.9441
250.8433
253.0101
255.3702
257.1197
259.462
261.9667
264.346
267.0817
270.262
273.1792
276.1273
279.1636
282.4456
285.9235
290.0761
292.9659
296.7788
300.9407
304.9016
308.9632
312.9797
317.2173
322.375
327.3992
331.3706
335.4347
339.642
343.6562
348.018
352.5877
357.1322
361.4085
365.2371
370.2436
375.0024
379.9345
384.8451
390.0936
394.7834
400.2256
406.0835
412.0362
416.4037
422.5286
428.5014
434.4046
441.0543
447.2307
453.4466
459.4332
464.9582
470.213
475.9093
481.9515
488.5704
495.6058
501.7558
509.5873
516.4198
523.3808
530.4732
536.6644
544.0325
551.5132
557.892
563.9758
571.7034
578.835
586.7354
594.1184
601.9785
608.5481
615.7787
623.702
632.0918
640.3117
