10.0
10.0
9.968600000000022
9.942799999999911
9.916400000000014
9.887899999999972
9.862099999999966
9.836200000000021
9.81239999999994
9.783499999999986
9.75949999999999
9.732399999999975
9.709300000000027
9.683100000000026
9.656100000000011
9.63259999999998
9.60970000000001
9.58750000000005
9.561200000000024
9.53630000000001
9.514000000000008
9.4969
9.4729
9.45250000000003
9.431200000000006
9.414099999999955
9.39599999999996
9.374199999999963
9.353499999999997
9.334600000000027
9.315500000000018
9.291200000000039
9.273099999999943
9.252999999999998
9.246299999999993
9.22750000000008
9.207100000000011
9.189299999999973
9.176000000000021
9.15980000000001
9.144100000000005
9.127899999999984
9.110900000000019
9.096100000000062
9.075799999999985
9.060800000000043
9.046099999999997
9.03230000000002
9.020399999999972
9.003799999999998
8.990100000000036
8.979599999999976
8.962499999999963
8.949300000000022
8.95710000000003
8.964799999999977
8.973400000000021
8.984899999999989
8.996299999999994
9.010400000000034
9.022300000000053
9.039099999999957
9.05089999999995
9.06089999999999
9.076000000000011
9.09309999999993
9.104099999999951
9.124900000000011
9.13720000000002
9.155299999999968
9.175399999999936
9.189500000000038
9.20499999999997
9.224600000000034
9.24600000000001
9.263699999999991
9.28960000000004
9.3124
9.331599999999993
9.349500000000043
9.367600000000014
9.389400000000006
9.41069999999999
9.43399999999991
9.456200000000003
9.476900000000024
9.499899999999919
9.523500000000027
9.549800000000037
9.569800000000017
9.596100000000035
9.614999999999974
9.641999999999982
9.666199999999955
9.689799999999964
9.713300000000016
9.737499999999988
9.761399999999988
9.783799999999989
9.809499999999991
9.830799999999963
9.85770000000001
9.885999999999992
9.91299999999998
9.937600000000014
9.963699999999973
9.990000000000023
10.011
10.03990000000004
10.071200000000012
10.10369999999994
10.131399999999969
10.157500000000017
10.18980000000001
10.216000000000017
10.244799999999978
10.273999999999983
10.305200000000013
10.331300000000017
10.360700000000026
10.387100000000043
10.418899999999992
10.449599999999988
10.474899999999971
10.50610000000002
10.538200000000014
10.567999999999984
10.600600000000014
10.636400000000028
10.672099999999984
10.710300000000029
10.746699999999965
10.783700000000017
10.813700000000036
10.8555
10.894899999999977
10.933500000000015
10.97109999999998
11.012900000000023
11.04500000000005
11.08360000000001
11.124299999999954
11.165200000000011
11.208100000000044
11.253100000000002
11.292599999999979
11.32929999999999
11.372399999999972
11.414500000000011
11.456399999999961
11.501299999999993
11.538800000000016
11.586599999999972
11.624999999999988
11.669600000000028
11.710100000000029
11.748199999999978
11.792399999999994
11.833499999999992
11.881199999999996
11.92049999999997
11.964199999999984
12.004000000000019
12.04620000000001
12.087300000000049
12.133499999999959
12.182700000000011
12.226600000000005
12.271599999999994
12.32160000000001
12.369800000000005
12.42060000000001
12.463699999999927
12.508099999999994
12.551499999999985
12.601199999999972
12.64820000000001
12.695699999999965
12.7411
12.78860000000001
12.836299999999966
12.883499999999998
12.933700000000028
12.987000000000027
13.0349
13.080899999999968
13.132699999999977
13.17649999999997
13.223399999999982
13.273099999999975
13.322099999999983
13.368600000000015
13.414999999999985
13.463099999999965
13.512499999999998
13.559500000000005
13.608700000000006
13.654999999999994
13.700399999999991
13.74719999999999
