144.0
144.0
142.7758
141.6102
140.5277
139.3071
138.1348
137.0441
135.8106
134.7718
133.7778
132.7351
131.5769
130.4892
129.421
128.3937
127.3138
126.2404
125.1916
124.1188
123.0566
121.9611
121.0912
120.1451
119.2342
118.3272
117.3433
116.4477
115.5224
114.6263
113.6821
112.6106
111.693
110.8574
109.9502
109.1161
108.1849
107.2808
106.3713
105.5082
104.56
103.6596
102.8194
101.9507
101.1566
100.2751
99.4534
98.5546
97.7189
96.9164
96.1504
95.3478
94.624
93.8364
93.3378
92.8214
92.317
91.8743
91.3027
90.7883
90.2794
89.8236
89.4251
88.9288
88.4615
87.9685
87.4982
87.074
86.6083
86.1221
85.6162
85.1967
84.7605
84.3531
83.939
83.5108
83.0627
82.6477
82.2453
81.8557
81.4255
80.9927
80.5633
80.1305
79.7027
79.3004
78.916
78.4795
78.125
77.762
77.4006
77.0029
76.6127
76.2434
75.8707
75.4959
75.0908
74.6852
74.3296
73.9543
73.5733
73.2447
72.9293
72.5552
72.1436
71.7555
71.3949
71.0861
70.7821
70.4227
70.0654
69.7489
69.3325
69.0346
68.6405
68.3231
68.0022
67.6519
67.3034
66.9613
66.5985
66.2945
65.9584
65.6548
65.3548
65.0384
64.7629
64.4529
64.2589
64.0569
63.8721
63.6747
63.5102
63.3246
63.1054
62.864
62.7245
62.4893
62.3239
62.1218
61.9365
61.7558
61.5529
61.4314
61.2452
61.0108
60.7743
60.6233
60.4342
60.2292
60.0203
59.8341
59.6453
59.4904
59.3012
59.1568
58.9714
58.7404
58.622
58.4374
58.264
58.0204
57.8088
57.6171
57.3843
57.2164
56.933
56.7727
56.6006
56.4301
56.2351
56.1367
55.9498
55.7455
55.5498
55.4035
55.1854
54.9865
54.7539
54.5696
54.3563
54.208
53.9512
53.7343
53.5418
53.3236
53.0974
52.9586
52.7519
52.6214
52.4044
52.2645
52.0694
51.8286
51.6717
51.5086
51.2866
51.0805
50.8891
50.6749
