225.0
225.0
224.7506
224.4695
224.1824
223.9162
223.662
223.4279
223.2211
222.9988
222.7692
222.5761
222.3223
222.1033
221.858
221.5704
221.2791
221.0476
220.7666
220.4941
220.2647
220.0297
219.779
219.5212
219.2951
219.035
218.7531
218.5
218.233
217.964
217.7155
217.4392
217.178
216.9
216.6359
216.3505
216.0978
215.8281
215.5729
215.3106
215.0771
214.838
214.5718
214.329
214.0588
213.8019
213.5424
213.3106
213.0655
212.8291
212.5684
212.3098
212.0427
211.8339
211.6479
211.5177
211.3837
211.2677
211.1011
210.9625
210.7964
210.6342
210.4516
210.3624
210.2262
210.0741
209.9507
209.7853
209.638
209.4984
209.3721
209.2333
209.1372
208.9849
208.8334
208.7157
208.564
208.3878
208.2336
208.0699
207.9306
207.798
207.6492
207.4885
207.3281
207.1875
207.0468
206.9134
206.8067
206.7013
206.5698
206.4521
206.2838
206.1377
206.0011
205.8294
205.7103
205.591
205.4264
205.3099
205.1702
205.0229
204.9201
204.7902
204.6725
204.5011
204.367
204.2682
204.1296
204.0144
203.8484
203.7224
203.6043
203.4777
203.3564
203.2328
203.0945
202.9855
202.835
202.7351
202.6308
202.5337
202.3883
202.2276
202.0854
201.9502
201.8395
201.6555
201.185
200.6687
200.1295
199.5122
198.982
198.3483
197.7597
197.2189
196.6498
196.0693
195.5278
194.9515
194.4384
193.936
193.4367
192.9101
192.3726
191.8345
191.2652
190.7158
190.1217
189.5849
189.07
188.5252
187.9792
187.4319
186.871
186.3048
185.7462
185.163
184.5567
183.9721
183.4089
182.8092
182.3186
181.7391
181.1698
180.6132
180.0355
179.5277
178.9779
178.5126
177.9783
177.3844
176.8764
176.4153
175.8545
175.3132
174.8044
174.2862
173.6863
173.1342
172.6345
172.1344
171.5965
171.0843
170.5149
169.8885
169.314
168.7915
168.2665
167.689
167.2284
166.7337
166.1765
165.7301
165.2351
164.7016
164.2075
163.6981
163.1426
162.7011
