81.0
81.0
78.5292
76.1392
73.8601
71.6523
69.502
67.4222
65.3491
63.3048
61.3395
59.416
57.6056
55.9008
54.1726
52.5517
50.9649
49.334
47.8327
46.2598
44.8228
43.3306
42.0235
40.7864
39.5296
38.2227
36.9957
35.7771
34.5703
33.4481
32.2949
31.2772
30.2523
29.2675
28.328
27.3541
26.5119
25.6367
24.7453
23.9278
23.1278
22.3298
21.5831
20.8545
20.1357
19.429
18.7568
18.1462
17.6105
17.0393
16.4587
15.8866
15.3718
14.9275
14.9007
14.8457
14.8395
14.7792
14.7485
14.7131
14.6528
14.6086
14.6106
14.5638
14.5316
14.4693
14.4131
14.3595
14.3329
14.2541
14.1546
14.1272
14.0683
14.0193
13.9221
13.8478
13.8187
13.7331
13.6832
13.6362
13.5598
13.4843
13.4485
13.4022
13.35
13.3023
13.2238
13.2005
13.1795
13.1176
13.0901
13.0498
12.9746
12.9184
12.8523
12.8274
12.8108
12.7154
12.703
12.6342
12.6072
12.5448
12.4705
12.4153
12.4112
12.409
12.3496
12.3317
12.2661
12.2381
12.2082
12.1713
12.1381
12.0855
12.0745
12.0562
12.0002
11.9792
11.9272
11.8985
11.8874
11.8385
11.8196
11.7637
11.7185
11.6858
11.6287
11.5664
11.4768
11.425
11.3325
11.2204
11.145
11.0793
11.0383
10.9755
10.8961
10.7901
10.7722
10.7445
10.705
10.6779
10.6135
10.6012
10.5851
10.5497
10.5583
10.5118
10.4371
10.4477
10.3936
10.4248
10.4142
10.3479
10.2993
10.2439
10.2317
10.2211
10.2279
10.2256
10.1766
10.1838
10.1542
10.1399
10.0954
10.055
10.0757
10.0453
10.0522
10.0432
10.0495
10.0604
10.0513
10.0004
9.9771
9.9713
9.9428
9.9458
9.9128
9.8853
9.9013
9.8464
9.8391
9.7824
9.7781
9.8172
9.8081
9.7973
9.7473
9.7588
9.7301
9.702
9.6764
9.6606
9.6721
9.6688
9.6708
9.6957
9.6691
9.6445
