27.0
27.0
25.8842
24.9929
24.0422
23.1159
22.2736
21.4029
20.5287
19.7495
19.0238
18.2613
17.556
16.9669
16.2517
15.6048
15.0355
14.3888
13.7732
13.2402
12.6785
12.1946
11.7051
11.2014
10.7919
10.379
9.9638
9.5958
9.2134
8.8238
8.4625
8.1241
7.8471
7.5213
7.2493
6.9779
6.7164
6.5013
6.2441
6.0074
5.7947
5.5724
5.3311
5.1709
4.9594
4.7764
4.5881
4.422
4.2385
4.0692
3.9177
3.7826
3.6577
3.5182
3.4759
3.4221
3.3896
3.3342
3.2954
3.2635
3.2318
3.2042
3.1869
3.1687
3.1309
3.117
3.09
3.0668
3.0705
3.0602
3.0444
3.0113
2.986
2.9696
2.9458
2.9152
2.8819
2.8529
2.8312
2.8071
2.7865
2.7456
2.7306
2.7117
2.6969
2.673
2.6516
2.6327
2.6084
2.607
2.5904
2.5785
2.5303
2.5056
2.4869
2.4862
2.4855
2.4662
2.4604
2.451
2.4264
2.3895
2.3831
2.3888
2.3622
2.3483
2.3129
2.3113
2.3012
2.2754
2.2708
2.2649
2.2471
2.2271
2.2061
2.1931
2.1968
2.173
2.1617
2.1412
2.1392
2.1095
2.0939
2.0732
2.0647
2.0585
2.0373
2.0118
2.004
1.9958
1.9981
1.9892
1.9812
1.9545
1.9411
1.9325
1.9184
1.9218
1.9218
1.915
1.9061
1.9317
1.9362
1.95
1.9489
1.961
1.9771
1.9759
1.9981
2.0122
2.0274
2.0353
2.0336
2.0397
2.0455
2.0479
2.0587
2.0797
2.0893
2.0973
2.1103
2.1361
2.147
2.1585
2.1898
2.1933
2.2128
2.2418
2.2541
2.2775
2.2974
2.3134
2.3385
2.341
2.3685
2.3704
2.3797
2.388
2.3833
2.4144
2.4288
2.4297
2.4424
2.4709
2.4873
2.4982
2.5297
2.564
2.5902
2.6032
2.6113
2.635
2.6568
2.6662
2.6839
2.7314
2.7624
2.7665
2.776
2.8224
