7.0
7.0
6.9958
6.9929
6.989399999999997
6.986500000000001
6.984100000000006
6.984600000000003
6.984900000000011
6.9813999999999945
6.981800000000004
6.9817999999999945
6.981199999999994
6.9807
6.9791
6.979000000000005
6.980000000000006
6.981299999999998
6.9809
6.986499999999992
6.988399999999988
6.991699999999991
6.994100000000012
6.99809999999999
7.000800000000006
7.0019000000000045
7.004600000000014
7.009000000000001
7.010399999999987
7.017100000000005
7.018800000000013
7.022500000000003
7.0266
7.032999999999988
7.034699999999994
7.039
7.047199999999994
7.057499999999997
7.0621999999999945
7.069800000000006
7.078899999999998
7.087799999999992
7.096699999999994
7.102800000000003
7.111500000000001
7.119799999999994
7.127800000000006
7.134399999999994
7.141900000000003
7.146000000000002
7.1523
7.159799999999993
7.1685
7.1771
7.189500000000006
7.206500000000003
7.222599999999995
7.238899999999994
7.256499999999995
7.2747
7.291799999999997
7.305299999999997
7.3237
7.3402
7.355300000000004
7.3715
7.390499999999997
7.4112999999999944
7.430600000000007
7.449
7.468799999999998
7.4903
7.5078
7.528
7.5459
7.565700000000003
7.581699999999997
7.602
7.6211
7.6397
7.660800000000003
7.6802
7.6965
7.715699999999998
7.735700000000003
7.7575
7.775799999999997
7.7951
7.8169
7.8368
7.8545
7.873
7.8939
7.9137
7.9308
7.9505
7.968000000000003
7.9868
8.006199999999964
8.02779999999999
8.048199999999984
8.067300000000031
8.087600000000004
8.108000000000004
8.127499999999984
8.146499999999957
8.166600000000008
8.191799999999919
8.210800000000049
8.2329
8.255400000000012
8.274400000000012
8.295500000000025
8.315400000000025
8.33480000000001
8.355000000000018
8.377500000000017
8.399700000000012
8.42109999999997
8.44190000000005
8.463399999999972
8.490000000000018
8.511199999999947
8.537400000000012
8.562000000000015
8.581700000000016
8.603600000000021
8.625299999999996
8.644300000000044
8.664299999999985
8.682299999999998
8.705000000000052
8.719899999999981
8.737900000000058
8.754000000000005
8.775800000000043
8.793899999999995
8.814400000000026
8.830200000000017
8.848400000000003
8.867199999999997
8.885599999999995
8.906399999999975
8.926400000000053
8.947099999999956
8.968100000000009
8.986200000000032
9.004000000000005
9.02460000000001
9.047500000000037
9.065299999999976
9.084799999999982
9.104000000000008
9.119199999999978
9.14009999999993
9.160900000000028
9.182699999999969
9.200200000000011
9.222399999999967
9.240800000000005
9.262400000000024
9.283099999999976
9.29950000000002
9.31859999999998
9.340299999999981
9.357500000000009
9.38010000000005
9.401300000000049
9.420499999999985
9.440900000000022
9.459800000000016
9.484500000000017
9.50369999999997
9.526199999999996
9.54779999999999
9.56559999999996
9.586499999999955
9.604899999999978
9.625900000000037
9.64699999999997
9.663899999999972
9.685200000000007
9.702900000000046
9.720599999999981
9.743399999999989
9.761200000000015
9.781700000000013
9.80320000000004
9.820700000000048
9.83910000000004
9.856000000000005
9.873700000000039
9.894000000000045
9.913599999999994
9.933000000000028
9.952699999999956
9.96749999999998
9.990099999999941
10.012899999999988
10.034999999999972
