4.0
4.0
4.2109
4.4186
4.6194
4.8173
5.0398
5.2763
5.522
5.7393
5.9615
6.203
6.4148
6.6643
6.9185
7.2002
7.4555
7.7209
8.0188
8.3129
8.6183
8.8696
9.2061
9.5103
9.8101
10.1398
10.4669
10.7755
11.1304
11.4318
11.7363
12.0559
12.3824
12.7438
13.1094
13.45
13.7765
14.1128
14.4581
14.8219
15.141
15.4593
15.787
16.0938
16.4386
16.7766
17.1315
17.5182
17.8759
18.2331
18.5885
18.9399
19.3725
19.7879
20.1964
20.6188
21.037
21.4171
21.8117
22.1992
22.5905
23.0108
23.4274
23.8296
24.2955
24.6999
25.1065
25.4981
25.9312
26.3453
26.7685
27.1855
27.6355
28.1528
28.5963
28.9442
29.3826
29.7589
30.191
30.5414
30.9628
31.3816
31.8156
32.248
32.646
33.1004
33.5451
33.9906
34.4326
34.8586
35.3173
35.7729
36.2116
36.6598
37.0237
37.4775
37.907
38.3515
38.8222
39.3245
39.8116
40.2446
40.7128
41.1795
41.6192
42.1341
42.5803
43.0812
43.5858
44.068
44.5422
44.9249
45.4253
45.8818
46.3922
46.8479
47.3476
47.8477
48.3022
48.7426
49.2988
49.757
50.1914
50.6887
51.2195
51.6942
52.2478
52.6316
52.8515
53.1431
53.3063
53.5258
53.7177
53.9362
54.1629
54.3841
54.6118
54.8494
55.052
55.2813
55.4497
55.6475
55.8625
56.0655
56.2719
56.3837
56.6153
57.0049
57.2846
57.6177
57.861
58.1914
58.3824
58.6557
58.9269
59.2417
59.4683
59.6716
59.9565
60.2096
60.4746
60.7758
61.1357
61.4119
61.6794
61.8891
62.1916
62.4164
62.7232
63.1669
63.4608
63.7946
64.0584
64.4055
64.7381
65.0665
65.3707
65.7852
66.0427
66.3194
66.6905
67.0218
67.3778
67.739
68.0026
68.2697
68.5566
68.9597
69.3024
69.6192
69.9133
70.2801
70.6035
71.017
71.3771
71.7557
72.057
72.3573
72.7784
73.0413
