7.0
7.0
6.985899999999996
6.975599999999994
6.963699999999997
6.953699999999996
6.945500000000007
6.934700000000005
6.926700000000013
6.918799999999997
6.911000000000015
6.902999999999999
6.895599999999997
6.889699999999992
6.884400000000012
6.876300000000006
6.8693
6.867699999999989
6.865999999999992
6.863400000000012
6.860700000000003
6.857300000000006
6.856200000000003
6.857899999999997
6.854200000000003
6.853200000000003
6.853099999999997
6.8565
6.857900000000015
6.860300000000006
6.860400000000005
6.8609
6.8698000000000174
6.8721999999999985
6.876099999999994
6.8798
6.882400000000004
6.882999999999991
6.889599999999991
6.8936999999999955
6.896699999999989
6.898799999999992
6.9023
6.907900000000003
6.912900000000003
6.917299999999993
6.924300000000006
6.9316999999999975
6.94169999999999
6.949800000000011
6.960599999999996
6.971300000000013
6.985400000000003
6.994799999999997
6.9994
7.002999999999994
7.006399999999996
7.012300000000009
7.014599999999993
7.020500000000009
7.024099999999997
7.029899999999994
7.030999999999997
7.031499999999987
7.032999999999997
7.036
7.0396
7.042600000000012
7.047599999999997
7.048600000000006
7.048799999999997
7.0515
7.050699999999994
7.050299999999993
7.053599999999996
7.058
7.054100000000006
7.056800000000003
7.0559
7.0598000000000045
7.061399999999986
7.0608
7.063399999999997
7.062599999999994
7.061
7.061099999999994
7.0622999999999925
7.063499999999994
7.061899999999994
7.061100000000009
7.058000000000006
7.056100000000002
7.0523
7.050600000000007
7.046400000000001
7.044299999999995
7.043599999999995
7.045199999999983
7.044899999999994
7.0433
7.041899999999991
7.042199999999985
7.038200000000003
7.036300000000004
7.029000000000007
7.029000000000003
7.028700000000003
7.027499999999988
7.0238000000000085
7.018699999999995
7.013800000000002
7.012199999999997
7.0099
7.0077000000000025
7.0080000000000044
7.004000000000008
6.999600000000009
6.994999999999996
6.9907000000000075
6.985700000000008
6.986100000000008
6.983899999999991
6.9778
6.974499999999995
6.971799999999991
6.965799999999997
6.961899999999991
6.9572
6.9506
6.942899999999991
6.9372
6.930499999999983
6.922299999999993
6.915800000000003
6.908699999999992
6.903599999999991
6.899099999999997
6.891700000000009
6.886199999999997
6.879899999999994
6.8726
6.865699999999994
6.865699999999999
6.862000000000003
6.858599999999994
6.8543
6.850400000000006
6.840799999999994
6.836599999999995
6.829099999999994
6.829899999999991
6.8274999999999855
6.826199999999994
6.8244
6.819400000000004
6.814899999999991
6.8079999999999945
6.8069
6.806200000000008
6.802199999999986
6.799799999999997
6.795500000000017
6.790000000000014
6.789100000000003
6.788499999999997
6.783700000000012
6.777900000000015
6.7763000000000115
6.7705000000000055
6.767100000000003
6.766000000000003
6.764099999999994
6.758400000000014
6.751400000000007
6.7484000000000055
6.743099999999994
6.735899999999991
6.738899999999991
6.737199999999994
6.737599999999999
6.737400000000018
6.738100000000017
6.735
6.73729999999998
6.7336999999999945
6.73329999999999
6.733799999999997
6.7338
6.731499999999997
6.7297
6.729999999999997
6.7326
6.727499999999997
6.727199999999997
6.7281999999999975
6.725599999999991
6.726800000000011
6.719799999999994
6.715700000000009
6.715199999999991
