225.0
225.0
225.342
225.722
226.0522
226.3656
226.704
227.0957
227.4168
227.7212
228.0605
228.425
228.7631
229.0335
229.3834
229.7345
230.121
230.4928
230.8316
231.1714
231.5608
231.9925
232.3261
232.712
233.1114
233.5096
233.8372
234.1488
234.488
234.7445
235.0306
235.3432
235.6692
235.9661
236.3108
236.5808
236.9191
237.2268
237.4365
237.6885
238.0204
238.2876
238.5447
238.8007
239.0506
239.2986
239.5247
239.7828
239.9754
240.1978
240.4677
240.704
240.9117
241.1131
241.3072
241.4872
241.6853
241.8821
242.0318
242.2286
242.4229
242.562
242.7708
242.962
243.0726
243.2694
243.4021
243.5958
243.777
243.9523
244.143
244.3173
244.4788
244.6407
244.7993
244.9151
245.0383
245.1942
245.3342
245.4934
245.6861
245.8796
245.9805
246.2296
246.3385
246.4584
246.5376
246.6482
246.7125
246.8206
246.9219
247.0199
247.1282
247.2545
247.348
247.4925
247.6134
247.6931
247.8698
248.0282
248.1624
248.254
248.3673
248.4382
248.56
248.628
248.6762
248.7467
248.8294
248.9605
249.053
249.1289
249.2186
249.2982
249.3948
249.4899
249.5852
249.6607
249.7349
249.8478
249.9303
250.0277
250.1265
250.1563
250.2452
250.3432
250.4346
250.4954
250.5659
250.6341
250.6763
250.7764
250.825
250.8647
250.8736
250.9311
250.9073
250.9468
250.9836
251.0152
251.0425
251.1072
251.1331
251.1914
251.2598
251.2813
251.3293
251.3553
251.3935
251.4584
251.5132
251.5455
251.6476
251.7072
251.7403
251.793
251.8594
251.9026
251.9303
251.9768
251.9956
252.045
252.118
252.1285
252.1622
252.1682
252.1839
252.1864
252.1639
252.2189
252.2565
252.3148
252.326
252.3283
252.3376
252.3502
252.3262
252.3223
252.3541
252.3998
252.4409
252.4386
252.475
252.4903
252.5211
252.5852
252.6282
252.6731
252.695
252.7471
252.781
252.78
252.7757
252.7631
252.7472
252.747
252.7408
252.7743
252.74
252.7572
