25.0
25.0
25.122
25.2516
25.3796
25.4683
25.6297
25.7233
25.8395
25.9669
26.1033
26.229
26.3843
26.4967
26.6146
26.732
26.8388
26.9541
27.0737
27.2133
27.3502
27.4761
27.5891
27.6766
27.7836
27.9326
28.0179
28.1411
28.2659
28.3932
28.4746
28.5762
28.7107
28.8538
28.9515
29.0728
29.1931
29.3089
29.4504
29.5498
29.666
29.8095
29.9318
30.0066
30.0914
30.2234
30.3408
30.514
30.5872
30.7453
30.8768
31.003
31.1503
31.2507
31.3058
31.3193
31.2979
31.2711
31.2398
31.2417
31.2904
31.3297
31.3446
31.3514
31.3546
31.3791
31.3726
31.3956
31.3826
31.3865
31.384
31.4201
31.4541
31.4862
31.4452
31.4888
31.5199
31.5577
31.5915
31.6034
31.6386
31.6975
31.7787
31.813
31.9526
31.9966
32.0343
32.1015
32.1569
32.1805
32.2379
32.2739
32.3777
32.4674
32.5423
32.5851
32.7018
32.7841
32.8658
32.8776
32.9318
33.0109
33.0474
33.1453
33.2157
33.2336
33.2863
33.331
33.436
33.5314
33.5778
33.6026
33.6935
33.7617
33.8497
33.9521
34.0216
34.0607
34.1373
34.2106
34.2732
34.3705
34.463
34.5609
34.7037
34.7515
34.8403
34.8352
34.7772
34.6558
34.5564
34.5614
34.5312
34.46
34.3483
34.2851
34.257
34.1594
34.0801
34.0338
34.0119
33.9643
33.9366
33.9065
33.8617
33.8624
33.7788
33.6882
33.6147
33.5631
33.5482
33.5172
33.4843
33.4342
33.4075
33.3625
33.4051
33.3613
33.3139
33.2635
33.2233
33.1946
33.105
33.0187
32.9837
32.9003
32.908
32.8311
32.7734
32.6877
32.6625
32.6119
32.5793
32.4958
32.4895
32.4369
32.4321
32.3757
32.3165
32.276
32.262
32.1912
32.1476
32.0377
31.9557
31.8824
31.8169
31.761
31.6759
31.6082
31.5562
31.4732
31.4025
31.3654
31.3522
31.2977
31.2039
31.1282
31.0764
31.0415
