9.0
9.0
8.9207
8.8609
8.7933
8.7219
8.6913
8.6586
8.6363
8.6014
8.5553
8.5163
8.5077
8.4585
8.4568
8.4574
8.4341
8.4389
8.4356
8.4686
8.4682
8.4526
8.4555
8.4717
8.4823
8.4966
8.515
8.5332
8.5415
8.5654
8.5814
8.5961
8.6103
8.6125
8.6406
8.6696
8.6943
8.7366
8.7565
8.7742
8.806
8.8373
8.8796
8.925
8.954
8.9957
9.026
9.0741
9.1009
9.1602
9.184
9.1945
9.2476
9.2768
9.3697
9.4671
9.5596
9.6483
9.766
9.8779
9.985
10.0936
10.1851
10.2908
10.4221
10.5151
10.6231
10.7386
10.856
10.9641
11.0477
11.1502
11.2596
11.3933
11.5083
11.6088
11.7534
11.8846
11.9847
12.1159
12.2479
12.391
12.5278
12.666
12.8037
12.9307
13.0702
13.1895
13.3485
13.4831
13.6272
13.7695
13.9049
14.0619
14.2063
14.371
14.5254
14.6591
14.795
14.9545
15.1181
15.2519
15.401
15.5646
15.7508
15.9344
16.0639
16.2475
16.3861
16.5493
16.723
16.899
17.0796
17.2714
17.4483
17.6366
17.8151
17.9872
18.1869
18.3738
18.5607
18.7473
18.9352
19.1171
19.3172
19.4839
19.6762
19.9304
20.1828
20.4542
20.6834
20.9573
21.2341
21.4993
21.798
22.0999
22.3757
22.6532
22.9565
23.249
23.5702
23.9263
24.2433
24.5556
24.864
25.1687
25.5076
25.8327
26.1392
26.4834
26.8419
27.2162
27.5673
27.9145
28.3251
28.6903
29.1112
29.4907
29.8426
30.1937
30.6043
30.9891
31.3642
31.7716
32.1588
32.6011
32.9905
33.4196
33.8298
34.1884
34.5947
35.0138
35.4094
35.8241
36.2389
36.635
37.0805
37.4916
37.9402
38.4196
38.8774
39.2822
39.7068
40.1346
40.572
41.049
41.4808
41.9663
42.3816
42.8445
43.3666
43.8583
44.3768
44.8415
45.3502
45.7921
46.2789
46.7127
47.2192
47.7044
