13.0
13.0
13.045999999999976
13.09349999999995
13.13970000000002
13.18320000000003
13.228900000000003
13.271099999999993
13.31310000000001
13.349499999999965
13.384899999999995
13.426099999999968
13.460000000000017
13.497900000000026
13.531399999999982
13.561099999999982
13.5904
13.620899999999969
13.653200000000005
13.679800000000004
13.709700000000003
13.738300000000024
13.772200000000003
13.800299999999991
13.819700000000008
13.842200000000012
13.868699999999977
13.894100000000018
13.924299999999993
13.943100000000008
13.968099999999994
13.987300000000017
14.0084
14.0257
14.04410000000001
14.065899999999994
14.082000000000011
14.095600000000006
14.111399999999994
14.130899999999993
14.149799999999997
14.167499999999983
14.189400000000008
14.208199999999964
14.226099999999983
14.247499999999993
14.261000000000017
14.271599999999998
14.287299999999986
14.296600000000012
14.307700000000024
14.3215
14.329800000000018
14.347599999999986
14.3728
14.403299999999986
14.4276
14.451700000000017
14.471800000000005
14.496099999999988
14.511000000000017
14.529299999999989
14.552499999999991
14.574500000000011
14.5965
14.617699999999976
14.6331
14.6505
14.667699999999988
14.689500000000002
14.7145
14.734399999999988
14.753499999999985
14.773300000000006
14.794399999999998
14.809799999999989
14.832199999999995
14.845600000000006
14.867100000000006
14.890500000000007
14.910100000000005
14.931099999999994
14.9524
14.966499999999996
14.981500000000002
15.001899999999994
15.016999999999994
15.031300000000012
15.044900000000005
15.063799999999997
15.081500000000004
15.094400000000014
15.110400000000002
15.126100000000006
15.1487
15.162400000000009
15.1753
15.188900000000002
15.204099999999997
15.222799999999994
15.239499999999989
15.252499999999998
15.266200000000003
15.280299999999993
15.2953
15.310000000000002
15.328799999999994
15.343900000000003
15.358499999999994
15.370899999999992
15.3885
15.405399999999997
15.4196
15.437
15.4467
15.459199999999994
15.472300000000006
15.478900000000003
15.493099999999997
15.5012
15.511899999999994
15.531599999999994
15.553100000000006
15.567600000000002
15.580600000000002
15.590200000000003
15.602599999999994
15.612400000000003
15.6183
15.616199999999997
15.6118
15.6132
15.611500000000003
15.6127
15.612099999999996
15.621300000000005
15.6186
15.611000000000006
15.6184
15.615199999999994
15.621
15.617
15.606299999999997
15.6008
15.5991
15.603999999999997
15.600899999999998
15.6039
15.5984
15.598199999999995
15.5949
15.5886
15.5922
15.5915
15.5886
15.5879
15.587999999999997
15.5837
15.586
15.5874
15.582200000000011
15.5803
15.5736
15.566399999999996
15.559700000000003
15.5538
15.555199999999997
15.550800000000006
15.5497
15.541099999999997
15.5335
15.5288
15.5156
15.506099999999995
15.502899999999997
15.5047
15.5061
15.5028
15.493700000000002
15.487700000000004
15.4804
15.477499999999997
15.476399999999996
15.4615
15.457300000000005
15.4441
15.433699999999996
15.4231
15.414899999999994
15.404800000000009
15.396100000000006
15.3876
15.3829
15.377200000000004
15.371599999999994
15.3642
15.360600000000005
15.3563
15.345099999999993
15.337600000000005
