2.0
2.0
2.0290999999999833
2.056399999999997
2.0826000000000167
2.108499999999995
2.1383999999999936
2.1724999999999963
2.2074000000000056
2.2376999999999967
2.266099999999988
2.299000000000002
2.329999999999995
2.3643000000000005
2.399899999999992
2.439200000000001
2.4739000000000035
2.5122999999999935
2.5545999999999984
2.5952999999999955
2.639900000000005
2.6733999999999956
2.7187000000000068
2.7585000000000153
2.796499999999997
2.8372000000000015
2.8775000000000035
2.914900000000001
2.959400000000003
2.9986000000000113
3.0397
3.0819000000000023
3.1194000000000024
3.1633999999999975
3.206400000000004
3.2468
3.285299999999995
3.3244000000000096
3.3648999999999987
3.4063000000000057
3.4416
3.4780999999999955
3.514200000000002
3.548599999999997
3.5877999999999948
3.6252000000000013
3.6622999999999983
3.7038000000000015
3.7422999999999993
3.7783
3.815899999999997
3.8540999999999994
3.8995
3.941699999999999
3.9848
4.032000000000028
4.07840000000001
4.118500000000017
4.15929999999999
4.201200000000022
4.240699999999993
4.285199999999995
4.32860000000001
4.368800000000005
4.4167
4.45569999999999
4.496699999999971
4.534100000000028
4.572600000000024
4.612899999999999
4.650699999999993
4.6878999999999955
4.729900000000008
4.778600000000009
4.818899999999998
4.849199999999991
4.887999999999999
4.921700000000016
4.960600000000005
4.992400000000013
5.0289999999999955
5.065999999999978
5.104400000000005
5.141800000000009
5.175999999999999
5.216200000000004
5.252900000000015
5.289800000000008
5.326599999999998
5.361000000000008
5.398099999999993
5.4363
5.471599999999988
5.506000000000017
5.534499999999988
5.571700000000005
5.605999999999996
5.64090000000001
5.674999999999999
5.713500000000004
5.751
5.784199999999987
5.820199999999999
5.855500000000005
5.8896000000000015
5.927900000000017
5.961500000000003
5.998600000000003
6.034800000000007
6.068799999999988
6.102999999999998
6.1305
6.167299999999993
6.202200000000005
6.235999999999995
6.268500000000007
6.303799999999971
6.337499999999992
6.367399999999998
6.397799999999994
6.4357999999999835
6.468599999999998
6.498400000000024
6.532899999999991
6.568499999999997
6.599800000000018
6.637800000000008
6.6633999999999896
6.673499999999999
6.688500000000017
6.695299999999994
6.7042000000000055
6.711699999999997
6.7180000000000115
6.7262999999999895
6.7364999999999915
6.746800000000012
6.757000000000006
6.763399999999983
6.7769
6.7843
6.790299999999994
6.7999000000000205
6.8099
6.8181000000000145
6.822899999999994
6.834299999999997
6.8545000000000025
6.867399999999995
6.884300000000006
6.895800000000006
6.91219999999999
6.918999999999997
6.932300000000004
6.944100000000006
6.959500000000009
6.968299999999989
6.974200000000006
6.9867
7.000399999999994
7.0106000000000055
7.022600000000009
7.037100000000003
7.048899999999994
7.063199999999998
7.074100000000006
7.090400000000015
7.103399999999988
7.118799999999996
7.139899999999993
7.155
7.1714000000000055
7.182399999999994
7.198700000000004
7.2139000000000015
7.2324999999999955
7.2466999999999855
7.266800000000009
7.279700000000003
7.292199999999997
7.309499999999997
7.325800000000005
7.341000000000003
7.358800000000006
7.3695999999999975
7.382299999999993
7.397400000000001
7.416500000000009
7.435
7.448199999999997
7.461499999999998
7.480699999999995
7.493099999999997
7.511600000000008
7.528900000000003
7.547500000000005
7.561199999999999
7.574900000000003
7.594
7.605499999999994
