12167.0
12167.0
12149.0601
12125.1595
12109.6042
12093.2731
12079.4847
12069.9675
12060.8936
12044.8804
12041.84
12036.1097
12031.0302
12022.842
12022.8507
12016.806
12008.6117
12006.1571
11999.2086
11996.4057
12000.2288
11999.7085
11999.5646
11997.3484
12005.5228
12006.933
12011.0111
12020.4156
12022.2525
12026.9331
12031.8217
12038.7721
12040.7551
12045.2016
12054.842
12063.9289
12073.7905
12086.0137
12094.7402
12104.1236
12114.0866
12128.4972
12140.7611
12148.8901
12157.9724
12174.8211
12189.9428
12204.0935
12219.5361
12234.01
12250.0591
12265.2405
12281.0241
12300.238
12319.8907
12335.6754
12357.4236
12374.053
12390.6546
12407.6354
12418.9212
12434.0675
12454.7437
12462.8149
12475.0313
12486.8487
12497.8233
12509.6114
12520.4664
12529.7122
12541.7625
12550.7265
12556.6441
12569.8564
12584.7519
12595.2994
12606.9938
12617.8444
12632.021
12640.9622
12651.5098
12666.3925
12671.2286
12678.8508
12686.6166
12700.0023
12708.2681
12720.1026
12736.2017
12752.0134
12761.5297
12771.7062
12781.3083
12787.7958
12797.913
12807.3242
12817.6614
12830.8135
12841.74
12850.8954
12867.8193
12883.298
12887.5851
12895.1347
12904.4867
12913.6272
12925.4604
12937.5051
12947.3448
12955.8941
12969.3375
12978.4897
12985.6921
12994.2073
12997.2545
13014.7994
13025.9763
13035.9944
13044.5807
13052.7298
13066.157
13069.3982
13072.5384
13075.4875
13087.0693
13101.0141
13112.1926
13121.4869
13136.8305
13141.9592
13143.6597
13159.7156
13166.4861
13174.3995
13176.3612
13188.5344
13194.885
13199.2477
13204.0849
13208.7674
13213.2648
13216.6688
13226.6378
13230.874
13239.9767
13243.1175
13247.3019
13248.69
13256.2393
13258.7239
13265.0603
13269.5304
13280.1547
13286.2281
13287.4505
13292.4202
13287.4944
13291.9561
13300.7952
13306.9497
13310.5197
13309.7845
13312.5459
13314.941
13317.7325
13319.4663
13314.153
13313.1497
13319.5713
13321.7951
13323.4331
13327.2165
13332.5094
13333.2219
13331.4036
13336.2046
13340.914
13335.5494
13336.8064
13337.2693
13337.5279
13339.5116
13334.6876
13333.3236
13335.1415
13333.3598
13332.7635
13332.8891
13330.8593
13333.6477
13324.3233
13322.5347
13318.9199
13316.0591
13317.4392
13314.7174
13313.5655
13313.78
13318.2858
13311.2134
