23.0
23.0
22.95289999999995
22.910399999999985
22.867400000000007
22.82380000000001
22.78209999999999
22.74070000000002
22.70329999999999
22.663599999999956
22.627299999999966
22.585999999999988
22.549499999999885
22.5113
22.47669999999996
22.44379999999985
22.407299999999996
22.37100000000003
22.33520000000004
22.30059999999998
22.264499999999984
22.230299999999957
22.200199999999942
22.163100000000018
22.131299999999978
22.100000000000023
22.06990000000002
22.037399999999952
22.001400000000075
21.970200000000094
21.937999999999928
21.90560000000001
21.876100000000037
21.84499999999993
21.81700000000001
21.784800000000025
21.7532999999999
21.72530000000006
21.693799999999918
21.66090000000004
21.628399999999996
21.599799999999952
21.570299999999957
21.537100000000006
21.50730000000007
21.476500000000048
21.444800000000004
21.411800000000117
21.38179999999998
21.34789999999989
21.315100000000037
21.28680000000001
21.25670000000001
21.227200000000032
21.20289999999993
21.181500000000042
21.158399999999936
21.135499999999936
21.109399999999987
21.082800000000056
21.058799999999987
21.034499999999962
21.008699999999944
20.981899999999964
20.95730000000002
20.93260000000006
20.912700000000072
20.886699999999998
20.863399999999974
20.83479999999997
20.80849999999995
20.786899999999964
20.76530000000003
20.742699999999953
20.718799999999987
20.695899999999895
20.677499999999903
20.657000000000046
20.632500000000075
20.60489999999994
20.58310000000001
20.55980000000006
20.537600000000044
20.516500000000008
20.486700000000084
20.46509999999995
20.437299999999954
20.414499999999904
20.39240000000003
20.366100000000028
20.337600000000013
20.31989999999999
20.29780000000002
20.272599999999997
20.24840000000009
20.22539999999996
20.207300000000046
20.180500000000052
20.15739999999999
20.132699999999996
20.107499999999987
20.081600000000034
20.05620000000003
20.032300000000014
20.01039999999995
19.986999999999966
19.96479999999996
19.94210000000007
19.920700000000043
19.896700000000045
19.869400000000024
19.850400000000036
19.83009999999999
19.808199999999978
19.782400000000077
19.75560000000002
19.734100000000105
19.710300000000014
19.688699999999937
19.664500000000007
19.64330000000007
19.62120000000001
19.602900000000016
19.57619999999993
19.554500000000015
19.52789999999993
19.505899999999958
19.471699999999913
19.42320000000005
19.38129999999998
19.33179999999997
19.2836
19.239299999999982
19.19360000000004
19.148300000000013
19.10190000000008
19.05980000000006
19.01060000000001
18.96709999999987
18.923500000000054
18.88140000000006
18.839799999999958
18.79369999999996
18.744899999999976
18.695700000000045
18.65290000000011
18.60519999999998
18.563800000000022
18.51099999999993
18.466499999999986
18.427099999999978
18.38070000000002
18.335300000000007
18.293600000000016
18.255000000000027
18.213999999999935
18.168700000000058
18.126400000000054
18.079099999999983
18.038299999999982
17.99789999999996
17.96039999999991
17.916299999999982
17.87619999999993
17.834699999999945
17.793800000000054
17.750300000000042
17.71080000000002
17.667600000000018
17.629400000000008
17.583000000000094
17.544000000000022
17.50049999999998
17.467200000000016
17.427900000000083
17.389399999999856
17.342599999999923
17.305599999999995
17.264000000000035
17.229900000000114
17.19749999999999
17.161500000000057
17.123800000000088
17.088199999999926
17.05110000000007
17.012300000000074
16.976199999999935
16.93500000000002
16.890300000000092
16.85099999999998
16.819200000000013
16.78390000000014
16.743600000000107
16.70379999999987
16.665500000000065
16.62490000000007
16.587699999999984
16.551599999999965
16.5102
16.46849999999993
