1000.0
1000.0
992.813
987.1292
981.4574
975.0827
969.6359
963.9556
959.0058
952.9157
948.1847
942.7474
938.2423
933.2697
927.7269
923.336
918.9091
914.9509
910.1306
905.3147
901.2334
898.5715
894.6133
891.2989
887.6992
885.0865
882.4452
878.8534
875.7475
873.172
870.2129
865.9376
862.9603
859.7638
860.3319
857.8993
854.7679
852.3927
850.9562
848.8544
847.2097
845.6059
843.4427
842.0251
839.4482
837.7754
835.9307
834.7115
833.5146
831.2762
829.8135
829.5804
827.2329
826.1157
829.5435
833.3174
836.8318
841.2275
845.3279
850.436
854.8111
860.5765
865.0577
868.8489
874.0774
879.9895
883.9695
891.1591
895.6342
902.3633
909.5252
915.0017
920.8408
927.47
935.0766
941.1381
949.3672
957.3508
964.7278
971.2827
978.0748
985.8054
993.1743
1001.5772
1009.6988
1017.4907
1025.9449
1034.6139
1044.26
1051.633
1061.2005
1068.7944
1077.9978
1087.4906
1096.1308
1104.5663
1113.5269
1122.8556
1131.23
1140.5131
1147.7644
1158.0327
1168.5718
1178.5318
1188.4342
1198.4383
1209.0198
1217.1762
1227.6457
1239.254
1251.5211
1263.5962
1274.6137
1287.5946
1297.8172
1310.5498
1322.936
1334.9966
1345.9967
1358.3699
1369.0475
1383.0917
1396.1196
1408.0045
1421.4181
1435.2028
1446.8846
1460.9374
1476.7874
1491.6023
1507.7967
1524.1741
1540.8857
1555.0991
1573.5153
1592.2597
1610.6703
1627.5073
1646.5871
1661.5526
1678.7092
1697.2647
1716.0838
1736.4061
1758.1873
1778.3898
1796.3077
1816.9464
1838.8111
1859.1876
1881.0383
1899.878
1923.5532
1942.9488
1967.1734
1988.8973
2008.8656
2032.5246
2053.7943
2078.604
2100.5313
2124.179
2146.6738
2168.604
2191.6311
2215.8825
2242.7451
2266.5766
2293.5802
2322.4698
2350.3238
2379.0768
2404.3007
2429.7479
2455.7899
2485.9302
2513.3804
2541.6705
2569.9261
2598.3638
2629.3253
2657.4231
2690.1175
2722.926
2753.6627
2782.3503
2814.6179
2842.3331
2870.91
2903.0321
2935.8075
2965.476
2996.3624
3027.4143
3061.1297
3091.5709
3124.6159
3155.5028
3185.7594
3218.01
