32.0
32.0
31.9863
31.9711
31.9578
31.945
31.929
31.9178
31.9048
31.8936
31.8806
31.8679
31.8548
31.8436
31.834
31.8241
31.8143
31.8035
31.7912
31.7834
31.7758
31.7666
31.7563
31.7496
31.739
31.7298
31.716399999999993
31.7069
31.6959
31.6864
31.6784
31.6708
31.6623
31.653
31.6428
31.6389
31.6303
31.6231
31.6155
31.607
31.6
31.5924
31.5817
31.5742
31.5656
31.5589
31.5516
31.546899999999994
31.5386
31.5309
31.5224
31.5147
31.5084
31.5032
31.4896
31.4767
31.4598
31.4441
31.4285
31.414199999999994
31.397499999999987
31.3813
31.363400000000006
31.345
31.3266
31.3082
31.2912
31.276299999999996
31.258
31.2411
31.22429999999999
31.2092
31.191100000000006
31.173300000000005
31.1585
31.1434
31.1293
31.110699999999994
31.091200000000004
31.073799999999988
31.0614
31.0431
31.0252
31.011800000000004
30.994699999999987
30.9807
30.96640000000001
30.9521
30.9352
30.918500000000023
30.90229999999999
30.884500000000006
30.8703
30.8527
30.8348
30.81409999999999
30.796900000000004
30.78199999999999
30.76480000000002
30.747999999999987
30.732300000000006
30.7166
30.699500000000008
30.6836
30.668299999999988
30.6542
30.637899999999988
30.62189999999999
30.601299999999988
30.5842
30.569399999999987
30.5512
30.5347
30.51969999999999
30.504100000000005
30.48660000000001
30.4698
30.45260000000001
30.435399999999994
30.4179
30.402600000000007
30.382099999999994
30.367999999999988
30.35229999999999
30.338800000000024
30.322100000000006
30.305300000000013
30.29139999999999
30.287200000000023
30.2867
30.28470000000001
30.284300000000012
30.2857
30.2872
30.2893
30.2902
30.293400000000016
30.294699999999995
30.298400000000004
30.300400000000007
30.3015
30.3057
30.3089
30.3112
30.3149
30.3159
30.315100000000022
30.31860000000001
30.3199
30.323300000000025
30.324900000000007
30.3269
30.33089999999999
30.329900000000006
30.33070000000001
30.330300000000012
30.33250000000001
30.337299999999995
30.337399999999977
30.3401
30.3426
30.342599999999983
30.346500000000013
30.3472
30.35030000000001
30.352900000000023
30.354500000000012
30.35709999999999
30.35999999999999
30.3613
30.3629
30.36469999999999
30.367599999999978
30.369499999999988
30.37190000000001
30.3746
30.378399999999978
30.378699999999995
30.380200000000013
30.38109999999999
30.382500000000007
30.384900000000005
30.384500000000013
30.38689999999999
30.38899999999999
30.3892
30.39179999999999
30.39499999999999
30.398199999999996
30.399600000000007
30.40079999999999
30.403200000000012
30.406300000000012
30.406300000000012
30.409999999999993
30.4115
30.4163
30.419300000000007
30.418100000000006
30.4203
