27000.0
27000.0
26970.797
26959.0133
26943.8853
26928.6354
26915.1383
26906.2558
26887.0378
26875.7807
26851.1654
26824.2763
26803.5081
26758.5969
26725.801
26688.1788
26642.7001
26613.5963
26561.4358
26524.5061
26481.4844
26453.8645
26426.7385
26390.5721
26337.7021
26292.2051
26253.664
26189.6677
26156.6132
26094.4621
26039.5815
25975.3461
25922.413
25876.8685
25810.6656
25762.283
25718.0761
25662.7002
25593.632
25554.6089
25510.0164
25453.4246
25390.5273
25328.4546
25271.4816
25204.7106
25146.2834
25088.0502
25006.0921
24933.9559
24875.4323
24829.8368
24793.2598
24727.9443
24724.6643
24708.6661
24679.9683
24660.3899
24633.7633
24603.7076
24580.868
24535.1848
24501.4409
24457.707
24425.6635
24383.0052
24350.1253
24316.6668
24266.5338
24221.0535
24154.6857
24095.0597
24049.9908
24007.6505
23962.552
23918.8505
23874.1124
23821.7763
23775.9834
23711.1994
23649.7758
23592.3708
23536.34
23468.5377
23404.0369
23347.9384
23277.7756
23209.4038
23147.3301
23093.1996
23038.3998
22987.7133
22927.4719
22862.5023
22798.2147
22737.0074
22686.2428
22623.1394
22559.5174
22492.8048
22424.0931
22353.9342
22288.613
22224.9515
22161.2583
22096.4434
22024.2193
21958.7374
21893.5708
21835.6291
21768.7253
21708.2511
21642.4249
21575.5427
21502.2346
21429.7014
21364.8644
21293.1977
21224.7506
21147.6705
21068.4414
20992.3718
20927.243
20850.4273
20779.1434
20715.6318
20644.0152
20554.5983
20444.6362
20346.466
20240.6072
20126.7979
20022.4516
19926.4232
19835.7134
19728.6303
19626.8732
19526.2554
19426.9847
19334.3578
19225.4779
19122.1332
19021.1762
18923.8727
18827.2402
18731.893
18645.8649
18559.857
18473.8599
18386.8688
18316.5036
18232.0269
18141.8607
18057.9735
17969.4091
17897.4799
17807.7192
17720.6676
17642.0193
17581.2581
17503.2278
17418.2419
17344.0905
17252.8626
17167.3721
17084.4095
16997.3191
16916.6356
16825.3556
16745.8601
16674.1829
16600.465
16526.4386
16448.6868
16373.1054
16291.4485
16218.2864
16145.4369
16054.4076
15961.7747
15884.5407
15830.1236
15752.0033
15671.8907
15585.3053
15512.0654
15437.9908
15370.8089
15287.8662
15213.6181
15140.0346
15066.0056
14979.1693
14912.5142
14839.1498
14767.4188
14695.4798
14623.0984
14552.8943
14477.6182
