4.0
4.0
3.8891999999999993
3.7697
3.661599999999999
3.5432000000000015
3.4238000000000053
3.3093000000000066
3.195099999999995
3.0841999999999996
2.970999999999997
2.8566999999999907
2.7469999999999954
2.6381999999999914
2.53049999999999
2.428200000000001
2.329800000000004
2.229599999999994
2.128899999999986
2.0323000000000038
1.9339
1.8465999999999994
1.7641999999999978
1.6793999999999993
1.5969000000000002
1.5220000000000005
1.4476000000000055
1.3737000000000028
1.3015999999999985
1.2372000000000019
1.1765999999999974
1.1163000000000043
1.0607000000000018
1.002700000000004
0.9502
0.9027000000000004
0.861
0.8108000000000006
0.7659000000000004
0.7253000000000003
0.6879999999999995
0.6534999999999996
0.6201999999999993
0.5870999999999995
0.5524000000000027
0.5239000000000017
0.49840000000000173
0.4726
0.4532
0.43340000000000045
0.4137999999999999
0.3953999999999994
0.37720000000000015
0.36600000000000177
0.36890000000000106
0.37500000000000017
0.38259999999999894
0.38899999999999946
0.3939999999999992
0.39700000000000035
0.4016000000000012
0.40719999999999984
0.4130999999999998
0.4172000000000002
0.4234999999999998
0.4267
0.4323
0.4411000000000004
0.4466999999999998
0.4532999999999995
0.45949999999999963
0.4656
0.4704000000000001
0.4737000000000002
0.4842000000000003
0.4879000000000004
0.4945000000000014
0.503500000000002
0.5109000000000017
0.5173999999999971
0.5252000000000028
0.5331000000000011
0.539500000000003
0.5461999999999985
0.5545999999999989
0.560300000000003
0.5667999999999966
0.5741999999999984
0.580899999999998
0.5871
0.5939999999999984
0.5977000000000005
0.6030999999999997
0.6111999999999994
0.6158999999999992
0.6230000000000001
0.631599999999996
0.636100000000001
0.6423999999999994
0.6480000000000002
0.6510999999999998
0.6562000000000024
0.6619000000000003
0.6700999999999989
0.6798999999999986
0.6873999999999977
0.6916999999999982
0.6967999999999998
0.7011000000000011
0.7076000000000006
0.713799999999999
0.7202999999999993
0.7290000000000002
0.733200000000002
0.7398999999999991
0.7436999999999986
0.7523999999999982
0.7581000000000009
0.7642000000000013
0.7714000000000001
0.7783999999999995
0.7891000000000006
0.793599999999999
0.8011000000000015
0.8072000000000016
0.8135999999999985
0.8222000000000013
0.8221000000000007
0.8117000000000002
0.7983999999999993
0.7845999999999995
0.7742000000000002
0.7666999999999995
0.7600999999999987
0.7487999999999975
0.7424000000000011
0.7327000000000017
0.727199999999999
0.720400000000001
0.7140999999999981
0.7076000000000013
0.700600000000002
0.6967999999999974
0.6938999999999993
0.6888000000000009
0.6823999999999988
0.6742999999999986
0.6739999999999985
0.6717999999999977
0.6703000000000008
0.6680000000000031
0.658799999999998
0.6590999999999984
0.6588000000000005
0.6550000000000005
0.656700000000002
0.6561999999999969
0.6557999999999993
0.6524000000000013
0.6534999999999975
0.6538000000000006
0.6510000000000011
0.6493999999999999
0.6493000000000032
0.6433999999999983
0.6442999999999992
0.6381999999999998
0.6359000000000007
0.6372999999999994
0.6382999999999999
0.6379999999999997
0.6318999999999969
0.6286000000000005
0.6304000000000004
0.6238999999999992
0.6274000000000036
0.6229999999999999
0.6190999999999983
0.6160999999999988
0.6152000000000001
0.6101999999999982
0.6074000000000003
0.6077999999999977
0.6070999999999996
0.6048999999999984
0.6035000000000003
0.6012000000000014
0.5989999999999992
0.5996999999999997
0.5965999999999997
0.5965000000000009
0.5959999999999964
0.594100000000001
0.5940999999999985
0.5926000000000013
0.5910999999999985
0.590500000000001
0.5921999999999985
0.5939
0.5931000000000005
