5832.0
5832.0
5789.8513
5746.1394
5706.6385
5667.5413
5625.0205
5585.7026
5547.7817
5510.6883
5472.0908
5433.1513
5393.7444
5357.179
5319.7926
5283.9791
5246.1467
5209.0659
5176.0275
5141.9698
5102.4674
5069.7174
5033.737
4994.6941
4955.5373
4920.3237
4886.6993
4850.6406
4815.3753
4781.0241
4748.1828
4717.2171
4689.0707
4654.6578
4622.3886
4590.9308
4559.0814
4524.775
4492.2978
4461.7562
4429.8306
4397.8148
4370.7551
4338.8758
4308.4002
4277.292
4247.5385
4220.0227
4188.7562
4162.2274
4131.4397
4104.0193
4074.3185
4044.2896
4003.9096
3962.3323
3917.8349
3875.2996
3829.8444
3791.8838
3752.2279
3711.1928
3674.9482
3636.1483
3602.1313
3564.2225
3526.3543
3490.5643
3454.6934
3415.2707
3379.1657
3343.5752
3308.8132
3276.1663
3242.466
3209.8319
3178.2959
3143.202
3109.093
3077.0689
3047.0694
3013.4487
2979.3568
2949.1423
2914.7501
2884.9787
2856.0861
2826.9848
2798.2156
2766.327
2736.7596
2708.8065
2681.6738
2657.8792
2632.8983
2604.9572
2578.5187
2551.5851
2524.9897
2497.0783
2471.2161
2447.8164
2424.0448
2400.3102
2375.558
2350.3293
2326.6443
2305.1387
2279.279
2256.1457
2230.526
2205.119
2181.3154
2157.3016
2134.6552
2111.2939
2088.3924
2068.7896
2046.4666
2025.0155
2004.3518
1985.8669
1962.0501
1939.7378
1918.7379
1898.3193
1879.3026
1864.3546
1848.7063
1833.2826
1815.8495
1802.9058
1786.7136
1769.305
1755.5823
1742.9752
1730.2067
1716.8015
1702.6149
1689.9195
1676.6508
1664.0107
1651.0283
1637.3294
1623.7491
1608.983
1595.0991
1582.1877
1570.097
1559.3919
1547.3986
1533.9817
1521.4663
1509.2319
1496.3093
1483.9126
1472.6168
1460.7438
1450.0836
1438.2098
1428.2492
1416.9306
1404.8832
1393.1316
1382.8581
1370.1538
1357.7252
1345.3969
1333.1076
1322.8661
1311.71
1298.2186
1286.6017
1275.0323
1264.7212
1253.0908
1245.4252
1234.9923
1224.0269
1213.3275
1203.0036
1193.2729
1183.1603
1174.598
1163.953
1154.5361
1144.504
1135.776
1124.4502
1114.1859
1104.0336
1094.2698
1085.1721
1075.2865
1065.7331
1056.8406
1046.7062
1035.9574
1027.2669
1019.456
