3.0
3.0
2.937200000000012
2.8841000000000125
2.8262000000000027
2.769300000000001
2.7136000000000062
2.6547000000000014
2.5935000000000015
2.537300000000001
2.4823999999999904
2.423700000000005
2.3669999999999973
2.3131000000000053
2.2549000000000086
2.197799999999995
2.1426999999999863
2.086999999999976
2.0299999999999954
1.9764
1.9216999999999993
1.8716000000000008
1.8200999999999985
1.7663999999999986
1.7186999999999986
1.6711999999999982
1.6207999999999982
1.5779999999999994
1.532800000000002
1.4875999999999963
1.4412999999999974
1.3998999999999988
1.358699999999998
1.3166999999999993
1.2816999999999994
1.241899999999997
1.2054000000000002
1.1708999999999963
1.137500000000008
1.102399999999999
1.0709000000000048
1.0376000000000007
1.0039000000000005
0.9757000000000003
0.9478000000000002
0.9202000000000001
0.8909
0.8645999999999981
0.8371
0.8099999999999989
0.7850999999999987
0.7646000000000004
0.7393000000000006
0.7168000000000001
0.7087000000000003
0.7010999999999995
0.6956000000000007
0.6888000000000036
0.6824000000000011
0.6756999999999989
0.6710000000000013
0.6649999999999984
0.6615000000000009
0.6559000000000001
0.649900000000002
0.6461999999999982
0.6414000000000019
0.6374000000000004
0.6344999999999983
0.6302000000000028
0.6258000000000029
0.6209000000000017
0.6136000000000033
0.6092000000000004
0.6052000000000011
0.6004000000000012
0.5959000000000025
0.5926999999999988
0.5878000000000003
0.582299999999999
0.5784999999999999
0.5748000000000013
0.5729999999999967
0.5697000000000018
0.5663000000000007
0.5633999999999986
0.5599999999999964
0.5567000000000004
0.5527999999999994
0.5496
0.5468000000000001
0.543900000000003
0.5394999999999959
0.5352000000000002
0.5332999999999999
0.5320000000000016
0.5288999999999983
0.5239999999999982
0.5224000000000016
0.5196000000000015
0.5171999999999984
0.5138999999999977
0.5128999999999987
0.5107999999999998
0.5081999999999968
0.5057000000000005
0.5026999999999998
0.5004999999999992
0.49820000000000025
0.49460000000000054
0.49300000000000027
0.4901000000000002
0.4879
0.4859000000000003
0.4840999999999998
0.4818999999999997
0.48079999999999984
0.4768
0.4744999999999997
0.4726000000000001
0.47180000000000016
0.4685000000000002
0.4667
0.464
0.4627000000000004
0.46189999999999953
0.4593
0.45839999999999964
0.4565999999999996
0.45679999999999943
0.45549999999999974
0.45379999999999965
0.45300000000000035
0.4508999999999999
0.4501000000000004
0.4493000000000002
0.4478000000000001
0.44759999999999983
0.4464000000000002
0.4450000000000003
0.4445000000000002
0.4449000000000002
0.44399999999999984
0.44519999999999993
0.44589999999999974
0.44660000000000055
0.44829999999999953
0.4494999999999999
0.45189999999999964
0.4527999999999997
0.45480000000000037
0.4555
0.4561999999999997
0.45750000000000035
0.4597
0.46209999999999984
0.4645
0.46690000000000037
0.4698999999999998
0.4700999999999998
0.47229999999999983
0.47589999999999993
0.47780000000000017
0.4803000000000003
0.48220000000000035
0.48510000000000036
0.4866
0.4898
0.4943000000000001
0.49609999999999926
0.4992000000000015
0.5020000000000007
0.5061000000000007
0.5103999999999999
0.5126999999999996
0.5139999999999983
0.5166999999999976
0.5184000000000015
0.518499999999999
0.5208000000000022
0.523799999999997
0.5259000000000024
0.5271999999999976
0.5299000000000016
0.5330999999999995
0.5362000000000016
0.5371000000000021
0.5413999999999978
0.5448000000000001
0.5470000000000003
0.5502999999999995
0.5535999999999991
0.5579999999999989
0.5602000000000014
0.5647000000000018
0.5690000000000017
0.5730000000000003
0.5758999999999999
0.5793999999999992
0.5843999999999981
