0.0
0.0
0.0039
0.0071
0.0111
0.0145
0.0168
0.0183
0.0226
0.0246
0.0291
0.0308
0.0312
0.0351
0.036
0.0371
0.0408
0.0443
0.043
0.0388
0.0398
0.0391
0.0443
0.043
0.0444
0.043
0.041
0.0401
0.0417
0.0434
0.0427
0.0464
0.0501
0.0465
0.0481
0.0501
0.0536
0.0537
0.056
0.0568
0.0549
0.0546
0.0584
0.0606
0.0635
0.0618
0.0657
0.0641
0.0649
0.0667
0.0731
0.0716
0.0704
0.0719
0.0752
0.0765
0.0818
0.0874
0.0919
0.097
0.1021
0.1066
0.1092
0.1153
0.1176
0.1228
0.1296
0.1304
0.1405
0.1387
0.1426
0.1426
0.1499
0.1532
0.1603
0.1605
0.1645
0.1699
0.1745
0.1755
0.189
0.1888
0.1918
0.1902
0.1954
0.2006
0.1926
0.1965
0.2011
0.2041
0.2102
0.2204
0.2204
0.2213
0.2178
0.2274
0.233
0.2234
0.2286
0.2329
0.2266
0.2441
0.2463
0.2413
0.2476
0.2447
0.2514
0.2491
0.252
0.2548
0.2586
0.257
0.2716
0.2767
0.2787
0.2784
0.2766
0.2786
0.2814
0.2798
0.2843
0.2938
0.3037
0.2969
0.2916
0.2909
0.2921
0.2889
0.3033
0.3086
0.3194
0.3209
0.3159
0.3278
0.3355
0.3445
0.3599
0.3633
0.3712
0.3827
0.4057
0.3998
0.4023
0.4085
0.4088
0.4072
0.42
0.4307
0.4466
0.4412
0.464
0.4599
0.461
0.4648
0.4802
0.493
0.4922
0.496
0.4958
0.4945
0.5044
0.5135
0.5292
0.5346
0.534
0.541
0.5369
0.5379
0.5359
0.5339
0.5393
0.5311
0.5305
0.542
0.5551
0.5702
0.5905
0.5778
0.5749
0.5715
0.5693
0.5625
0.5687
0.5651
0.5674
0.565
0.5876
0.599
0.6061
0.6114
0.5961
0.6015
0.5914
0.6035
0.5997
0.6016
0.6007
0.5992
0.5929
0.6029
