3.0
3.0
2.981799999999998
2.9606999999999974
2.9403999999999932
2.920000000000008
2.9011999999999962
2.883600000000009
2.863800000000001
2.8467999999999973
2.8256999999999954
2.805100000000002
2.787499999999991
2.7728000000000117
2.755000000000004
2.7358000000000104
2.71809999999999
2.7018
2.6870000000000047
2.6704999999999917
2.6560999999999932
2.6405999999999965
2.6270000000000073
2.609099999999996
2.595500000000001
2.5762999999999985
2.5590000000000037
2.542500000000017
2.5278999999999954
2.512699999999996
2.4977999999999994
2.486
2.4709000000000083
2.455699999999992
2.4410000000000136
2.4301999999999864
2.4202999999999966
2.405300000000007
2.3948000000000063
2.3819999999999895
2.3678000000000012
2.3546999999999993
2.3438999999999957
2.332599999999991
2.3210999999999986
2.3088000000000055
2.2992000000000163
2.289599999999993
2.2799000000000027
2.2695000000000043
2.2609000000000057
2.2499000000000127
2.242299999999992
2.231499999999999
2.2282
2.225900000000001
2.222100000000011
2.216399999999994
2.2121999999999926
2.2090999999999936
2.2036999999999973
2.1997000000000098
2.1981000000000024
2.1945999999999937
2.1917999999999966
2.1887000000000008
2.1861000000000064
2.180699999999995
2.177800000000003
2.174499999999998
2.172000000000004
2.17209999999999
2.169099999999991
2.1638999999999986
2.1612999999999887
2.1605000000000056
2.1591999999999905
2.1589999999999976
2.1545999999999985
2.1538999999999953
2.1507999999999945
2.1475999999999917
2.1467999999999963
2.1446000000000023
2.1430999999999956
2.140600000000001
2.1389000000000045
2.1361000000000074
2.137300000000004
2.1382999999999974
2.139100000000006
2.1386999999999943
2.1380000000000075
2.1415000000000086
2.1400999999999994
2.1410000000000062
2.1402000000000037
2.138800000000002
2.139600000000004
2.1395000000000093
2.136999999999997
2.137799999999995
2.1394000000000126
2.1388999999999974
2.137500000000004
2.138400000000007
2.1391000000000115
2.1391000000000053
2.139000000000007
2.1378000000000044
2.1384000000000016
2.1379999999999932
2.137399999999999
2.1394999999999933
2.141200000000011
2.142199999999989
2.1427999999999896
2.145499999999996
2.145499999999984
2.144700000000006
2.1459000000000086
2.1496999999999904
2.1511999999999984
2.154600000000005
2.1554999999999978
2.153499999999994
2.1555000000000124
2.1539999999999955
2.153099999999998
2.1481999999999974
2.1482000000000077
2.149799999999993
2.1464999999999956
2.146200000000001
2.1427000000000005
2.146900000000015
2.1463999999999994
2.1470999999999996
2.1457000000000024
2.14470000000001
2.146399999999997
2.1468000000000056
2.1519000000000172
2.1520999999999915
2.148399999999991
2.1478999999999973
2.1438000000000046
2.1413999999999977
2.1406000000000063
2.1395000000000017
2.1398999999999893
2.1384000000000043
2.136699999999999
2.1361000000000017
2.1357000000000013
2.132900000000014
2.1296000000000093
2.133400000000009
2.1324000000000027
2.1302000000000074
2.1317000000000035
2.131699999999992
2.131200000000009
2.1304000000000025
2.1285999999999885
2.1262999999999947
2.1258999999999904
2.124800000000004
2.124999999999996
2.1271000000000115
2.1333999999999973
2.1382000000000128
2.1388000000000003
2.1414000000000146
2.1365000000000114
2.1389999999999962
2.1429000000000062
2.1442999999999923
2.1448999999999945
2.1455999999999995
2.147600000000012
2.1469000000000067
2.1451000000000016
2.1457999999999955
2.148199999999994
2.1525999999999965
2.152300000000007
2.1524999999999896
2.1541000000000166
2.1521999999999912
2.1534000000000155
2.15360000000001
2.1516999999999946
2.1501000000000055
2.1510000000000002
2.15320000000001
2.1503999999999905
2.150400000000001
2.148899999999992
2.1512000000000056
