6.0
6.0
5.956700000000004
5.915200000000018
5.875499999999995
5.838699999999982
5.798600000000002
5.764299999999989
5.726699999999992
5.684399999999993
5.647000000000008
5.607899999999996
5.570200000000016
5.5388999999999875
5.506099999999999
5.475099999999997
5.443100000000005
5.4033000000000095
5.375199999999985
5.335100000000001
5.297200000000003
5.265700000000021
5.228999999999991
5.202900000000006
5.171999999999984
5.146199999999972
5.118100000000013
5.087299999999988
5.056500000000007
5.025600000000002
4.995299999999991
4.967999999999987
4.936100000000002
4.904600000000009
4.869399999999971
4.840999999999982
4.813300000000013
4.785799999999999
4.759800000000005
4.734099999999976
4.702499999999989
4.6771999999999965
4.6499999999999995
4.625099999999991
4.593800000000002
4.558800000000004
4.531000000000048
4.503900000000023
4.481400000000011
4.458200000000005
4.428499999999962
4.401999999999993
4.368899999999988
4.3451999999999975
4.322699999999994
4.302699999999997
4.280200000000011
4.260900000000011
4.239299999999997
4.217000000000011
4.193499999999969
4.17079999999999
4.148099999999995
4.1236000000000015
4.104299999999979
4.07980000000001
4.057599999999999
4.033499999999984
4.0072000000000285
3.986400000000003
3.9631999999999987
3.9379
3.9146999999999994
3.896700000000001
3.8696
3.849199999999998
3.8242
3.798600000000001
3.7722000000000016
3.7505
3.726100000000002
3.6992000000000016
3.6739999999999986
3.6549000000000014
3.628899999999997
3.605800000000003
3.5846000000000013
3.56
3.5378999999999987
3.5074000000000014
3.4853999999999976
3.465800000000002
3.4451000000000023
3.4229
3.4026999999999994
3.3764999999999956
3.3518000000000057
3.326300000000003
3.300599999999997
3.2775
3.2554999999999987
3.237899999999994
3.213000000000006
3.184899999999995
3.1653000000000002
3.1440999999999986
3.1207000000000016
3.1001000000000043
3.0719999999999934
3.051200000000005
3.0269999999999975
3.0051999999999954
2.9863000000000013
2.967700000000005
2.9438000000000035
2.9220999999999986
2.904799999999996
2.885499999999995
2.8641000000000023
2.8443999999999887
2.8253999999999944
2.808900000000006
2.7880999999999956
2.7732999999999985
2.753800000000009
2.7321
2.709599999999992
2.6863000000000046
2.66880000000001
2.6537999999999897
2.633100000000004
2.6179999999999994
2.6041000000000016
2.5905999999999985
2.577199999999995
2.562400000000005
2.5475000000000056
2.532400000000007
2.520999999999998
2.5075
2.4925000000000055
2.4785000000000035
2.4647999999999985
2.4531000000000125
2.437800000000006
2.4270999999999927
2.4163000000000046
2.405000000000006
2.3923000000000134
2.3765000000000076
2.3634000000000044
2.354699999999999
2.3437000000000037
2.328800000000004
2.3103000000000145
2.2969000000000004
2.286400000000001
2.276999999999994
2.264400000000015
2.2508999999999926
2.2368999999999923
2.225999999999999
2.2165000000000012
2.2035000000000133
2.191499999999996
2.183099999999989
2.171300000000014
2.162599999999999
2.1507000000000063
2.1373999999999893
2.131400000000001
2.1247999999999907
2.11290000000001
2.1069999999999895
2.0964000000000045
2.0887999999999995
2.0762999999999963
2.0652999999999873
2.056000000000005
2.046999999999994
2.042799999999994
2.0293000000000085
2.0207000000000184
2.011900000000004
2.0029000000000012
1.9946999999999997
1.9826
1.9754
1.9674000000000003
1.9572
1.9482
1.9426
1.9343999999999992
1.9286000000000003
1.9217
1.9101999999999997
1.9021
1.8927999999999985
1.8863999999999992
1.8745999999999996
