1.0
1.0
0.8563999999999996
0.7348999999999998
0.6335999999999979
0.5488999999999989
0.4825000000000001
0.4188000000000006
0.36740000000000134
0.32910000000000117
0.30109999999999953
0.26909999999999856
0.2483
0.2267
0.2134
0.20000000000000015
0.18660000000000032
0.17549999999999982
0.16899999999999957
0.1650999999999997
0.16200000000000003
0.1551999999999998
0.1552999999999994
0.15270000000000017
0.15279999999999966
0.15200000000000044
0.14760000000000034
0.15029999999999966
0.15380000000000002
0.15760000000000024
0.15820000000000028
0.15860000000000035
0.15829999999999994
0.15679999999999983
0.15989999999999963
0.16109999999999933
0.16440000000000035
0.16820000000000015
0.16830000000000045
0.17420000000000108
0.17469999999999955
0.17530000000000004
0.17480000000000015
0.1756000000000006
0.1750999999999994
0.17829999999999982
0.1784000000000002
0.1783999999999995
0.18039999999999953
0.18000000000000035
0.18089999999999984
0.18049999999999983
0.17890000000000014
0.18300000000000055
0.1893999999999995
0.19759999999999964
0.19920000000000018
0.20389999999999964
0.20979999999999968
0.21320000000000006
0.2124
0.2159000000000003
0.21700000000000005
0.2146000000000001
0.21480000000000024
0.21609999999999968
0.21720000000000028
0.21570000000000056
0.21710000000000004
0.2153000000000006
0.21550000000000005
0.21510000000000026
0.2160999999999999
0.216
0.21650000000000014
0.21360000000000012
0.21200000000000013
0.21030000000000026
0.20930000000000004
0.20840000000000036
0.2056000000000001
0.20520000000000027
0.20539999999999986
0.20140000000000016
0.20020000000000016
0.19789999999999983
0.1964000000000004
0.19499999999999976
0.19480000000000047
0.19550000000000003
0.19640000000000007
0.19039999999999954
0.18770000000000034
0.18520000000000006
0.18500000000000044
0.18009999999999976
0.17679999999999982
0.17429999999999993
0.1683
0.16769999999999968
0.1683000000000005
0.16680000000000025
0.16539999999999985
0.16390000000000016
0.16299999999999895
0.1625
0.1609000000000002
0.1591000000000006
0.15879999999999983
0.1571000000000003
0.15479999999999994
0.15269999999999975
0.15120000000000014
0.15070000000000017
0.14909999999999998
0.1468000000000003
0.14749999999999994
0.14739999999999975
0.1443
0.14239999999999972
0.14100000000000104
0.1405000000000005
0.14080000000000004
0.13839999999999916
0.13729999999999923
0.1377
0.13620000000000065
0.1371999999999997
0.14450000000000035
0.15050000000000013
0.15529999999999997
0.16110000000000066
0.16740000000000005
0.17620000000000022
0.1834
0.18989999999999996
0.19869999999999977
0.20490000000000036
0.2106
0.21739999999999987
0.2235
0.22989999999999985
0.23740000000000006
0.2445
0.24989999999999923
0.25779999999999903
0.2648999999999989
0.26940000000000025
0.277000000000001
0.28290000000000093
0.2889999999999987
0.29269999999999957
0.2977999999999991
0.3045000000000001
0.3116999999999994
0.3172999999999994
0.31979999999999964
0.32860000000000095
0.33089999999999997
0.3366000000000004
0.34060000000000057
0.3452000000000005
0.34929999999999933
0.3531999999999993
0.3586
0.3614000000000004
0.36470000000000086
0.36980000000000146
0.3758000000000005
0.3792
0.3827999999999998
0.3886999999999995
0.3927999999999995
0.3999
0.40509999999999985
0.40739999999999926
0.40990000000000043
0.4146999999999996
0.4198
0.4227000000000013
0.4266000000000002
0.42950000000000044
0.4329000000000002
0.4382000000000001
0.4413
0.44719999999999965
0.4501
0.4564999999999998
0.4603000000000001
0.46219999999999983
0.4630000000000002
0.4659000000000002
0.47119999999999973
0.4758
0.4791
0.481
0.4815
0.4814
0.482
0.4844
