5.0
5.0
4.949600000000001
4.8992999999999824
4.849500000000012
4.800699999999988
4.748599999999976
4.704999999999989
4.655899999999998
4.61120000000002
4.5674000000000055
4.523199999999998
4.478300000000006
4.436400000000002
4.386100000000027
4.337499999999982
4.287299999999995
4.242000000000001
4.199799999999986
4.153199999999991
4.1090000000000035
4.066599999999997
4.022899999999989
3.9857
3.9464000000000006
3.9037999999999986
3.8604000000000016
3.8282
3.7885999999999984
3.752100000000001
3.7162999999999995
3.6760999999999973
3.6375000000000015
3.5942000000000016
3.5542
3.5142999999999978
3.4766
3.4434999999999985
3.4121
3.3733
3.3412999999999897
3.2993000000000015
3.2668999999999957
3.234700000000003
3.203700000000001
3.171600000000009
3.138000000000003
3.111299999999997
3.0838999999999976
3.053500000000007
3.0333000000000023
3.0032000000000045
2.9720999999999975
2.9498000000000113
2.941599999999996
2.935599999999998
2.9245000000000023
2.917000000000009
2.907799999999994
2.9023999999999885
2.8917000000000024
2.8808000000000096
2.8704999999999976
2.8616999999999924
2.8555000000000064
2.8492000000000055
2.843999999999994
2.8332000000000024
2.8207999999999998
2.807699999999998
2.7956999999999956
2.7879999999999936
2.7793000000000045
2.767400000000001
2.757600000000004
2.7476999999999996
2.7371000000000083
2.728300000000002
2.7198999999999978
2.7064999999999984
2.6948999999999974
2.6863999999999995
2.6753000000000036
2.667799999999992
2.6598999999999933
2.6535999999999986
2.6436
2.632700000000008
2.630100000000004
2.6201999999999974
2.6115000000000013
2.6047000000000113
2.597600000000004
2.5919000000000034
2.584500000000008
2.579300000000006
2.5774999999999886
2.5732999999999953
2.5649999999999986
2.5607999999999946
2.5525000000000144
2.545799999999997
2.539100000000001
2.5329999999999995
2.5261999999999944
2.521700000000005
2.517800000000008
2.512800000000005
2.5084000000000044
2.502999999999998
2.493899999999995
2.487399999999997
2.4842999999999913
2.4812000000000016
2.4755000000000065
2.4704000000000064
2.4642000000000155
2.453200000000008
2.447600000000002
2.4398000000000133
2.4339999999999944
2.427900000000012
2.4226000000000028
2.4169999999999994
2.4101000000000052
2.403899999999995
2.4000000000000092
2.3898999999999946
2.376500000000001
2.3619000000000114
2.352499999999995
2.3455999999999935
2.3265999999999942
2.313200000000004
2.2997000000000094
2.2852999999999914
2.268700000000001
2.261299999999991
2.2439999999999922
2.2339000000000016
2.2207000000000074
2.2083000000000017
2.196599999999996
2.185800000000004
2.176700000000004
2.1647999999999983
2.1566999999999927
2.1524999999999883
2.1418999999999966
2.1292000000000004
2.1136999999999975
2.0993999999999944
2.0880000000000067
2.077100000000012
2.0682000000000103
2.055599999999994
2.0460999999999965
2.0407999999999946
2.0348000000000064
2.0259000000000023
2.0132000000000003
2.0002000000000053
1.9964999999999988
1.9820000000000007
1.9749000000000019
1.9646
1.9549
1.9482000000000008
1.9394
1.9333
1.9208
1.9093
1.9028
1.8968000000000003
1.8881000000000008
1.8811
1.874999999999999
1.8676999999999997
1.8568
1.85
1.8446
1.8373999999999993
1.8261000000000014
1.819599999999999
1.8105
1.8049999999999993
1.797100000000002
1.7906999999999966
1.7846999999999988
1.7735
1.7665000000000006
1.7600000000000016
1.751699999999999
1.7393000000000023
1.7350999999999992
1.7303000000000033
1.7226999999999986
1.7150999999999992
1.7066999999999992
1.7004999999999986
