6.0
6.0
5.964099999999996
5.9282999999999895
5.894699999999997
5.8605999999999865
5.8256999999999985
5.792099999999992
5.756200000000004
5.724099999999979
5.688900000000017
5.656499999999992
5.623799999999995
5.587800000000006
5.55389999999999
5.519599999999975
5.487000000000005
5.454700000000001
5.420900000000003
5.3873000000000015
5.355899999999999
5.322200000000002
5.289399999999979
5.26140000000002
5.2313999999999945
5.198999999999995
5.169099999999997
5.1378
5.107299999999987
5.0791999999999975
5.049599999999994
5.016200000000008
4.988000000000022
4.957699999999995
4.9245000000000205
4.899300000000002
4.86960000000001
4.838600000000004
4.809900000000001
4.780400000000003
4.752400000000007
4.72779999999999
4.700499999999994
4.6742
4.644199999999997
4.618100000000013
4.5864999999999885
4.555500000000016
4.524699999999985
4.49399999999999
4.465400000000001
4.437200000000011
4.406700000000016
4.381099999999998
4.370299999999997
4.36759999999998
4.364599999999974
4.362299999999992
4.359200000000008
4.358199999999986
4.356600000000012
4.355600000000027
4.353800000000011
4.354199999999992
4.356800000000002
4.356599999999993
4.355999999999985
4.355200000000003
4.35269999999999
4.350900000000003
4.352700000000018
4.3538999999999835
4.354999999999981
4.356899999999983
4.360400000000011
4.3585000000000385
4.3597999999999795
4.358300000000023
4.360900000000003
4.363400000000007
4.364599999999989
4.365900000000032
4.3678999999999775
4.3717
4.372899999999973
4.374799999999985
4.3750000000000195
4.37689999999999
4.377600000000013
4.379699999999979
4.383700000000031
4.385500000000021
4.388499999999984
4.3908999999999665
4.393499999999999
4.397700000000012
4.401199999999962
4.40459999999999
4.407599999999985
4.408799999999987
4.412700000000018
4.412800000000013
4.415399999999986
4.420500000000003
4.421700000000004
4.424599999999979
4.427800000000004
4.431199999999988
4.434800000000039
4.4354000000000156
4.441600000000001
4.445800000000007
4.449799999999987
4.454099999999981
4.4571
4.459600000000002
4.463199999999999
4.466999999999995
4.470900000000045
4.4728000000000145
4.47650000000003
4.480200000000009
4.482999999999984
4.486199999999971
4.490400000000029
4.495399999999985
4.497899999999996
4.498599999999994
4.495000000000015
4.485899999999989
4.472800000000012
4.464000000000008
4.45560000000002
4.448400000000004
4.435599999999982
4.424299999999987
4.410700000000006
4.401900000000018
4.390499999999997
4.376799999999985
4.365099999999978
4.349300000000021
4.333399999999992
4.314699999999976
4.303200000000021
4.290199999999999
4.276999999999968
4.262500000000012
4.249500000000002
4.2329000000000105
4.217200000000029
4.204000000000003
4.1909999999999865
4.176100000000001
4.160400000000009
4.143300000000027
4.127100000000007
4.111799999999959
4.095599999999974
4.080700000000014
4.065600000000009
4.048399999999972
4.034
4.0164000000000035
4.001199999999966
3.9832999999999994
3.970599999999997
3.9524
3.9345
3.9172
3.8974
3.8801
3.8644
3.8481
3.8324
3.8173
3.7992999999999983
3.782
3.7673000000000014
3.7517999999999985
3.7353000000000023
3.7170000000000005
3.7007999999999988
3.6857999999999986
3.6672999999999987
3.6495000000000006
3.6352
3.6162
3.602800000000004
3.5832999999999995
3.5682
3.5517
3.5321000000000042
3.5154
3.4938999999999942
3.4743999999999944
3.4588000000000014
3.442999999999999
3.4241000000000015
3.406000000000006
