3.0
3.0
1.4439000000000026
0.5632000000000006
0.21849999999999986
0.10390000000000005
0.06740000000000004
0.05960000000000005
0.05000000000000004
0.04989999999999999
0.0519
0.04869999999999998
0.046600000000000044
0.05110000000000007
0.04480000000000006
0.044600000000000105
0.0422999999999999
0.04249999999999996
0.04509999999999998
0.0459000000000001
0.04360000000000001
0.04729999999999999
0.04070000000000004
0.04100000000000008
0.043500000000000004
0.042199999999999946
0.04309999999999996
0.04220000000000013
0.04520000000000007
0.044299999999999985
0.04440000000000013
0.04099999999999998
0.039800000000000044
0.040400000000000054
0.04510000000000011
0.03970000000000015
0.03569999999999991
0.03850000000000002
0.039500000000000056
0.04070000000000008
0.03670000000000023
0.035900000000000036
0.039399999999999935
0.03989999999999986
0.039599999999999885
0.04089999999999984
0.04159999999999998
0.0381
0.03649999999999996
0.0383
0.04190000000000005
0.038300000000000216
0.040400000000000026
0.04050000000000008
0.04520000000000004
0.04619999999999999
0.04469999999999978
0.04820000000000007
0.0479000000000002
0.04600000000000004
0.04670000000000013
0.044700000000000156
0.04169999999999994
0.044399999999999946
0.043799999999999915
0.04340000000000006
0.043300000000000116
0.04049999999999987
0.04009999999999983
0.03860000000000004
0.03720000000000003
0.03749999999999983
0.03909999999999978
0.04380000000000001
0.04070000000000004
0.03840000000000001
0.03809999999999985
0.040799999999999906
0.0408
0.03930000000000002
0.03989999999999993
0.03930000000000013
0.03259999999999996
0.035700000000000114
0.036700000000000045
0.03860000000000023
0.038400000000000246
0.03850000000000012
0.03729999999999998
0.04080000000000013
0.03839999999999994
0.03629999999999979
0.034599999999999964
0.035899999999999856
0.03729999999999993
0.03700000000000006
0.03889999999999994
0.036899999999999815
0.03470000000000002
0.03430000000000005
0.03819999999999986
0.03660000000000002
0.037300000000000014
0.03560000000000008
0.036199999999999906
0.034599999999999964
0.03440000000000002
0.035900000000000126
0.03529999999999996
0.03309999999999991
0.0348
0.03169999999999988
0.03220000000000013
0.03160000000000003
0.03379999999999996
0.03299999999999991
0.0361
0.03780000000000023
0.03599999999999994
0.038600000000000204
0.03460000000000011
0.035600000000000145
0.0388000000000002
0.03930000000000006
0.035800000000000054
0.03180000000000009
0.03430000000000013
0.04030000000000023
0.043999999999999914
0.04380000000000011
0.04459999999999994
0.045200000000000136
0.04779999999999993
0.0469000000000001
0.048300000000000086
0.048300000000000065
0.04640000000000001
0.04879999999999999
0.042899999999999994
0.04609999999999998
0.04599999999999982
0.04909999999999992
0.04979999999999994
0.0491000000000001
0.047399999999999866
0.046999999999999924
0.048299999999999885
0.04940000000000002
0.048100000000000094
0.04929999999999997
0.05130000000000007
0.0456000000000001
0.044299999999999985
0.04510000000000005
0.04439999999999979
0.046699999999999936
0.04879999999999988
0.04710000000000002
0.04650000000000008
0.0472999999999998
0.0491000000000001
0.04889999999999997
0.047699999999999985
0.04960000000000005
0.045500000000000006
0.04779999999999991
0.048600000000000025
0.04760000000000007
0.044899999999999995
0.047200000000000034
0.04739999999999999
0.04650000000000009
0.0502000000000001
0.04880000000000019
0.04879999999999997
0.05070000000000004
0.04800000000000008
0.04939999999999986
0.0497999999999999
0.05020000000000004
0.04830000000000001
0.0481000000000001
0.04650000000000008
0.046300000000000015
0.04920000000000004
0.04619999999999999
0.04639999999999997
0.047199999999999916
0.04770000000000009
0.04710000000000002
0.0501
0.05059999999999992
0.04989999999999991
0.05400000000000005
0.05010000000000003
0.05019999999999999
0.04559999999999998
0.04969999999999986
0.05230000000000009
0.05089999999999997
