343.0
343.0
343.0114
343.2497
343.3662
343.5523
343.8217
344.559
345.2955
345.514
346.2938
346.9424
347.5652
348.1815
348.7655
349.5514
350.3444
351.3027
351.9287
353.5825
354.716
355.9577
357.0965
358.4187
359.6286
360.5801
361.778
363.3202
364.3392
366.0205
367.0626
368.3425
369.828
371.6404
372.8091
374.2696
376.3304
378.7743
380.15
382.0914
384.6169
387.0114
389.2655
391.047
393.3165
395.6504
397.8478
399.952
401.9545
403.386
405.3057
407.5248
409.9419
412.1513
414.7671
417.9629
421.4824
424.8005
428.3023
431.9205
435.261
438.2721
442.0897
445.4332
448.6043
452.0513
455.9403
460.0423
464.1458
468.1128
472.5132
476.9819
480.8208
485.2828
489.2253
493.2489
496.9369
501.2106
505.5863
509.7881
514.2966
518.6048
522.4461
526.7931
531.5423
536.5225
540.982
545.5541
550.5427
555.4046
559.9025
564.49
569.5311
574.3215
578.0946
582.6239
586.8312
591.4448
596.542
601.6384
606.4726
611.0901
615.9008
620.8868
625.9019
630.6969
635.6898
641.9172
646.6048
651.8061
657.5298
662.3308
667.8875
673.2636
678.6842
683.6208
689.6145
695.2803
701.2807
707.0381
712.5784
719.919
725.8274
732.9
739.686
745.3025
751.2248
757.3947
762.6067
768.6759
773.8611
780.416
785.2555
790.8907
796.1124
802.7402
808.1625
814.0546
818.8308
824.465
830.1712
835.9328
842.4258
849.0446
855.1175
861.6053
867.5454
872.992
879.4014
886.7215
892.8065
899.1002
904.8524
909.8764
916.6083
923.1223
930.0687
935.4946
942.4648
949.0478
956.5316
963.7049
969.3169
975.0816
982.1203
988.0115
995.4411
1002.2381
1009.4411
1016.4809
1023.4382
1031.4531
1038.1797
1045.722
1053.4146
1060.4092
1067.6277
1074.2941
1081.6117
1089.089
1094.8455
1102.6368
1108.9725
1115.1522
1122.822
1129.6144
1137.1961
1145.3914
1151.5871
1158.2133
1164.775
1170.9847
1178.8128
1186.5016
1193.7084
1200.8843
1206.5607
1215.2707
1224.0601
1232.4864
