4913.0
4913.0
4830.4891
4749.754
4665.8144
4583.6836
4505.6733
4423.8091
4352.6525
4279.7875
4208.9966
4135.5324
4062.5437
3990.1358
3919.1849
3854.6738
3788.9643
3722.25
3658.6913
3587.8251
3524.4937
3460.7188
3398.9617
3337.4284
3279.0851
3214.1416
3155.8326
3096.428
3037.8092
2977.599
2920.6649
2867.5809
2814.4354
2761.1274
2707.9134
2654.9893
2603.5868
2556.7881
2506.1925
2454.9632
2408.6478
2362.1153
2314.9449
2272.0654
2228.6275
2183.8083
2142.6272
2100.2826
2057.2226
2016.9979
1977.8378
1936.244
1897.5425
1860.5111
1823.5236
1785.5341
1751.0922
1712.6828
1678.7969
1645.1091
1610.5314
1573.982
1540.543
1508.9085
1476.197
1445.6485
1413.8355
1383.056
1353.0209
1324.3769
1295.1516
1268.1214
1238.7906
1212.4977
1184.7186
1158.4245
1131.9068
1105.5026
1080.6764
1056.2937
1031.5366
1006.6744
983.691
958.3969
934.8984
911.566
890.3808
869.4411
849.9485
830.7731
812.2283
793.6672
774.4917
756.4614
737.6878
720.5071
699.3537
681.7272
666.6771
649.4284
633.5366
617.7994
602.3957
586.8984
571.8548
556.6203
542.5551
528.5597
514.8767
500.5763
486.8259
473.7038
461.2398
449.7662
436.8573
424.3386
412.6469
401.988
390.6255
379.9253
368.6147
358.7735
349.3478
340.3116
331.0176
322.0586
313.2505
305.7749
300.2166
295.7818
291.5848
287.2443
282.6711
277.842
274.0995
270.3984
265.758
261.2879
257.3603
252.8978
249.1315
244.8698
240.9941
237.2515
233.675
230.2515
226.724
222.9396
219.1834
215.8746
212.1194
208.6776
205.7288
202.2001
198.5642
195.0763
191.8803
188.8734
185.9369
183.0273
180.0636
176.9893
174.0074
171.3132
168.2163
165.5335
162.9257
160.2851
157.8799
155.4819
153.1575
150.5447
148.1718
145.6912
143.0305
140.6116
138.0122
136.0725
133.5075
131.2494
129.4941
127.2548
124.7901
122.6023
120.8817
118.5747
116.8123
114.7663
112.6191
110.6607
108.4339
106.6922
104.6807
102.9801
100.7839
98.7266
97.3062
95.6573
93.9462
92.3622
