4913.0
4913.0
4851.6934
4789.0199
4723.9639
4661.5085
4599.7921
4540.1028
4480.0847
4416.9185
4360.0444
4301.9956
4242.4334
4185.4031
4127.2132
4062.3586
4003.7519
3944.7832
3881.925
3823.6738
3763.664
3705.62
3652.2262
3599.1591
3545.6735
3492.2089
3440.3058
3388.0568
3334.6597
3282.38
3233.1312
3184.5394
3130.9458
3083.2057
3028.7841
2978.8681
2929.0489
2879.2739
2829.7803
2782.5513
2736.0061
2687.4715
2642.9214
2598.0844
2553.4047
2508.9542
2461.8916
2418.2866
2374.9096
2334.7424
2294.0701
2252.2969
2209.9754
2173.8916
2150.7095
2131.6352
2109.6632
2090.6169
2073.3452
2056.6433
2038.4939
2020.7977
2001.916
1981.3402
1964.0104
1946.3581
1927.2284
1908.8741
1892.2949
1876.2808
1860.2794
1845.27
1827.6577
1813.1347
1798.2312
1782.2304
1766.1796
1751.6857
1735.9264
1721.0926
1708.0138
1692.9535
1679.4758
1665.3837
1649.948
1634.0663
1619.9121
1605.2071
1591.5576
1578.7826
1564.5281
1552.1724
1537.2901
1521.4936
1510.4326
1496.9566
1485.5553
1472.3611
1458.6568
1446.4103
1435.8964
1426.5745
1415.6618
1404.1336
1392.8
1379.8101
1369.0019
1357.728
1346.533
1334.9373
1325.0367
1313.8731
1303.4583
1292.8983
1283.2065
1272.834
1262.0733
1250.7792
1241.4033
1230.6428
1219.6834
1209.7724
1198.7166
1188.9119
1179.5811
1170.8628
1162.5264
1151.2756
1135.702
1122.0419
1105.8525
1088.0746
1075.0263
1059.956
1046.3712
1030.7634
1018.1536
1003.9736
988.55
974.0861
960.2959
948.1263
934.3073
919.7576
904.8536
892.7582
880.0588
868.2498
857.3192
844.3896
831.7592
820.0804
810.1898
799.9725
787.3774
776.1922
765.7762
754.8178
741.7661
730.5794
719.4049
709.5909
701.0251
689.8351
680.9978
672.9147
664.6363
653.9235
644.3741
635.9704
627.5263
618.0619
609.8864
600.174
591.3557
582.9351
574.6208
567.4226
558.1724
549.404
541.6772
534.0764
526.334
518.3414
509.8328
503.997
497.1336
489.2867
481.0773
473.5658
466.543
459.7899
452.3515
444.9948
438.8895
433.1265
426.2202
420.5568
414.5118
408.8884
