18.0
18.0
17.95330000000003
17.904599999999977
17.86029999999998
17.815899999999896
17.76790000000003
17.723000000000017
17.6795
17.636699999999962
17.591600000000025
17.54649999999995
17.500800000000098
17.457999999999988
17.413799999999878
17.37110000000007
17.326100000000018
17.281500000000086
17.241299999999963
17.19940000000007
17.151199999999992
17.111399999999946
17.067399999999925
17.01970000000004
16.97089999999999
16.92690000000006
16.883900000000036
16.83780000000007
16.792499999999933
16.74809999999998
16.705799999999975
16.665300000000016
16.628300000000056
16.584000000000128
16.541399999999882
16.500199999999992
16.456800000000054
16.411599999999975
16.367399999999943
16.32680000000005
16.283399999999922
16.23919999999999
16.201099999999897
16.156600000000015
16.11420000000003
16.070399999999946
16.028900000000203
15.990700000000027
15.946400000000002
15.9088
15.8651
15.8251
15.7811
15.7372
15.679
15.618699999999992
15.5531
15.489399999999996
15.4224
15.365
15.3037
15.240800000000009
15.184
15.123700000000007
15.068499999999991
15.0089
14.9485
14.890899999999995
14.832200000000006
14.768300000000005
14.7101
14.6522
14.594199999999988
14.538699999999993
14.480400000000012
14.422699999999988
14.366900000000006
14.305199999999974
14.245600000000008
14.1877
14.131799999999979
14.070900000000012
14.009800000000006
13.954299999999982
13.889899999999997
13.833500000000006
13.776299999999994
13.721600000000018
13.664800000000046
13.603799999999998
13.545600000000011
13.491300000000024
13.43719999999998
13.388800000000009
13.3355
13.27940000000003
13.225300000000002
13.167499999999993
13.110700000000008
13.053099999999992
12.99629999999997
12.943199999999988
12.889599999999973
12.838799999999992
12.784400000000002
12.728100000000005
12.671699999999971
12.622699999999973
12.564199999999975
12.509899999999968
12.451399999999964
12.393199999999984
12.337600000000018
12.280599999999994
12.225999999999992
12.168699999999996
12.112199999999982
12.061599999999986
12.005800000000004
11.95190000000001
11.900599999999988
11.849499999999953
11.788499999999996
11.734400000000004
11.679300000000005
11.625299999999983
11.57280000000002
11.5294
11.48650000000004
11.444999999999967
11.398099999999978
11.35979999999996
11.312999999999969
11.266600000000002
11.223299999999997
11.185600000000008
11.14670000000001
11.110700000000026
11.069099999999981
11.033100000000047
10.99259999999998
10.954899999999956
10.915099999999992
10.871599999999981
10.832100000000008
10.787600000000008
10.744499999999999
10.704899999999993
10.664000000000023
10.62930000000001
10.58739999999997
10.545699999999995
10.507900000000006
10.464899999999972
10.421900000000022
10.377400000000007
10.336999999999938
10.296600000000037
10.2558
10.213399999999984
10.1786
10.139400000000029
10.093800000000037
10.048200000000032
10.01190000000001
9.968800000000007
9.92719999999998
9.883900000000045
9.840600000000029
9.802100000000063
9.762200000000002
9.717999999999986
9.675099999999969
9.631699999999988
9.590200000000005
9.546399999999988
9.51279999999999
9.471899999999973
9.428899999999974
9.385499999999999
9.346799999999975
9.308499999999995
9.269300000000017
9.230600000000017
9.18999999999999
9.14990000000001
9.107800000000008
9.068399999999954
9.021999999999986
8.978099999999985
8.937600000000018
8.89680000000001
8.857899999999983
8.81710000000005
8.776700000000005
8.73539999999996
8.69240000000004
8.650000000000015
8.612100000000021
8.574800000000025
