0.0
0.0
2.0E-4
5.0E-4
0.001
0.0016
0.002
0.0027
0.0031
0.0034
0.0043
0.0049
0.0054
0.0059
0.0066
0.0073
0.0086
0.0097
0.0108
0.0119
0.0129
0.0138
0.015
0.0161
0.017
0.0184
0.0195
0.02
0.0211
0.0232
0.024
0.0251
0.0275
0.0293
0.0306
0.0321
0.033
0.0342
0.0353
0.038
0.0385
0.0409
0.0426
0.0434
0.044
0.0445
0.0463
0.0483
0.0497
0.0508
0.0523
0.0533
0.0544
0.0566
0.0583
0.06
0.0645
0.0682
0.0699
0.0706
0.0724
0.0747
0.0776
0.0808
0.0833
0.0858
0.09
0.0949
0.099
0.1039
0.1076
0.111
0.1142
0.1169
0.1228
0.1257
0.1296
0.1322
0.1359
0.1398
0.1432
0.1454
0.1484
0.1554
0.1601
0.1667
0.172
0.1753
0.1788
0.1822
0.1874
0.1945
0.2006
0.2063
0.2138
0.2225
0.2301
0.2381
0.2403
0.2501
0.2618
0.268
0.2722
0.2783
0.2882
0.2966
0.3021
0.3124
0.3184
0.3294
0.3397
0.3493
0.3592
0.3727
0.3796
0.3894
0.3987
0.412
0.4245
0.4322
0.4413
0.4536
0.4643
0.4731
0.4826
0.4926
0.5039
0.5107
0.523
0.5311
0.5428
0.553
0.5744
0.5849
0.6008
0.6119
0.6276
0.6374
0.6475
0.6616
0.6734
0.6865
0.6998
0.7115
0.7269
0.743
0.7552
0.7732
0.7873
0.8082
0.8224
0.8421
0.8629
0.879
0.8945
0.9051
0.9253
0.9392
0.9618
0.9748
0.9954
1.0063
1.0151
1.0331
1.0426
1.0552
1.0728
1.0913
1.1016
1.1216
1.1372
1.1531
1.1653
1.1809
1.1994
1.2138
1.2364
1.253
1.2687
1.2748
1.2948
1.3186
1.3343
1.3565
1.3776
1.3963
1.412
1.4364
1.471
1.4887
1.5037
1.5169
1.5287
1.5408
1.5663
1.5827
1.6047
1.6191
1.6372
1.6557
