49.0
49.0
49.7031
50.3912
51.0777
51.7195
52.3982
53.129
53.74
54.4167
55.094
55.7472
56.4256
57.0704
57.7747
58.448
59.127
59.7798
60.4419
61.0742
61.751
62.4035
63.0668
63.7157
64.3494
65.0423
65.6937
66.255
66.8797
67.4918
68.1365
68.8165
69.4517
70.1047
70.7698
71.4822
72.1347
72.8274
73.5039
74.1085
74.7302
75.3547
75.9863
76.6012
77.2683
77.9065
78.5312
79.1359
79.7447
80.3239
80.9602
81.5621
82.1975
82.8474
83.4048
84.0527
84.5993
85.1917
85.7824
86.349
86.9983
87.571
88.117
88.6572
89.2035
89.794
90.3321
90.8907
91.4453
91.9955
92.5177
93.0326
93.6018
94.1997
94.6874
95.2138
95.7828
96.3813
96.9276
97.4075
97.9596
98.5258
99.0855
99.6394
100.1832
100.7413
101.3385
101.9208
102.4685
103.0291
103.5509
104.0112
104.5545
105.0405
105.5818
106.0671
106.5428
107.1021
107.6177
108.0744
108.5981
109.0607
109.5542
110.1127
110.634
111.105
111.6096
112.1658
112.7107
113.2583
113.8442
114.3532
114.875
115.4442
115.9845
116.5522
117.0792
117.6382
118.2007
118.7677
119.2582
119.7949
120.2693
120.8166
121.3733
121.9484
122.4288
123.0279
123.5931
124.189
124.8637
125.4775
126.1385
126.7364
127.4295
128.058
128.6973
129.3308
129.9065
130.5605
131.276
131.9821
132.6442
133.2488
133.8765
134.503
135.1774
135.8416
136.471
137.1716
137.8493
138.4641
139.201
139.8432
140.4439
141.1431
141.7302
142.3802
143.1203
143.813
144.4248
145.0472
145.7008
146.3748
147.1209
147.8487
148.519
149.1945
149.8466
150.5551
151.2969
152.0535
152.7248
153.4751
154.1705
154.8599
155.5226
156.1767
156.8603
157.6469
158.3939
159.0986
159.8064
160.5724
161.3357
162.0543
162.7749
163.4648
164.1996
164.9632
165.6738
166.45
167.0958
167.7759
168.5302
169.3108
170.0354
170.7536
171.4633
172.1874
