36.0
36.0
35.6891
35.326
34.9851
34.6966
34.3418
34.0376
33.7569
33.5115
33.2807
32.9809
32.7426
32.4848
32.2393
31.9517
31.6796
31.3749
31.125
30.9343
30.6712
30.4263
30.2325
30.0101
29.7951
29.6004
29.3895
29.2239
29.0353
28.8563
28.6746
28.4684
28.2565
28.071
27.9233
27.7466
27.5548
27.3823
27.2352
27.1263
26.9429
26.7477
26.5795
26.455
26.3573
26.2163
26.04
25.9068
25.7931
25.6192
25.4771
25.2932
25.1672
25.0611
25.0669
25.1194
25.1672
25.2428
25.2935
25.3616
25.4706
25.5279
25.6207
25.6777
25.7482
25.8263
25.9419
26.0021
26.1045
26.2014
26.3205
26.4214
26.5443
26.6371
26.715
26.8086
26.9378
27.0779
27.2246
27.3572
27.4954
27.6328
27.8056
27.9209
28.0653
28.2089
28.3321
28.4656
28.6095
28.6884
28.8349
29.0008
29.1085
29.2657
29.4051
29.5291
29.6918
29.8434
30.0169
30.1928
30.3853
30.5434
30.7213
30.8996
31.0736
31.2333
31.4147
31.5444
31.7103
31.8914
32.0645
32.2483
32.4439
32.5782
32.7649
32.9725
33.1588
33.3401
33.4942
33.7263
33.9148
34.0865
34.3275
34.5015
34.6705
34.8701
35.0682
35.2269
35.4228
35.6309
35.8426
36.0825
36.3612
36.6108
36.8665
37.13
37.4094
37.7131
38.0697
38.3303
38.6614
39.0243
39.3622
39.705
40.0453
40.4075
40.8242
41.2464
41.5926
41.9267
42.2706
42.6092
42.9912
43.3627
43.7478
44.1257
44.4523
44.8668
45.2386
45.6265
46.0239
46.4494
46.8156
47.254
47.7177
48.1878
48.5411
49.01
49.4886
49.9542
50.4551
50.9443
51.4162
51.8606
52.2712
52.6692
53.1209
53.5667
54.083
54.6106
55.0724
55.6393
56.159
56.6944
57.2386
57.707
58.2191
58.7692
59.2284
59.6844
60.2456
60.7498
61.3104
61.8332
62.3825
62.8519
63.3655
63.922
64.487
65.0515
