0.0
0.0
1.9999999999999893E-4
4.999999999999958E-4
0.0010000000000000015
0.0016000000000000007
0.002000000000000007
0.0026999999999999962
0.003099999999999999
0.0033999999999999985
0.004299999999999999
0.004900000000000023
0.005399999999999983
0.005900000000000004
0.006599999999999973
0.007299999999999998
0.008600000000000045
0.00970000000000001
0.010800000000000018
0.01189999999999996
0.012900000000000017
0.013800000000000005
0.015
0.01609999999999993
0.017000000000000026
0.01840000000000009
0.019499999999999986
0.01999999999999999
0.021099999999999924
0.022000000000000023
0.022199999999999994
0.023300000000000022
0.025099999999999976
0.026299999999999914
0.02760000000000006
0.0291
0.030000000000000006
0.031200000000000068
0.03229999999999994
0.03380000000000022
0.034300000000000115
0.03550000000000003
0.03659999999999986
0.03739999999999984
0.038000000000000055
0.0391
0.0403000000000002
0.04170000000000014
0.04310000000000011
0.0442000000000001
0.04569999999999999
0.04670000000000009
0.047200000000000096
0.04879999999999999
0.050500000000000184
0.05160000000000009
0.05310000000000002
0.055600000000000115
0.057300000000000025
0.057999999999999975
0.05980000000000002
0.0609
0.06319999999999999
0.06519999999999995
0.06710000000000002
0.06900000000000008
0.07079999999999981
0.07329999999999989
0.07560000000000013
0.07809999999999959
0.08119999999999986
0.08399999999999999
0.08660000000000008
0.08870000000000007
0.09160000000000008
0.09390000000000005
0.0972000000000003
0.09979999999999992
0.10229999999999989
0.105
0.1078
0.11000000000000018
0.11239999999999989
0.1158
0.11869999999999996
0.12170000000000007
0.12460000000000004
0.12730000000000027
0.1296
0.1324000000000007
0.13579999999999945
0.13989999999999933
0.14299999999999966
0.14569999999999983
0.14899999999999972
0.15170000000000056
0.15510000000000002
0.15889999999999996
0.16110000000000047
0.1655000000000001
0.16879999999999967
0.17140000000000005
0.17439999999999983
0.17750000000000024
0.18139999999999942
0.18559999999999963
0.1893000000000002
0.1923999999999999
0.19540000000000005
0.19979999999999964
0.2034999999999997
0.20710000000000064
0.21039999999999992
0.21490000000000015
0.2187999999999999
0.22319999999999987
0.2270999999999999
0.23080000000000014
0.2355
0.2396
0.2439
0.24959999999999935
0.2525000000000027
0.25710000000000294
0.2606000000000011
0.2646000000000008
0.2681000000000002
0.27189999999999914
0.27579999999999966
0.2784999999999999
0.2817999999999989
0.2854000000000001
0.28939999999999966
0.29390000000000055
0.2989999999999986
0.30410000000000026
0.3095999999999997
0.3134000000000005
0.3168999999999992
0.3208000000000001
0.32480000000000037
0.3282999999999998
0.33199999999999974
0.33590000000000014
0.33870000000000006
0.34400000000000064
0.3471999999999996
0.35139999999999993
0.35590000000000116
0.3618
0.3663999999999996
0.37109999999999943
0.37629999999999997
0.38099999999999984
0.3838999999999996
0.38669999999999977
0.3912999999999989
0.3961999999999999
0.4002000000000004
0.4035999999999995
0.4074000000000003
0.4104999999999992
0.41329999999999956
0.4162999999999991
0.42040000000000016
0.4239999999999998
0.4283999999999996
0.4319
0.4350000000000004
0.4400000000000001
0.4436
0.4475
0.45009999999999983
0.4537000000000007
0.4578000000000004
0.4613999999999999
0.4653999999999995
0.47000000000000036
0.4736999999999999
0.4761999999999999
0.4805999999999998
0.4845999999999998
0.4877
0.4906999999999998
0.4938000000000002
0.4974999999999997
0.500599999999998
0.504
0.5092000000000008
0.5155000000000017
0.5179000000000005
0.5196999999999977
0.5224999999999984
0.5238000000000007
0.528299999999999
0.5303000000000003
0.533699999999999
0.5366999999999968
0.5397999999999995
0.5426999999999991
