64.0
64.0
68.608
73.9977
79.1426
84.3256
89.6694
95.3033
100.7333
106.3662
111.9707
118.0294
123.9979
129.5811
136.5441
142.0056
148.1914
154.3921
160.8712
166.8396
173.45
179.7963
186.8737
194.0231
201.1107
207.7702
215.1541
222.2599
229.1845
237.5073
244.8865
251.2041
258.0718
265.4721
273.8996
281.3832
289.4293
298.2275
305.1718
313.5691
321.6172
331.1967
340.66
349.0832
357.8806
365.8636
374.8759
384.495
393.0893
402.1264
411.9949
421.0437
430.735
440.1444
448.9678
457.8715
468.481
476.8124
485.1928
495.6626
505.9991
516.8728
527.6463
536.8946
548.1603
560.111
570.6526
582.7455
595.3957
608.7882
623.2638
636.7806
652.8621
667.3893
682.2722
697.1464
711.003
726.6284
743.5933
758.5252
774.3867
791.4203
809.8646
827.9072
844.9838
861.7145
881.5461
901.6268
920.2931
939.5666
956.5905
978.1426
997.5156
1017.9992
1038.1874
1060.6572
1083.0783
1105.9464
1129.1533
1152.7709
1176.3923
1201.7708
1227.6532
1252.3092
1276.5641
1300.4434
1324.6007
1351.8165
1379.4583
1403.5343
1432.7468
1460.2731
1491.8803
1519.1599
1547.7619
1578.2464
1607.716
1636.2155
1667.2637
1696.9362
1730.1361
1758.7363
1790.6864
1826.5701
1859.8678
1892.4759
1924.4772
1957.6031
1986.6806
2012.8696
2034.3232
2061.3767
2090.0072
2118.0281
2148.7445
2177.7027
2206.4829
2231.0663
2255.8128
2280.4451
2306.6028
2329.496
2353.6304
2378.7501
2399.5443
2426.025
2449.7421
2470.2049
2491.8264
2511.9149
2533.7794
2558.0414
2577.6499
2600.281
2621.8038
2644.7086
2666.8815
2685.8851
2704.8997
2726.832
2751.6525
2770.4939
2791.9779
2814.0983
2830.5267
2852.557
2868.5662
2891.5902
2908.2588
2930.0999
2949.7622
2968.8081
2984.8263
3001.974
3021.899
3039.9896
3059.3907
3080.7391
3097.2059
3116.4121
3134.1295
3155.8225
3176.8239
3194.9314
3217.5715
3234.388
3253.2247
3272.4543
3292.7686
3306.5265
3320.3959
3336.7172
3350.5514
3370.3117
3386.9703
3404.7979
3421.8224
3440.8769
3457.0227
3476.1123
