225.0
225.0
225.4117
225.9158
226.359
226.83
227.3988
227.9198
228.4941
228.8579
229.4334
229.8081
230.3914
230.8791
231.6064
232.1436
232.7146
233.256
233.9469
234.6203
235.0444
235.6056
236.1771
236.6981
237.2284
237.669
238.3202
238.8507
239.429
239.9744
240.3853
240.995
241.4327
241.8416
242.3938
242.9418
243.4867
243.8614
244.4156
244.7715
245.1823
245.7357
246.0636
246.5382
246.955
247.4912
247.8444
248.2524
248.7512
249.3144
249.8605
250.1881
250.623
251.0516
251.5364
251.9576
252.4368
252.8971
253.3715
253.7413
254.1627
254.6088
255.0016
255.4159
255.7153
256.1281
256.4197
256.7118
256.931
257.2238
257.5129
257.8274
258.0239
258.3496
258.5966
258.8283
259.0713
259.2153
259.4903
259.7615
260.1203
260.3588
260.5941
260.8049
261.0878
261.1954
261.4953
261.6348
261.7884
262.0323
262.1363
262.4315
262.6668
262.8101
263.1054
263.1989
263.5243
263.7346
263.9233
264.0072
264.1163
264.3461
264.3367
264.5186
264.6856
264.7801
264.8068
264.8197
264.9423
265.1643
265.4004
265.5538
265.6496
265.9021
266.1433
266.3926
266.5311
266.6492
266.7385
266.839
267.008
267.1867
267.2352
267.335
267.4547
267.6765
267.8431
267.7736
267.2626
266.8679
266.416
266.0918
265.6049
265.0134
264.5013
263.9239
263.5522
263.1749
262.7253
262.3949
262.0417
261.5922
261.1831
260.7269
260.2473
259.7999
259.448
258.9943
258.6265
258.3165
257.8445
257.4062
257.0134
256.5869
256.2455
255.864
255.4094
255.1511
254.7489
254.5949
254.0895
253.6713
253.2755
252.9285
252.4601
252.1157
251.7819
251.3301
250.937
250.5091
250.1147
249.7644
249.3979
248.9114
248.6712
248.3612
247.7704
247.4565
246.999
246.7051
246.4394
246.0159
245.5514
245.1791
244.8229
244.4916
244.0862
243.6902
243.2699
242.9192
242.5179
242.1707
241.9295
241.6561
241.3434
241.1027
240.8626
240.3894
239.9297
239.5761
