343.0
343.0
350.9511
358.7362
366.5975
373.9381
381.7662
390.1792
397.2426
405.1415
413.0536
420.7138
428.7144
436.37
444.7505
452.8024
460.941
468.757
476.7491
484.4468
492.6974
500.7779
509.0006
517.0741
524.9732
533.6079
541.8149
548.9034
556.8241
564.6072
572.8355
581.6455
589.8345
598.3081
606.982
616.2504
624.7741
633.9464
642.9401
650.9697
659.251
667.5493
676.1149
684.4378
693.5069
702.1945
710.739
718.9723
727.3711
735.4601
744.2808
752.8271
761.7577
770.853
778.6832
787.9601
795.8119
804.3255
812.7498
820.9056
830.2483
838.492
846.3784
854.2618
862.2523
871.0228
878.9299
887.1817
895.4403
903.6811
911.4527
919.0788
927.5852
936.5765
943.9104
951.8618
960.4956
969.7741
978.1276
985.4589
993.9852
1002.782
1011.5435
1020.122
1028.5314
1037.3795
1046.8127
1055.9502
1064.7321
1073.7605
1082.0757
1089.346
1098.0121
1105.7795
1114.489
1122.3431
1130.0234
1138.9499
1147.2801
1154.7158
1163.0719
1170.6313
1178.6178
1187.7035
1196.2688
1204.0994
1212.4944
1221.763
1230.8073
1239.9715
1249.95
1258.3866
1267.3552
1277.063
1286.1715
1295.6822
1304.6532
1314.123
1323.8427
1333.5005
1342.0074
1351.1347
1359.2319
1368.5948
1378.0111
1387.936
1396.2708
1406.6819
1416.6077
1426.9976
1438.8865
1449.7077
1461.3057
1471.8634
1484.1129
1495.249
1506.6123
1517.9398
1528.2101
1539.8667
1552.8252
1565.6099
1577.5528
1588.6212
1600.1841
1611.678
1624.147
1636.4882
1647.9542
1660.936
1673.3651
1684.7701
1698.3792
1710.0534
1721.1255
1734.2695
1745.3136
1757.6386
1771.5887
1784.4974
1795.8926
1807.8682
1820.3768
1833.0014
1847.2519
1861.1315
1874.118
1887.0355
1899.3678
1913.0369
1927.1589
1941.9683
1955.0986
1969.8099
1983.3385
1996.9049
2009.8716
2022.8215
2036.2773
2051.8537
2066.5757
2080.5266
2094.5694
2109.8724
2125.2069
2139.6057
2153.8381
2167.3662
2182.3412
2197.883
2212.326
2228.0166
2241.0294
2254.5233
2270.053
2285.9128
2300.5108
2315.3694
2329.8681
2344.4654
