2197.0
2197.0
2174.8149
2154.0337
2130.6762
2106.2753
2081.7184
2060.2036
2034.3921
2012.5593
1989.9944
1966.0482
1939.7767
1915.458
1887.0064
1862.607
1838.5134
1812.5187
1787.6678
1761.652
1734.9492
1713.4083
1688.1484
1662.513
1635.0602
1612.6728
1586.6631
1560.6796
1534.1714
1511.0966
1486.5902
1464.6679
1442.0945
1419.4299
1394.9365
1371.0727
1348.6002
1324.4386
1302.4526
1282.5066
1261.5558
1240.7475
1218.7848
1198.3438
1178.6193
1157.2391
1136.2408
1116.0474
1097.846
1078.8604
1058.6603
1039.4626
1020.2707
1002.3724
991.1857
982.3812
974.2896
965.0919
956.3461
947.6913
937.3397
926.73
917.3737
907.4171
897.7988
887.7558
878.2251
867.9869
857.1821
847.5153
839.3766
827.5591
817.9657
808.7646
799.7204
790.4731
781.5072
771.1449
761.2908
751.2521
741.7147
732.2612
723.0817
713.5083
704.9297
693.9196
684.9709
675.6828
666.7138
656.7758
648.5574
639.8381
630.9443
622.3627
614.5364
605.7059
596.8813
588.0147
579.3471
570.891
562.7793
554.1171
545.6375
536.4437
528.9986
520.9832
512.4317
504.768
496.9459
489.2604
482.8927
475.582
468.1931
461.2957
454.5933
448.0346
440.3928
433.6276
427.2882
420.951
413.9465
408.0013
401.4667
394.9717
389.047
383.7123
378.1942
372.8098
368.7957
364.9969
361.7485
358.1294
354.4879
351.4236
348.7661
346.233
343.4185
339.9787
337.3955
334.2047
332.3429
329.4782
326.3726
323.1306
320.5155
318.2893
315.743
312.8299
310.5305
307.9717
305.8989
303.3261
300.2742
297.633
294.5715
291.9216
289.7125
286.9734
284.7176
282.7749
280.0952
277.7948
275.8582
273.5081
271.2198
268.9075
267.0458
264.7597
262.6925
260.5617
258.5278
256.5124
254.4874
252.513
250.1858
248.1936
246.0512
243.9686
242.053
240.2956
238.2236
236.5141
234.9488
233.2512
231.7383
230.204
228.3574
226.5262
225.4986
223.7684
222.0391
220.1774
218.3083
216.7367
215.4913
213.6841
211.9204
210.0919
208.6098
206.9559
