529.0
529.0
526.8901
524.994
523.0788
521.1394
519.2929
517.4667
515.8233
514.0812
512.4967
510.691
509.0959
507.4277
505.9299
504.5144
502.9389
501.375
499.8322
498.3604
496.8175
495.3521
494.0764
492.5089
491.1593
489.8386
488.5751
487.2034
485.6734
484.3514
483.0084
481.6562
480.4217
479.1318
477.9708
476.637
475.3489
474.1995
472.9032
471.5333
470.182
469.0004
467.7991
466.4367
465.2283
463.9779
462.6942
461.3546
460.1444
458.7657
457.4433
456.3206
455.1265
453.9846
452.9893
452.1479
451.2228
450.3089
449.2636
448.2012
447.249
446.3075
445.2913
444.2221
443.2607
442.2894
441.5209
440.5087
439.6106
438.4792
437.4373
436.6071
435.7619
434.9055
433.9886
433.1123
432.4105
431.6272
430.6807
429.6125
428.7839
427.892
427.037
426.2213
425.0681
424.2355
423.1613
422.2775
421.4302
420.4353
419.3464
418.6959
417.8552
416.9096
415.9696
415.0908
414.4037
413.3989
412.5008
411.5759
410.6171
409.6498
408.693
407.7939
406.9878
406.1332
405.2862
404.4431
403.6517
402.7623
401.758
401.0958
400.3527
399.5378
398.5748
397.5738
396.7943
395.9271
395.1629
394.2503
393.4831
392.7092
392.0591
391.1016
390.3399
389.3367
388.5329
387.2719
385.4516
383.8963
382.061
380.2952
378.6943
377.0314
375.3809
373.7057
372.1898
370.454
368.8971
367.3337
365.8048
364.3464
362.6997
360.9295
359.2159
357.7505
356.0462
354.5858
352.7238
351.2033
349.8427
348.1911
346.5719
345.1292
343.803
342.3848
340.8255
339.4042
337.7817
336.4173
335.0743
333.826
332.3599
330.9888
329.6139
328.3096
326.8593
325.5322
324.1006
322.8594
321.3246
320.034
318.6071
317.5262
316.2707
315.054
313.5214
312.3316
311.0344
309.9565
308.9349
307.7797
306.59
305.4398
304.2743
303.0513
301.9058
300.6
299.2211
297.9758
297.029
295.9801
294.7384
293.4974
292.2887
291.0225
289.8631
288.7502
287.4882
286.1483
