36.0
36.0
36.0686
36.109
36.1931
36.2025
36.288
36.3499
36.4492
36.5377
36.6585
36.7618
36.8828
36.9423
37.0808
37.215
37.3547
37.5141
37.6838
37.8413
38.0211
38.1771
38.3764
38.5621
38.8131
38.9874
39.1761
39.3504
39.5472
39.7876
40.0131
40.275
40.5438
40.831
41.1078
41.3802
41.6278
41.8733
42.1141
42.3516
42.6138
42.8543
43.0506
43.3331
43.5316
43.8004
44.0792
44.3119
44.5793
44.8774
45.2058
45.5118
45.8219
46.2401
46.6227
47.0706
47.5741
47.9907
48.4559
48.9471
49.4446
49.9003
50.3196
50.6453
51.1429
51.5747
51.9408
52.3857
52.814
53.2872
53.6592
54.023
54.4908
54.9713
55.4006
55.8364
56.314
56.7175
57.1601
57.5791
57.8946
58.309
58.7112
59.1421
59.5734
60.0016
60.4329
60.8702
61.27
61.6869
62.129
62.5262
62.8366
63.2381
63.7246
64.0891
64.5472
64.9569
65.3894
65.826
66.2547
66.7383
67.1857
67.5876
67.9622
68.4499
68.8249
69.2349
69.6617
70.1211
70.5891
71.0363
71.4497
71.9131
72.3673
72.7289
73.162
73.5777
73.9298
74.3572
74.6785
75.0809
75.4442
75.8121
76.2874
76.7073
77.1491
77.4876
77.614
77.7966
78.0042
78.2377
78.4506
78.6705
78.7598
78.952
79.1181
79.315
79.4599
79.5487
79.6444
79.7866
79.9356
80.1016
80.2458
80.4311
80.5768
80.7965
80.9689
81.073
81.1679
81.3056
81.4611
81.602
81.7481
81.9967
82.14
82.214
82.4191
82.5381
82.6779
82.9377
83.1569
83.3272
83.5047
83.6765
83.8376
83.9922
84.0809
84.2431
84.3905
84.5423
84.6695
84.7435
84.875
85.0537
85.1784
85.2739
85.4353
85.533
85.7468
85.8573
85.9039
85.8956
85.9865
86.0946
86.1714
86.3367
86.4324
86.565
86.7872
86.8508
86.9825
87.1163
87.2376
87.3475
87.4637
87.5555
87.8259
87.8625
