8.0
8.0
8.9531
9.9182
10.8762
11.8117
12.9012
14.0225
15.2268
16.2915
17.4317
18.6814
19.7678
21.1059
22.4573
24.0056
25.4335
26.9161
28.5724
30.2691
31.9871
33.4618
35.4649
37.3761
39.2399
41.4028
43.5425
45.6181
47.9726
49.8892
51.8173
53.9295
56.2836
58.7396
61.3302
63.7502
66.1839
68.5978
71.1577
73.9195
76.3428
78.7061
81.2718
83.6804
86.3086
88.9068
91.8281
95.0496
97.9729
101.0725
103.9847
106.8561
110.4859
114.0825
117.509
120.921
124.2932
127.5529
131.0077
134.2662
137.7665
141.303
144.8456
148.4732
152.4847
156.1333
159.6225
163.2359
167.3598
171.1111
175.2697
179.3683
183.6283
188.4116
192.7065
196.0584
200.3956
204.0779
208.354
211.7992
216.085
220.2032
224.5742
228.8728
232.8208
237.4018
242.1125
246.7982
251.4292
256.0722
261.0881
265.8393
270.5372
275.5444
279.6019
284.3401
289.0298
293.9595
299.5046
305.1747
310.623
315.4832
320.7176
326.0875
331.0266
337.0697
342.2087
348.0622
354.129
359.8822
365.3596
369.8793
375.9323
381.1386
387.6704
393.3129
399.4388
405.7245
411.5108
416.8824
423.8186
429.345
434.743
441.0169
447.8259
453.8698
460.974
465.9196
469.1877
473.4159
476.1185
479.5024
482.7391
486.5194
490.2753
493.7433
497.254
501.019
504.3728
507.5951
510.3433
513.8143
517.2667
520.3211
523.9509
525.7923
529.2405
535.0819
539.5054
544.6949
548.7138
553.8068
556.9618
561.1079
565.7343
570.8179
574.6973
578.9578
583.9167
587.7386
592.3796
597.542
603.5409
608.2111
612.1752
615.2233
620.0702
623.1552
628.2286
635.5871
640.3056
645.7772
650.518
656.2475
661.9867
667.0999
672.2567
679.3064
683.7323
688.1458
694.2261
699.6718
705.8898
711.5398
715.9546
720.3011
724.9776
731.7059
736.9006
742.6702
747.5501
753.6029
759.6651
766.8704
773.3605
779.6731
785.196
790.2989
797.8582
802.7315
