17.0
17.0
16.920399999999916
16.83889999999998
16.75270000000002
16.670299999999962
16.58770000000013
16.50720000000002
16.42609999999992
16.340299999999985
16.260999999999946
16.178800000000052
16.094600000000007
16.012700000000113
15.9292
15.835599999999998
15.748700000000003
15.661
15.567
15.478599999999995
15.387200000000004
15.297799999999993
15.213999999999993
15.129300000000002
15.0431
14.956300000000002
14.871600000000006
14.784200000000004
14.695899999999988
14.607800000000006
14.523600000000012
14.439999999999994
14.346600000000011
14.262099999999997
14.163299999999989
14.073100000000005
13.9819
13.889899999999997
13.797900000000006
13.707300000000012
13.615300000000035
13.521700000000012
13.432800000000018
13.3414
13.250100000000037
13.157599999999983
13.0618
12.970599999999981
12.87760000000005
12.787400000000005
12.701499999999976
12.607900000000008
12.513199999999978
12.430000000000001
12.375500000000015
12.32839999999999
12.277400000000004
12.227700000000022
12.186799999999991
12.145099999999998
12.100100000000003
12.054099999999986
12.004000000000001
11.953600000000012
11.906199999999979
11.85970000000001
11.810599999999976
11.76170000000002
11.717899999999991
11.674599999999982
11.631999999999994
11.590200000000028
11.541700000000025
11.499100000000018
11.455799999999993
11.411399999999977
11.367400000000005
11.323299999999996
11.27860000000001
11.234800000000071
11.194000000000015
11.148699999999993
11.10740000000005
11.064899999999998
11.018599999999989
10.9691
10.92450000000001
10.879900000000012
10.835399999999973
10.794200000000004
10.748299999999997
10.705799999999972
10.659099999999977
10.611400000000021
10.571200000000024
10.52620000000001
10.486500000000023
10.44309999999997
10.397799999999966
10.35410000000002
10.316199999999974
10.2763
10.237400000000008
10.195600000000027
10.152799999999994
10.105499999999942
10.06249999999996
10.022999999999985
9.981999999999974
9.939299999999966
9.899699999999989
9.857699999999989
9.816899999999999
9.77489999999998
9.732900000000045
9.691200000000036
9.651299999999997
9.612599999999992
9.576900000000059
9.535999999999973
9.492400000000004
9.449000000000014
9.407400000000008
9.366500000000004
9.326700000000022
9.287399999999984
9.250800000000028
9.203799999999967
9.13960000000003
9.079099999999988
9.0159
8.944599999999998
8.883299999999998
8.81840000000004
8.75579999999996
8.687399999999961
8.628399999999992
8.563399999999989
8.492600000000001
8.424500000000036
8.356899999999982
8.29469999999997
8.230700000000018
8.16499999999999
8.094200000000017
8.034199999999993
7.971399999999993
7.9074
7.8482
7.785599999999999
7.7216
7.6594000000000015
7.607
7.5501
7.4823999999999975
7.4194
7.359999999999996
7.3
7.232899999999998
7.172
7.1059
7.046100000000003
6.990099999999994
6.93130000000001
6.8726
6.819900000000003
6.7675
6.704099999999994
6.6479
6.591400000000003
6.537099999999975
6.481899999999997
6.424399999999995
6.360600000000015
6.305899999999997
6.2487000000000075
6.192799999999997
6.139400000000012
6.079999999999989
6.021800000000011
5.967200000000013
5.913800000000016
5.858
5.801000000000007
5.739799999999998
5.68739999999999
5.632200000000029
5.578699999999995
5.525699999999987
5.472200000000027
5.418999999999978
5.367900000000008
5.310700000000001
5.257799999999993
5.210699999999995
5.158499999999988
5.108399999999998
5.059800000000003
5.004599999999983
4.958799999999997
