361.0
361.0
354.7649
348.3679
342.2598
336.4899
330.4364
325.0901
319.5291
314.1349
308.6739
303.3402
298.2714
293.4127
288.8138
284.3156
279.5771
275.0984
270.703
266.216
262.0068
257.8377
253.7781
249.6748
245.8919
241.9473
238.2571
234.6881
231.0386
227.565
224.0704
220.573
217.1527
213.9212
210.3962
206.9451
203.8518
200.582
197.6106
194.6478
191.7716
188.7948
185.833
182.8938
180.0506
177.2504
174.9839
172.2635
169.5935
166.9333
164.6417
162.1511
159.7617
157.5281
156.094
154.7657
153.2867
151.8914
150.5383
149.3315
148.0458
146.8714
145.586
144.3958
143.1751
141.9575
140.7405
139.324
137.9881
136.5207
135.1781
133.8914
132.6217
131.2315
130.0165
128.8269
127.5333
126.3123
124.987
123.6367
122.1936
121.0323
119.7971
118.5209
117.476
116.3591
115.2091
113.8406
112.6413
111.65
110.4122
109.2034
107.9386
106.7166
105.5443
104.4632
103.2475
101.9899
100.7924
99.7941
98.5912
97.5283
96.5058
95.497
94.3957
93.157
91.9944
90.8782
89.9618
88.9801
87.9964
87.0102
85.9362
84.9561
84.11
83.119
82.064
81.0153
79.9935
78.9983
78.0603
77.0958
76.3265
75.5422
74.5149
73.5763
72.6955
71.9679
71.8495
71.6108
71.4804
71.151
70.9829
70.9457
70.8022
70.7324
70.7002
70.4088
70.3005
70.2179
70.0427
69.8617
69.7512
69.6461
69.5858
69.4206
69.3339
69.352
69.2422
69.1907
69.0313
68.9008
68.704
68.6349
68.4572
68.331
68.1648
68.0209
67.8974
67.7149
67.6748
67.5026
67.5189
67.4622
67.257
66.9808
66.8779
66.8378
66.723
66.6061
66.5194
66.3875
66.3006
66.1774
66.0741
65.8728
65.7212
65.3977
65.2701
65.1264
65.0286
64.9386
64.7999
64.7366
64.5207
64.4463
64.4142
64.2581
64.1172
63.9723
63.7868
63.7213
63.7724
63.7
63.5729
63.5099
63.444
63.3087
63.0681
63.0485
