23.0
23.0
22.98689999999997
22.969900000000013
22.958199999999923
22.945900000000112
22.935300000000005
22.92749999999991
22.919600000000006
22.90719999999996
22.903400000000033
22.897699999999965
22.89240000000002
22.88519999999991
22.88310000000005
22.876799999999978
22.869499999999974
22.865900000000018
22.859400000000036
22.85550000000001
22.855400000000028
22.852899999999963
22.850599999999982
22.84719999999993
22.84960000000002
22.848000000000006
22.847900000000028
22.851599999999944
22.85009999999999
22.850700000000025
22.851099999999917
22.852900000000034
22.8517
22.852199999999968
22.856000000000034
22.859500000000025
22.863099999999946
22.868500000000004
22.87160000000003
22.875200000000028
22.878800000000073
22.885200000000022
22.889900000000026
22.892499999999988
22.89559999999994
22.903500000000115
22.91059999999998
22.916299999999914
22.923299999999955
22.930000000000064
22.938099999999917
22.94549999999995
22.953300000000034
22.96360000000001
22.97349999999998
22.98119999999993
22.992599999999946
23.00079999999992
23.00880000000001
23.0174
23.02260000000002
23.029699999999945
23.040699999999966
23.0437
23.04950000000001
23.055300000000056
23.060700000000033
23.065999999999885
23.07120000000001
23.07520000000004
23.081699999999962
23.08530000000002
23.08689999999997
23.093199999999996
23.10089999999997
23.105799999999963
23.111000000000026
23.115999999999964
23.123600000000014
23.12719999999998
23.132200000000033
23.140300000000018
23.1422
23.145600000000073
23.149199999999993
23.15610000000003
23.160500000000024
23.16600000000004
23.174300000000027
23.182599999999997
23.187699999999975
23.19300000000002
23.197500000000023
23.20079999999994
23.20620000000006
23.21059999999991
23.215200000000102
23.222500000000007
23.227800000000002
23.23199999999996
23.241299999999995
23.249
23.250299999999932
23.254299999999926
23.258899999999958
23.26319999999995
23.268599999999985
23.27490000000003
23.28060000000004
23.28410000000005
23.29109999999999
23.295699999999986
23.298699999999947
23.30290000000008
23.30330000000003
23.312599999999968
23.318099999999962
23.32219999999993
23.326100000000054
23.330200000000016
23.33720000000006
23.33779999999994
23.338800000000017
23.3395000000001
23.345499999999994
23.352899999999977
23.358800000000013
23.36390000000007
23.372099999999993
23.37379999999995
23.373899999999892
23.3828000000001
23.3853000000001
23.38829999999994
23.388
23.39320000000003
23.395799999999966
23.397099999999988
23.3989
23.400199999999955
23.401799999999994
23.402600000000024
23.4074000000001
23.40820000000012
23.412500000000012
23.41289999999996
23.41410000000003
23.41380000000005
23.41809999999993
23.418700000000086
23.421499999999977
23.42279999999996
23.428300000000057
23.431499999999996
23.431100000000043
23.433399999999978
23.429399999999937
23.431300000000014
23.43539999999997
23.43749999999997
23.438099999999974
23.436099999999993
23.437500000000053
23.438000000000038
23.43889999999999
23.43930000000006
23.434799999999946
23.43290000000008
23.43630000000001
23.437099999999926
23.4365
23.438700000000054
23.440800000000007
23.4405
23.43899999999993
23.44060000000001
23.44239999999997
23.437599999999946
23.437599999999946
23.436699999999938
23.435500000000015
23.43560000000004
23.432000000000013
23.429999999999946
23.42989999999996
23.427799999999984
23.42669999999998
23.4263
23.42389999999998
23.424699999999966
23.418300000000063
23.41650000000008
23.413099999999964
23.41070000000003
23.410199999999975
23.407599999999988
23.405900000000024
23.40559999999993
23.406600000000054
23.400999999999957
