16.0
16.0
16.6198
17.3473
18.0278
18.7044
19.385
20.0933
20.7711
21.467
22.1413
22.8606
23.5547
24.2047
25.0095
25.6496
26.358
27.0455
27.7602
28.4142
29.1198
29.7941
30.5189
31.2653
32.0017
32.665
33.4023
34.1071
34.8043
35.6171
36.3227
36.9375
37.5834
38.2505
39.0194
39.7078
40.4403
41.2345
41.8566
42.6063
43.31
44.1345
44.943
45.6414
46.3996
47.0806
47.8423
48.6394
49.3391
50.0938
50.9021
51.6459
52.4248
53.1692
53.8674
54.5777
55.3912
56.0542
56.6816
57.4674
58.2517
59.072
59.8589
60.5686
61.3995
62.2928
63.0396
63.9211
64.8365
65.8018
66.824
67.7826
68.9103
69.9509
70.969
72.0008
72.9568
74.0372
75.1529
76.1358
77.2297
78.3661
79.5958
80.781
81.8802
82.9481
84.2291
85.476
86.6671
87.859
88.9349
90.2626
91.4428
92.6964
93.906
95.2564
96.5881
97.9832
99.3587
100.7613
102.1669
103.6558
105.1396
106.5348
107.9163
109.2944
110.6767
112.2011
113.7289
115.0913
116.694
118.1995
119.9181
121.3977
122.9133
124.5842
126.1536
127.6519
129.2767
130.8402
132.5421
134.0607
135.7092
137.5365
139.2564
140.9059
142.4964
144.0951
145.4546
146.6684
147.6434
148.8995
150.1692
151.4377
152.7663
154.0601
155.3031
156.3939
157.4626
158.5759
159.7126
160.7046
161.7522
162.8597
163.7843
164.9196
165.9891
166.8127
167.7008
168.5697
169.526
170.5426
171.3805
172.3048
173.177
174.1654
175.0455
175.8661
176.6777
177.603
178.6193
179.4319
180.2251
181.1007
181.7841
182.6652
183.3282
184.2776
184.9162
185.7781
186.5346
187.2907
187.9039
188.5856
189.335
189.9942
190.7157
191.5543
192.1951
192.9579
193.6173
194.4637
195.2489
195.9648
196.8189
197.4416
198.1605
198.8961
199.7194
200.2173
200.7425
201.3506
201.8544
202.6315
203.2211
203.8683
204.4898
205.1961
205.8273
206.5751
