6.0
6.0
5.969499999999986
5.934200000000012
5.900500000000002
5.870999999999996
5.83539999999997
5.804399999999992
5.7757000000000165
5.7489000000000035
5.723699999999986
5.692499999999988
5.66639999999999
5.6378
5.610500000000018
5.579300000000014
5.549000000000008
5.516499999999984
5.488400000000001
5.463900000000001
5.4345999999999774
5.406100000000013
5.3831
5.356500000000004
5.3311
5.30760000000002
5.281299999999986
5.2611000000000026
5.2375000000000105
5.214899999999992
5.191799999999998
5.164599999999993
5.138700000000021
5.114800000000003
5.094100000000002
5.070599999999998
5.045000000000004
5.022099999999989
4.99999999999999
4.9835
4.9589000000000185
4.933100000000011
4.910299999999984
4.891199999999993
4.873299999999999
4.851500000000006
4.826600000000006
4.806600000000014
4.788100000000003
4.764200000000007
4.742299999999991
4.717400000000011
4.696999999999996
4.679699999999996
4.676700000000002
4.679199999999981
4.681
4.685800000000012
4.68770000000002
4.691800000000014
4.699599999999983
4.701899999999995
4.7089000000000185
4.710699999999993
4.714399999999988
4.71949999999999
4.726500000000005
4.729899999999991
4.737100000000007
4.743000000000022
4.751700000000016
4.759399999999985
4.767900000000002
4.773900000000002
4.77939999999999
4.786000000000012
4.794600000000015
4.805099999999983
4.8160000000000185
4.825999999999997
4.836199999999991
4.847400000000009
4.862000000000013
4.871100000000018
4.8816999999999995
4.892900000000014
4.9013000000000035
4.911799999999992
4.921099999999976
4.926400000000002
4.937099999999989
4.950199999999989
4.958299999999986
4.969700000000001
4.9789
4.987499999999995
5.000000000000005
5.012599999999995
5.024699999999998
5.037000000000002
5.051500000000006
5.061999999999989
5.075300000000001
5.088800000000006
5.100799999999992
5.111699999999976
5.125900000000021
5.134600000000017
5.1466999999999885
5.159999999999991
5.173100000000008
5.185899999999988
5.200700000000014
5.2108000000000025
5.2247000000000074
5.2391000000000085
5.25339999999999
5.265900000000004
5.2769999999999895
5.294500000000005
5.308600000000009
5.322299999999993
5.340299999999992
5.352500000000003
5.364700000000001
5.379899999999995
5.393400000000004
5.40530000000001
5.418399999999999
5.4325
5.448399999999988
5.466100000000013
5.486199999999985
5.503000000000009
5.5206999999999855
5.540199999999997
5.56000000000002
5.58129999999999
5.607699999999984
5.627099999999989
5.651599999999986
5.678299999999991
5.702600000000004
5.728000000000017
5.753299999999998
5.778899999999987
5.807799999999998
5.838200000000008
5.86399999999998
5.887100000000001
5.910599999999987
5.934200000000008
5.963399999999996
5.989299999999998
6.018199999999988
6.047099999999984
6.0717
6.1
6.12479999999999
6.1507
6.177899999999994
6.20699999999998
6.231199999999989
6.261400000000008
6.292100000000016
6.324599999999995
6.349299999999989
6.379999999999993
6.412799999999991
6.44439999999999
6.4767000000000055
6.510299999999989
6.540800000000002
6.569400000000007
6.596000000000012
6.6217999999999915
6.651699999999986
6.6789000000000085
6.712199999999991
6.746199999999994
6.776199999999991
6.811899999999997
6.845799999999997
6.8804
6.917400000000009
6.947200000000006
6.977300000000012
7.0120000000000084
7.040400000000002
7.0702
7.1052
7.135800000000009
7.1695999999999955
7.201399999999992
7.234500000000003
7.263500000000003
7.2935000000000025
7.327399999999997
7.3603999999999985
7.393900000000005
