4913.0
4913.0
4972.0886
5027.5565
5090.1751
5148.9941
5207.3375
5274.4744
5346.0098
5411.9577
5474.4329
5545.6786
5615.3346
5685.3903
5758.5815
5839.0852
5912.2176
5985.5247
6060.1406
6143.0289
6220.4969
6300.2164
6382.2968
6460.4713
6547.7548
6634.0249
6722.0919
6815.4984
6900.3493
6993.9388
7094.2386
7190.6189
7288.0994
7384.9666
7479.1826
7578.3264
7677.0322
7776.8969
7877.6673
7979.1793
8086.4298
8185.016
8286.6348
8390.6989
8502.775
8608.9579
8730.6702
8841.0726
8948.0632
9062.0324
9173.4446
9292.0029
9410.4812
9514.7597
9602.669
9687.5051
9769.2416
9855.8252
9946.4834
10033.7491
10120.3406
10199.5116
10284.1589
10362.4851
10442.0959
10514.4438
10586.816
10661.1758
10738.0677
10813.572
10890.0079
10957.1565
11037.158
11120.2603
11191.2684
11269.8282
11340.3091
11426.8799
11499.0234
11575.7461
11649.3044
11717.0693
11795.6549
11867.1974
11946.1164
12025.4862
12111.9272
12184.0459
12252.1925
12326.6121
12405.5208
12481.9215
12569.0739
12640.2402
12719.9552
12796.6441
12871.1035
12952.6959
13028.6338
13100.8454
13179.8047
13253.931
13319.0464
13390.1666
13466.2816
13531.8831
13597.9177
13677.5604
13754.3035
13825.2155
13897.5807
13969.6309
14044.1165
14125.7365
14194.965
14269.698
14331.6399
14402.4868
14470.9598
14539.7877
14612.5931
14677.2706
14747.9511
14829.2497
14897.053
14967.6823
15038.2921
15126.1128
15218.3094
15309.4813
15389.1335
15473.2339
15561.6914
15646.8567
15739.4529
15827.0659
15917.4289
16007.7336
16098.2043
16185.5682
16273.3101
16363.4127
16451.4941
16538.5098
16619.4407
16698.1637
16777.481
16865.3069
16947.0361
17027.4313
17121.4116
17205.7205
17288.5976
17373.14
17449.0123
17536.3235
17623.0512
17702.9278
17778.2528
17848.7475
17937.5615
18012.8312
18090.7228
18177.2095
18259.8787
18341.6862
18421.6425
18500.257
18583.3213
18666.0073
18747.9159
18838.6554
18908.5601
18989.6217
19078.6012
19147.1877
19232.107
19310.2532
19397.4022
19485.4914
19557.9055
19640.2359
19711.8535
19788.2406
19852.0206
19922.8779
19992.3879
20059.3901
20130.3055
20206.1671
20284.2754
20342.9526
20415.4047
20484.3821
20552.5963
20621.9049
20691.653
20767.5645
20830.4296
20906.8307
