169.0
169.0
167.7143
166.5039
165.1598
163.7599
162.3572
161.1196
159.6331
158.3677
157.0596
155.6702
154.1571
152.7396
151.109
149.6882
148.2606
146.7281
145.272
143.7536
142.178
140.8723
139.3692
137.8318
136.1812
134.7854
133.1893
131.5938
129.9996
128.5526
127.0296
125.6453
124.2035
122.7625
121.2011
119.6569
118.2032
116.633
115.1956
113.8886
112.4996
111.1021
109.644
108.2316
106.8887
105.4417
103.9984
102.6268
101.3408
100.006
98.6003
97.2442
95.8935
94.641
93.8453
93.1762
92.5738
91.8763
91.2149
90.5717
89.8125
89.033
88.3389
87.6061
86.8866
86.157
85.4385
84.6881
83.8753
83.1369
82.508
81.6585
80.9329
80.2268
79.5368
78.8105
78.114
77.3365
76.576
75.8063
75.0697
74.3444
73.6109
72.8615
72.1767
71.3132
70.5939
69.8578
69.125
68.3534
67.6836
66.9775
66.2653
65.5543
64.891
64.1617
63.4329
62.6893
61.9707
61.2498
60.5815
59.8759
59.1623
58.4027
57.7622
57.0742
56.3455
55.6874
55.0301
54.3846
53.8075
53.167
52.5337
51.9171
51.3305
50.724
50.0416
49.418
48.8422
48.241
47.6025
47.0449
46.4685
45.8707
45.2932
44.7873
44.2624
43.7426
43.3685
43.0135
42.7089
42.3772
42.0443
41.7578
41.4763
41.2138
40.9447
40.6235
40.3519
40.0671
39.8677
39.5906
39.2838
38.9738
38.7151
38.4823
38.2348
37.9321
37.6959
37.4467
37.2069
36.9505
36.6464
36.3738
36.0877
35.8368
35.5973
35.337
35.1236
34.9145
34.6482
34.4192
34.1998
33.9507
33.7106
33.4703
33.2772
33.0393
32.8107
32.5847
32.3538
32.1294
31.9086
31.6902
31.4454
31.2412
31.0152
30.8004
30.5996
30.4102
30.183
29.9787
29.7976
29.6162
29.4527
29.2866
29.0792
28.8746
28.738
28.551
28.3549
28.1662
27.9613
27.7731
27.6181
27.4161
27.233
27.0399
26.8852
26.7093
