216.0
216.0
212.6759
209.7148
206.9943
204.4825
201.8882
199.7185
197.3415
194.631
192.3832
190.0299
187.7926
186.2751
184.5047
182.8915
181.3253
179.2011
178.1128
175.8629
173.8042
172.4539
170.6604
169.6677
168.2682
167.2398
166.1731
164.6897
163.7169
162.6108
161.2839
160.071
158.4761
156.8114
155.0824
153.8444
152.8891
151.7114
150.744
149.9119
148.7637
148.0184
147.3738
146.5005
145.3262
144.0426
142.861
142.0869
141.603
141.0782
140.1971
139.4452
138.2703
137.7072
137.1699
136.7083
136.1338
135.6699
134.9475
134.3222
133.4527
132.734
131.8989
130.6696
130.2237
129.6376
128.5588
127.8213
126.5932
126.0324
125.1332
124.1581
123.3057
122.5305
121.6376
120.8402
119.9536
118.9644
118.104
117.3053
116.2483
115.2638
114.3794
113.6127
112.3975
111.3742
110.8268
110.024
109.3161
108.1426
107.3118
106.4822
105.7799
105.0773
104.3257
103.2177
102.0992
101.1377
100.1004
99.1479
98.4269
97.8519
97.092
95.7727
95.0595
94.3483
93.5065
92.9633
91.98
91.0232
90.1908
89.5624
88.8451
88.0981
86.9312
86.1355
85.3628
84.5119
83.8329
83.05
82.2888
81.4755
80.6345
80.0683
79.3294
78.6375
77.562
76.6255
76.0446
75.4548
74.8053
74.1692
73.5175
72.9262
72.4304
71.5252
71.1413
70.6864
69.9262
69.7477
69.1957
68.8061
68.4324
68.2479
67.518
67.2427
66.8329
66.6344
65.8435
65.2217
64.8522
64.6383
64.2913
63.8846
63.6021
63.0265
62.6158
62.5632
62.3202
61.7295
60.9289
60.8094
60.1753
59.7435
58.9899
58.5357
58.2641
58.0142
57.5799
57.1808
56.8958
57.0074
56.6571
56.2084
55.8564
55.4918
55.0155
54.8173
54.5662
54.1444
53.89
53.6077
53.3819
53.3491
53.1253
53.0415
52.6538
52.379
52.0668
51.8178
51.48
51.3346
51.2664
51.0878
50.9069
50.7088
50.5573
50.101
49.8762
49.3994
