10.0
10.0
10.018100000000002
10.035699999999972
10.055900000000026
10.073100000000016
10.092800000000008
10.117700000000049
10.139799999999994
10.160900000000025
10.187199999999963
10.211099999999988
10.234599999999972
10.259100000000004
10.284899999999977
10.310200000000016
10.332500000000005
10.357400000000005
10.38119999999998
10.402999999999992
10.428199999999999
10.455500000000018
10.483500000000053
10.513799999999978
10.542900000000015
10.569199999999954
10.599199999999973
10.62540000000007
10.653400000000014
10.680900000000007
10.711700000000016
10.738299999999981
10.765499999999978
10.79650000000001
10.825499999999977
10.851399999999979
10.880999999999986
10.909099999999965
10.938499999999983
10.968299999999997
10.994699999999996
11.022899999999998
11.050999999999982
11.082099999999974
11.112100000000012
11.142000000000008
11.1695
11.1982
11.233000000000017
11.268499999999975
11.297000000000017
11.327699999999972
11.35349999999999
11.380800000000013
11.407200000000003
11.429900000000007
11.448300000000009
11.471200000000039
11.487699999999963
11.504599999999956
11.524600000000014
11.547599999999987
11.564599999999992
11.583200000000014
11.59939999999999
11.617999999999986
11.63609999999996
11.656600000000017
11.677099999999994
11.694799999999976
11.715000000000009
11.73090000000004
11.752999999999997
11.772900000000025
11.792200000000014
11.808999999999983
11.833500000000065
11.850999999999981
11.869299999999964
11.887699999999969
11.909300000000027
11.929399999999996
11.95020000000002
11.969200000000026
11.99030000000002
12.011200000000011
12.02829999999998
12.044000000000015
12.063800000000029
12.08360000000002
12.102400000000015
12.12350000000002
12.140800000000022
12.158600000000009
12.175299999999995
12.188899999999999
12.207
12.227099999999995
12.243500000000033
12.264200000000013
12.285400000000015
12.301599999999999
12.319999999999986
12.34039999999999
12.358600000000008
12.373599999999996
12.39400000000002
12.409800000000018
12.431599999999973
12.451400000000008
12.47009999999998
12.489799999999997
12.506199999999993
12.52389999999999
12.538800000000027
12.561399999999976
12.58139999999999
12.599499999999972
12.618600000000013
12.637099999999995
12.650999999999986
12.66689999999999
12.689400000000017
12.707700000000006
12.727700000000063
12.744199999999983
12.766200000000023
12.784699999999992
12.810899999999963
12.83800000000003
12.870200000000013
12.896699999999985
12.934200000000015
12.961399999999967
12.98970000000003
13.020299999999981
13.052499999999993
13.085700000000008
13.120000000000035
13.155599999999977
13.187499999999964
13.221599999999997
13.255200000000002
13.291400000000026
13.326599999999983
13.365399999999989
13.402000000000012
13.439999999999975
13.477600000000024
13.514299999999983
13.549300000000011
13.583700000000011
13.622300000000012
13.661899999999994
13.701999999999977
13.747100000000005
13.79289999999999
13.8294
13.8697
13.905299999999988
13.950600000000012
13.995500000000012
14.043400000000004
14.092299999999991
14.130500000000003
14.176899999999995
14.220300000000003
14.262600000000011
14.310500000000026
14.355500000000006
14.400200000000005
14.443299999999992
14.484900000000023
14.52920000000002
14.577699999999995
14.625499999999997
14.6761
14.718100000000012
14.768499999999994
14.8109
14.859399999999997
14.904999999999994
14.951499999999994
14.998200000000002
15.044600000000006
15.094700000000003
15.139899999999994
15.186300000000006
15.229800000000003
15.272799999999997
15.322300000000002
15.3754
15.419500000000003
15.4674
15.513600000000002
15.560200000000005
15.612
15.6671
15.7171
15.7684
