81.0
81.0
81.0904
81.2234
81.4152
81.5324
81.7653
82.0048
82.1778
82.3805
82.6934
83.0037
83.3751
83.682
83.9735
84.2026
84.631
85.0386
85.449
85.8186
86.2837
86.6035
87.1596
87.7147
88.0147
88.4037
88.8719
89.427
89.9193
90.3758
90.8912
91.3808
91.926
92.5078
93.1224
93.6387
94.2095
94.8054
95.4273
96.0557
96.704
97.3359
97.9736
98.631
99.2656
99.8856
100.5624
101.2443
101.9507
102.7287
103.3913
104.1064
104.7478
105.5067
106.3275
107.201
108.1812
109.1104
109.9131
110.7526
111.5576
112.3462
113.1328
114.1202
115.0404
116.0677
116.882
117.7843
118.6602
119.5812
120.5359
121.5551
122.6265
123.6266
124.621
125.5773
126.6428
127.4279
128.4317
129.4033
130.3008
131.2974
132.2891
133.2278
134.2129
135.1279
136.0658
137.0436
138.1445
139.0921
140.0951
140.925
141.8804
142.9016
143.8771
144.6791
145.5313
146.5299
147.527
148.5846
149.5706
150.5789
151.5491
152.4915
153.3989
154.4313
155.5934
156.491
157.4528
158.4374
159.3956
160.3311
161.4311
162.3289
163.3176
164.0759
165.1241
166.0256
167.0581
168.1336
169.1109
170.1482
171.1433
172.1561
173.2518
174.1605
175.3285
176.4889
177.8093
179.1487
180.4593
181.751
182.9345
184.2872
185.3346
186.6035
187.9663
189.1284
190.3215
191.5905
192.9625
194.2419
195.6043
196.8502
198.2255
199.3823
200.5207
201.8775
203.2484
204.5494
205.9178
207.2161
208.3747
209.5746
210.7709
212.055
213.2014
214.3348
215.5552
216.9508
218.0881
219.4592
220.6734
221.8881
223.162
224.3755
225.5144
226.6081
227.7571
229.0523
230.2027
231.4233
232.7468
233.9668
235.0704
236.2937
237.5092
238.7009
239.8306
241.1719
242.4649
243.775
245.0006
246.2279
247.3346
248.5639
249.7783
251.1355
252.426
253.8545
255.0158
256.3306
257.6431
258.8239
259.9542
261.2945
262.4655
263.8208
264.9129
266.0083
