729.0
729.0
731.5836
734.736
738.6998
741.722
746.3035
750.9736
754.8336
759.0097
764.7366
770.6085
777.1587
782.863
788.3607
793.1594
800.5588
807.5956
814.8066
821.4024
829.6165
835.7421
845.2104
854.7039
860.5169
867.6251
875.8225
885.565
894.2625
902.6264
911.6476
920.1884
929.3806
939.507
950.4186
959.3841
969.4467
980.0842
991.0939
1002.2843
1013.8622
1025.1727
1036.4812
1048.1948
1059.5948
1070.8998
1083.0008
1094.7425
1107.4257
1121.2543
1133.4949
1146.1452
1158.169
1171.8223
1186.7445
1202.7448
1220.1208
1236.4234
1250.7487
1265.5246
1280.1854
1294.5788
1309.3728
1327.3536
1343.8462
1362.2931
1377.3956
1394.1377
1410.8004
1427.9962
1446.1393
1465.4503
1485.6219
1504.5698
1523.547
1542.0905
1562.5894
1577.5683
1596.9975
1616.3517
1634.247
1653.8046
1672.9987
1691.3272
1711.0067
1729.4441
1748.8108
1768.553
1791.0449
1810.3245
1830.6619
1848.0344
1868.1466
1889.0224
1909.2391
1925.6707
1943.2277
1963.4451
1983.8604
2005.5658
2025.9502
2046.9761
2067.3713
2087.6425
2106.9829
2129.2285
2153.8518
2173.254
2194.0642
2214.9776
2235.3928
2255.0043
2278.6091
2298.1985
2319.8768
2335.9483
2358.3247
2377.9918
2400.8925
2425.0026
2446.3259
2469.2542
2490.8359
2513.6601
2538.502
2559.1837
2585.8745
2612.3239
2641.3023
2670.6827
2699.6779
2727.8568
2753.9683
2784.562
2807.9828
2836.9653
2868.3767
2894.6752
2923.1543
2952.5141
2984.1593
3014.0833
3046.3755
3075.9252
3107.2737
3134.5883
3162.6449
3194.0465
3226.8194
3258.1638
3291.24
3323.0359
3350.7367
3379.973
3409.7745
3441.3008
3469.0742
3496.9632
3527.164
3562.2886
3590.4463
3623.5208
3653.6234
3684.8787
3716.2342
3746.8315
3775.9136
3803.1887
3831.2529
3864.6835
3894.1035
3924.4197
3957.8494
3989.164
4015.9686
4048.0903
4079.0896
4109.7067
4139.3426
4173.7043
4206.7555
4242.1948
4273.4214
4305.5439
4334.3574
4365.4773
4397.2209
4433.5077
4466.979
4504.9901
4536.4104
4571.894
4606.0553
4637.2481
4668.4766
4703.8735
4736.5505
4772.9706
4802.5973
4831.5813
