343.0
343.0
321.8386
300.5782
281.4256
263.1086
246.0065
230.306
215.5812
201.2471
187.8446
175.5498
163.1075
151.9172
141.6254
131.936
122.892
114.6622
106.9073
99.1869
92.174
85.8089
79.6646
73.7765
68.2579
63.1472
58.4868
54.4109
50.534
47.0511
43.5614
40.6553
37.7191
34.8245
32.2488
29.8931
27.7017
25.7415
23.863
21.9939
20.4229
18.8137
17.4083
16.2024
14.903
13.8684
12.8061
11.9211
10.9247
10.0731
9.4254
8.7132
7.9591
7.409
7.3182
7.275
7.1503
7.0503
6.9446
6.8866
6.8267
6.6888
6.5945
6.4783
6.4328
6.3851
6.2972
6.2135
6.1752
6.1044
6.0548
5.9207
5.8547
5.7361
5.6924
5.6767
5.5957
5.5525
5.4743
5.4182
5.3629
5.3468
5.2448
5.1757
5.0774
5.0413
4.9524
4.8477
4.7551
4.6863
4.652
4.5765
4.507
4.4791
4.4383
4.3698
4.3428
4.2727
4.2333
4.1629
4.0879
3.9768
3.9087
3.8694
3.8086
3.752
3.6625
3.6447
3.6056
3.5371
3.4668
3.3879
3.3639
3.3107
3.28
3.2655
3.1922
3.1947
3.1658
3.1198
3.1242
3.0264
2.9362
2.8839
2.8363
2.7764
2.7496
2.6755
2.5811
2.494
2.3621
2.2751
2.1689
2.0789
1.975
1.9087
1.8595
1.7596
1.6847
1.6203
1.5783
1.527
1.4838
1.4455
1.3892
1.3235
1.3011
1.2633
1.1867
1.1519
1.1142
1.0502
1.0201
0.9811
0.9612
0.9431
0.9272
0.9276
0.903
0.8835
0.8674
0.862
0.8554
0.8305
0.8427
0.7976
0.7808
0.7526
0.7402
0.7194
0.7182
0.707
0.7099
0.7044
0.7084
0.6791
0.6586
0.6296
0.6339
0.6143
0.6164
0.6064
0.6161
0.6239
0.6216
0.6282
0.6239
0.6106
0.599
0.6031
0.5885
0.589
0.575
0.5625
0.5651
0.552
0.5265
0.5226
0.5034
0.5087
