81.0
81.0
81.9263
82.9627
84.0128
84.9529
86.0661
87.0685
88.1507
89.351
90.4797
91.5791
92.6996
93.8506
94.9653
96.1066
97.2756
98.4667
99.5627
100.8031
102.0475
103.2345
104.4978
105.8641
107.1185
108.4746
109.6218
110.9269
112.3696
113.6871
115.0814
116.4053
117.7493
119.0867
120.3339
121.7748
123.2949
124.6141
126.0626
127.4318
128.9318
130.3444
131.7402
133.1642
134.5436
136.0098
137.4645
138.9768
140.3444
141.754
143.1714
144.7325
146.0603
147.6503
149.0149
150.4942
151.8986
153.3431
154.8696
156.1657
157.4729
158.7807
160.0108
161.3327
162.6612
163.9226
165.2816
166.5616
167.772
169.0707
170.2908
171.4137
172.5711
173.776
175.0354
176.1896
177.433
178.7033
179.8633
180.9326
182.0198
183.1528
184.2665
185.3468
186.4866
187.5769
188.7011
189.7368
190.807
191.8369
192.8114
193.7394
194.8101
195.7726
196.8009
197.7755
198.6399
199.6653
200.6005
201.5398
202.5136
203.4872
204.2938
205.1972
206.0781
207.0729
207.982
208.7762
209.6763
210.4754
211.2931
212.1566
213.1694
214.1443
214.9152
215.7384
216.4768
217.2403
217.9842
218.8242
219.5716
220.4208
221.2419
222.1333
222.8702
223.7256
224.4537
225.3534
225.9852
226.762
227.4723
228.1134
228.7775
229.4255
230.0515
230.6266
231.197
231.7202
232.2139
232.8562
233.4209
234.1025
234.5872
235.1279
235.6445
236.2849
236.8182
237.4122
237.9789
238.5378
239.086
239.6539
240.1557
240.6982
241.1346
241.603
242.1555
242.6587
243.1365
243.5725
243.9251
244.3871
244.9198
245.4092
245.8716
246.2896
246.6937
247.1504
247.55
248.08
248.4602
248.9538
249.3344
249.7092
250.1007
250.4384
250.7911
251.2843
251.6129
251.9813
252.2324
252.6305
252.9285
253.3669
253.7916
254.2429
254.5393
254.9009
255.2905
255.6558
255.9899
256.3491
256.6018
256.8485
257.1734
257.5837
257.8486
258.1893
258.5132
258.8121
