9.0
9.0
8.85240000000003
8.707400000000021
8.564900000000039
8.42490000000008
8.286400000000038
8.149399999999932
8.010699999999956
7.8708
7.7315
7.5946
7.462599999999996
7.336800000000007
7.206200000000011
7.079700000000018
6.95109999999999
6.8187999999999755
6.693500000000005
6.561999999999994
6.437999999999989
6.308400000000007
6.189500000000012
6.073800000000011
5.955399999999979
5.830300000000009
5.709299999999994
5.5863000000000165
5.46190000000001
5.3436999999999895
5.2211000000000105
5.107999999999992
4.993299999999987
4.879900000000018
4.772599999999986
4.655099999999997
4.554300000000008
4.444300000000018
4.3330999999999875
4.22579999999999
4.122599999999986
4.017999999999983
3.9183
3.819699999999997
3.7240999999999986
3.621999999999997
3.5250000000000057
3.439600000000003
3.361500000000001
3.2762999999999978
3.186299999999997
3.0988000000000038
3.0213999999999963
2.9523000000000024
2.9474999999999882
2.9396999999999958
2.9347000000000025
2.9218000000000046
2.9144999999999994
2.9036999999999993
2.893799999999995
2.887399999999993
2.8808000000000047
2.875000000000009
2.868200000000014
2.8577000000000123
2.848500000000017
2.8333
2.8244999999999996
2.8143000000000082
2.7993999999999977
2.7915999999999954
2.7791000000000063
2.7675000000000005
2.7536999999999994
2.7410000000000085
2.7334999999999994
2.7210999999999896
2.7126000000000006
2.704600000000004
2.6935999999999893
2.679899999999995
2.671299999999995
2.662199999999998
2.6525999999999867
2.6411000000000087
2.6300000000000114
2.6230999999999924
2.6176999999999966
2.608400000000005
2.603100000000005
2.5936000000000003
2.578999999999994
2.5707999999999926
2.5615000000000117
2.5578
2.552999999999992
2.5398000000000014
2.5329999999999964
2.5248000000000004
2.5189999999999944
2.508599999999997
2.4968999999999832
2.485100000000002
2.482999999999998
2.479600000000002
2.4709999999999908
2.4649000000000014
2.4540999999999924
2.44489999999999
2.437599999999997
2.4307000000000003
2.4246999999999934
2.415699999999987
2.4134999999999946
2.4088000000000043
2.3975999999999997
2.391400000000016
2.381800000000005
2.3774999999999973
2.374200000000009
2.3647000000000062
2.358200000000003
2.353500000000006
2.3512999999999953
2.3451999999999886
2.3362999999999947
2.3284000000000007
2.3157999999999954
2.307200000000007
2.2948999999999917
2.278599999999985
2.266599999999996
2.2601000000000018
2.249699999999995
2.2353000000000014
2.220300000000002
2.207699999999985
2.201400000000006
2.196499999999997
2.192400000000005
2.186100000000008
2.178299999999999
2.1719999999999975
2.1658999999999984
2.157700000000007
2.1580999999999952
2.1499999999999977
2.136900000000006
2.136500000000008
2.1242000000000028
2.128000000000007
2.123200000000008
2.114700000000013
2.104099999999998
2.0975000000000015
2.0963000000000065
2.0921000000000087
2.0920999999999834
2.0894000000000097
2.084400000000012
2.0813999999999955
2.074799999999999
2.071900000000015
2.0689999999999906
2.062199999999977
2.0632999999999977
2.0579000000000103
2.054400000000005
2.051599999999985
2.0511000000000155
2.051599999999999
2.0547000000000093
2.0503999999999944
2.0483000000000238
2.0459000000000076
2.041000000000012
2.0430000000000033
2.0374000000000034
2.0370999999999957
2.036500000000006
2.032400000000002
2.0343000000000075
2.0238000000000147
2.022299999999997
2.0230000000000055
2.0219000000000067
2.0247000000000015
2.0177000000000023
2.0200000000000244
2.0144999999999937
2.0108000000000046
2.0069999999999943
2.0059999999999962
2.009900000000005
2.0093999999999985
2.0078000000000036
2.010900000000002
2.0062999999999986
2.005100000000011
