1.0
1.0
0.8996
0.8081
0.7272
0.6635
0.6151
0.5502
0.5108
0.4827
0.4673
0.4443
0.4199
0.3869
0.3778
0.3458
0.333
0.3189
0.3094
0.3193
0.3216
0.3034
0.3119
0.2979
0.3172
0.3272
0.3126
0.3219
0.329
0.34
0.3328
0.3344
0.3257
0.3164
0.3219
0.3285
0.3408
0.3524
0.3579
0.3794
0.3817
0.3865
0.3854
0.4006
0.4133
0.4075
0.4106
0.3944
0.4042
0.414
0.4113
0.4061
0.4063
0.4212
0.4408
0.4562
0.4572
0.4625
0.4822
0.4928
0.4896
0.4991
0.5098
0.5032
0.5106
0.5113
0.5202
0.5349
0.5411
0.5309
0.5359
0.5367
0.5443
0.5442
0.5465
0.5394
0.5402
0.5223
0.5213
0.527
0.5152
0.501
0.4964
0.49
0.4864
0.4745
0.473
0.4578
0.454
0.4517
0.4466
0.4256
0.4223
0.4144
0.4166
0.3985
0.3886
0.3765
0.3579
0.3567
0.3477
0.351
0.3346
0.3343
0.3412
0.3437
0.3355
0.3307
0.3298
0.3305
0.3276
0.3225
0.3186
0.3217
0.3231
0.3286
0.3221
0.3184
0.3231
0.3194
0.3192
0.3055
0.31
0.2986
0.2951
0.2895
0.2844
0.2908
0.3011
0.3137
0.3227
0.3327
0.3462
0.3784
0.3988
0.4149
0.4255
0.4353
0.4506
0.4718
0.4923
0.5149
0.5278
0.5571
0.5847
0.616
0.6231
0.6414
0.661
0.6867
0.7
0.7175
0.7406
0.7707
0.7959
0.8201
0.8382
0.8776
0.8997
0.9222
0.9592
0.986
1.0219
1.0306
1.0558
1.0586
1.0763
1.1186
1.1414
1.1622
1.1982
1.2317
1.2664
1.3347
1.3501
1.359
1.3927
1.4167
1.4416
1.4559
1.4964
1.5065
1.5309
1.568
1.6131
1.6676
1.6873
1.7465
1.7743
1.7948
1.8094
1.8339
1.8848
1.9284
1.9671
1.9852
2.0163
2.0444
2.0576
2.0786
