9.0
9.0
3.3049
1.1226
0.3769
0.1499
0.085
0.0684
0.0564
0.0541
0.0555
0.0523
0.0522
0.0555
0.0492
0.0484
0.0457
0.0451
0.0483
0.0489
0.0476
0.0511
0.0445
0.0452
0.0469
0.046
0.0467
0.0452
0.0492
0.0475
0.0482
0.0434
0.043
0.0442
0.0499
0.0439
0.0385
0.0413
0.0443
0.0451
0.0403
0.0389
0.0428
0.0433
0.043
0.0433
0.0448
0.0407
0.0389
0.0409
0.0449
0.0413
0.044
0.0439
0.05
0.0496
0.0497
0.0524
0.0515
0.0504
0.0505
0.0503
0.0467
0.048
0.047
0.0484
0.0477
0.0429
0.0429
0.0418
0.0392
0.0391
0.0405
0.0458
0.0437
0.0412
0.0411
0.045
0.0438
0.0421
0.0421
0.0419
0.0342
0.0389
0.0393
0.0408
0.0402
0.0417
0.0397
0.044
0.042
0.0383
0.0362
0.0385
0.0403
0.04
0.0419
0.0393
0.0373
0.0367
0.041
0.039
0.0407
0.0378
0.0396
0.0378
0.0366
0.0379
0.0375
0.0351
0.0364
0.0335
0.0348
0.0336
0.0352
0.035
0.0389
0.04
0.0396
0.0422
0.037
0.0388
0.0418
0.0427
0.038
0.0344
0.0375
0.0437
0.0486
0.0484
0.049
0.0506
0.0538
0.0517
0.0539
0.0539
0.0516
0.0542
0.0471
0.0495
0.0484
0.0525
0.0538
0.0523
0.051
0.0522
0.0539
0.0556
0.0541
0.0553
0.0573
0.0502
0.0493
0.0491
0.048
0.0519
0.054
0.0515
0.0503
0.0521
0.0539
0.0537
0.0527
0.0546
0.0493
0.052
0.0544
0.0514
0.0493
0.0504
0.0506
0.0505
0.0546
0.0538
0.054
0.0573
0.0538
0.0548
0.055
0.0552
0.0527
0.0531
0.0511
0.0523
0.0546
0.0504
0.0508
0.0506
0.0519
0.0523
0.0553
0.0554
0.0555
0.0614
0.0555
0.055
0.0514
0.0567
0.0573
0.0557
