7.0
7.0
7.046699999999988
7.092400000000003
7.137500000000003
7.179699999999997
7.224
7.2718000000000025
7.311599999999997
7.355300000000006
7.398999999999997
7.4410000000000025
7.484399999999995
7.5253999999999985
7.570100000000002
7.612599999999997
7.6554
7.6966
7.738100000000001
7.7774
7.8194
7.8593
7.8998
7.9393
7.9778
8.019900000000012
8.059100000000038
8.092799999999981
8.130100000000011
8.166599999999951
8.204900000000023
8.244700000000032
8.282100000000028
8.320299999999982
8.358999999999961
8.400599999999972
8.43849999999999
8.478199999999994
8.516899999999954
8.551499999999972
8.58700000000003
8.622699999999963
8.658100000000035
8.692600000000018
8.729900000000017
8.765500000000005
8.800200000000043
8.833899999999979
8.86749999999999
8.899099999999969
8.933999999999969
8.96630000000005
9.000700000000016
9.035999999999992
9.066199999999972
9.100699999999954
9.129699999999957
9.161099999999989
9.192600000000004
9.222600000000005
9.256899999999991
9.287200000000029
9.315999999999999
9.344200000000006
9.372700000000021
9.403000000000024
9.430900000000001
9.459699999999964
9.488099999999976
9.516099999999968
9.54290000000001
9.569399999999996
9.59840000000003
9.628699999999998
9.653400000000023
9.680000000000014
9.708599999999995
9.738099999999962
9.7654
9.789299999999978
9.816599999999944
9.844400000000043
9.871700000000018
9.899000000000008
9.925800000000013
9.952699999999988
9.981500000000013
10.00979999999995
10.035900000000014
10.062500000000012
10.087499999999963
10.109800000000055
10.135900000000031
10.159100000000018
10.18480000000004
10.20770000000002
10.230200000000027
10.256899999999987
10.281299999999984
10.302799999999998
10.327899999999971
10.349500000000004
10.372800000000012
10.39910000000005
10.423399999999974
10.445000000000002
10.46819999999997
10.493799999999947
10.518899999999988
10.54390000000001
10.570200000000002
10.593599999999956
10.616799999999994
10.642399999999995
10.666900000000012
10.692799999999997
10.716600000000021
10.741800000000001
10.766700000000004
10.792099999999973
10.813800000000017
10.837900000000005
10.859100000000035
10.883599999999985
10.908699999999985
10.93420000000005
10.955399999999981
10.981700000000014
11.006299999999966
11.032399999999985
11.061700000000016
11.088300000000002
11.117099999999985
11.142999999999999
11.172900000000004
11.199999999999982
11.227499999999985
11.254600000000012
11.279300000000005
11.307299999999977
11.337600000000036
11.367499999999993
11.39560000000003
11.421000000000015
11.447099999999947
11.473199999999986
11.501199999999983
11.528600000000008
11.554999999999996
11.58400000000003
11.612300000000026
11.637699999999995
11.66820000000001
11.69520000000003
11.720099999999963
11.748699999999964
11.772599999999985
11.798799999999963
11.828900000000047
11.857400000000018
11.882599999999966
11.907399999999976
11.933599999999988
11.961200000000014
11.991100000000014
12.020299999999986
12.046800000000008
12.073900000000023
12.100200000000019
12.128300000000056
12.15810000000001
12.187700000000039
12.213999999999997
12.243299999999982
12.270699999999998
12.297500000000023
12.323400000000014
12.34870000000002
12.375300000000015
12.4057
12.4349
12.462200000000008
12.489600000000019
12.519000000000007
12.548100000000007
12.575699999999975
12.603699999999973
12.630599999999996
12.658400000000025
12.687199999999986
12.714000000000036
12.74339999999999
12.76799999999998
12.794299999999991
12.822400000000028
12.851800000000035
12.87939999999998
12.906000000000022
12.9327
12.960200000000007
