1728.0
1728.0
1695.4381
1663.5641
1630.8442
1599.2344
1567.4336
1535.9758
1508.4966
1480.4014
1450.8881
1421.4248
1393.4246
1366.5079
1337.0504
1308.7163
1282.8796
1256.5273
1230.3186
1204.7636
1180.7831
1155.7174
1130.6334
1109.1154
1085.4555
1062.3558
1040.1361
1019.2655
998.5615
975.7819
954.3926
933.6639
914.7788
895.5875
877.4483
857.7665
840.4034
821.4689
804.5829
787.0187
770.1096
752.5505
736.5604
720.7345
706.3356
690.0404
675.139
659.0314
644.3286
630.5654
616.778
603.1803
590.525
577.6099
568.1382
558.3901
549.2154
540.182
529.645
519.939
510.3372
502.8742
493.3984
484.4255
475.6111
466.0324
457.2903
449.2389
441.4909
433.5649
425.9628
417.6333
410.2177
403.1952
395.6211
387.6482
380.4424
373.5935
366.1351
360.1918
354.1978
347.3891
340.6843
334.5982
327.3143
320.895
314.2079
308.184
301.8395
295.513
289.7355
283.9673
278.6617
273.9258
268.5257
263.5015
257.5169
252.7165
247.2174
242.3257
236.4512
230.6866
225.7924
220.7505
216.0908
211.0295
206.5741
202.0925
198.0301
193.4799
189.1633
184.6214
180.406
176.6133
172.9606
169.0474
165.6466
161.5357
158.0607
154.6272
150.9068
147.1947
143.7892
140.5065
137.4245
133.7687
130.8876
128.2476
125.8846
123.6643
121.3496
119.3062
117.3484
115.1812
113.3262
111.4093
109.1507
107.0977
105.1464
103.2827
101.4101
99.4032
97.575
95.6355
93.7897
92.1991
90.4885
88.8852
86.8313
85.4223
83.5101
81.9202
80.0484
78.5457
77.2071
75.4115
74.1742
72.8453
71.3645
69.9544
68.7279
67.4267
66.1799
64.5975
63.4063
61.9099
60.5705
59.3691
58.1485
56.9385
55.7894
54.519
53.5163
52.1463
51.1468
50.1021
48.9638
47.8534
46.8498
45.688
44.8981
43.9735
43.0061
42.1518
41.1048
40.4677
39.5542
38.6717
37.821
36.9298
36.2319
35.5498
34.7198
34.1503
33.3411
32.7665
32.1107
31.1844
30.3555
29.7036
