17.0
17.0
16.86670000000006
16.72250000000005
16.582500000000106
16.446499999999958
16.308400000000006
16.162200000000087
16.019500000000008
15.869
15.7275
15.5893
15.450300000000006
15.304100000000009
15.151499999999993
15.010599999999997
14.857900000000006
14.720700000000008
14.578099999999992
14.432400000000007
14.292700000000018
14.14340000000003
13.9965
13.847199999999994
13.706100000000008
13.563000000000006
13.42129999999997
13.278100000000006
13.1244
12.971699999999984
12.816499999999982
12.6677
12.520500000000025
12.357400000000004
12.207199999999977
12.05519999999995
11.899099999999988
11.76129999999996
11.610800000000038
11.464600000000022
11.312700000000007
11.16500000000007
11.013099999999994
10.861800000000025
10.7107
10.557299999999989
10.409400000000009
10.262099999999995
10.098999999999998
9.945100000000014
9.791099999999956
9.634000000000013
9.485500000000021
9.343200000000046
9.262100000000048
9.184800000000015
9.111
9.031699999999992
8.952399999999997
8.865299999999985
8.787599999999985
8.707300000000048
8.629299999999954
8.54270000000002
8.46029999999999
8.375099999999982
8.288900000000003
8.203000000000008
8.112999999999985
8.029200000000007
7.9508
7.8693
7.7868
7.7028
7.6263
7.5413999999999985
7.455200000000001
7.3685999999999945
7.280100000000003
7.193799999999992
7.110300000000008
7.029899999999994
6.9508
6.8644000000000105
6.782000000000003
6.702200000000004
6.6157
6.525299999999994
6.442100000000003
6.358899999999997
6.2754000000000065
6.1974999999999865
6.121700000000001
6.0383999999999896
5.956099999999993
5.871899999999994
5.786900000000008
5.710199999999988
5.6345000000000205
5.556099999999991
5.477299999999982
5.396300000000014
5.316100000000008
5.242200000000012
5.162099999999999
5.0817
5.003299999999991
4.933699999999986
4.858300000000039
4.7805
4.702800000000008
4.62920000000001
4.5492000000000115
4.475199999999988
4.406199999999984
4.336999999999987
4.262999999999997
4.187200000000005
4.113699999999987
4.040800000000002
3.9761
3.9041000000000006
3.8386000000000013
3.777799999999997
3.7135000000000007
3.6522999999999977
3.589300000000003
3.5279999999999987
3.4649
3.4059000000000013
3.3482000000000043
3.2929000000000044
3.2420999999999953
3.1940000000000044
3.1421000000000054
3.0917999999999997
3.044200000000001
2.9954000000000005
2.942299999999995
2.8904000000000036
2.8421000000000043
2.796700000000003
2.7504999999999944
2.703699999999999
2.6628000000000025
2.6175999999999946
2.574899999999998
2.5328000000000173
2.492099999999998
2.4487000000000108
2.405099999999991
2.3641000000000005
2.3235000000000032
2.285200000000002
2.2488000000000055
2.212499999999991
2.178300000000006
2.1414999999999873
2.1048000000000053
2.0670999999999986
2.0396000000000067
2.0048999999999926
1.9743000000000008
1.9385
1.9028999999999996
1.8749000000000007
1.8434
1.8121000000000012
1.7823
1.7519999999999984
1.7225000000000021
1.696800000000002
1.668300000000002
1.6425999999999927
1.615200000000003
1.5867000000000007
1.5596000000000056
1.5319000000000016
1.5079999999999973
1.4840000000000015
1.4611000000000052
1.4392999999999943
1.4165999999999996
1.3957999999999937
1.372000000000002
1.3486000000000022
1.327900000000001
1.299800000000001
1.2787000000000015
1.255700000000001
1.2374999999999958
1.2155000000000002
1.196900000000005
1.1746000000000005
1.1595999999999975
1.1386999999999958
1.123999999999999
1.104700000000003
1.0888000000000007
1.072400000000001
