4.0
4.0
4.06059999999998
4.133099999999992
4.199599999999994
4.265200000000021
4.329600000000008
4.3961
4.459699999999987
4.524599999999996
4.5856999999999895
4.650400000000014
4.711899999999996
4.769700000000014
4.84110000000002
4.8996
4.962400000000021
5.021499999999987
5.083000000000013
5.138400000000004
5.1968000000000005
5.252100000000008
5.310100000000009
5.370499999999999
5.430900000000001
5.483199999999982
5.541099999999977
5.596900000000021
5.652100000000007
5.714700000000008
5.769100000000011
5.816700000000006
5.8654000000000055
5.913300000000012
5.969599999999996
6.0203999999999995
6.073299999999993
6.130099999999995
6.174999999999984
6.22930000000002
6.278199999999998
6.33509999999998
6.389799999999993
6.435199999999994
6.486999999999996
6.533199999999997
6.584499999999978
6.637799999999983
6.683899999999997
6.734199999999997
6.787299999999994
6.836700000000003
6.886599999999994
6.933600000000009
6.979000000000005
7.0261000000000084
7.0762000000000045
7.119200000000003
7.157199999999997
7.2050000000000045
7.253300000000006
7.303
7.3491
7.393399999999997
7.442099999999997
7.496600000000006
7.539399999999997
7.591500000000004
7.6459
7.702199999999997
7.7604
7.815
7.8789
7.9395
7.995799999999986
8.053600000000069
8.10719999999999
8.1686
8.227300000000024
8.280400000000016
8.341499999999986
8.4029
8.470400000000028
8.533400000000038
8.590400000000026
8.645300000000018
8.712899999999976
8.776399999999999
8.837899999999973
8.897600000000024
8.95349999999998
9.020199999999965
9.079199999999997
9.141800000000083
9.201200000000016
9.267599999999993
9.331499999999975
9.400200000000032
9.466299999999997
9.534499999999975
9.602900000000018
9.674000000000067
9.743200000000003
9.80699999999998
9.87049999999998
9.935200000000021
10.000099999999973
10.06950000000002
10.137700000000004
10.201100000000013
10.27220000000001
10.339499999999992
10.41550000000003
10.48030000000004
10.546300000000029
10.6204
10.688200000000016
10.75249999999994
10.821499999999995
10.887600000000026
10.957900000000018
11.023900000000008
11.093000000000012
11.168100000000056
11.24019999999999
11.308500000000022
11.37299999999999
11.434699999999982
11.484199999999953
11.528799999999993
11.563600000000008
11.610500000000007
11.654000000000012
11.69809999999999
11.743700000000004
11.789700000000007
11.831699999999998
11.869700000000012
11.906400000000003
11.94589999999998
11.985599999999984
12.018199999999958
12.05360000000001
12.092099999999984
12.123900000000011
12.161999999999988
12.200100000000006
12.225700000000023
12.25379999999999
12.283100000000024
12.31599999999999
12.34820000000002
12.3763
12.405400000000007
12.432600000000035
12.466599999999989
12.493500000000026
12.522699999999997
12.550900000000034
12.581400000000006
12.61349999999998
12.641300000000006
12.6621
12.688099999999977
12.71070000000002
12.738399999999993
12.75939999999999
12.790799999999987
12.810599999999956
12.836300000000017
12.858200000000043
12.879899999999973
12.897299999999973
12.918600000000001
12.939799999999988
12.956600000000018
12.976499999999977
13.002100000000008
13.021099999999985
13.044099999999995
13.063300000000023
13.088500000000003
13.109700000000005
13.131400000000015
13.1563
13.173400000000006
13.19409999999997
13.216500000000032
13.242999999999954
13.256100000000046
13.27090000000002
13.287200000000023
13.300400000000005
13.324300000000012
13.338900000000057
13.357300000000023
13.374800000000029
13.394299999999982
13.412700000000017
13.43550000000003
