32768.0
32768.0
32727.8493
32683.4593
32644.7046
32607.8536
32561.2644
32529.0632
32491.4848
32459.6058
32422.1372
32386.0747
32348.3474
32316.8104
32290.0336
32262.1549
32234.3219
32203.7411
32168.8202
32147.4206
32126.878
32101.4282
32072.5129
32055.0672
32025.5696
32000.13
31962.5182
31936.9595
31906.8567
31880.932
31859.4242
31838.9674
31815.8847
31790.421
31761.8682
31752.6849
31729.2373
31710.4009
31690.1313
31666.6508
31648.6282
31628.4486
31599.4213
31579.4212
31556.4242
31539.1921
31520.1342
31508.4007
31486.4264
31466.7903
31444.5026
31424.3769
31408.5438
31396.2806
31359.0976
31323.1315
31275.7626
31231.7717
31188.6509
31149.0894
31102.0741
31057.5535
31008.4928
30957.853
30907.1982
30855.7124
30808.7382
30768.6103
30717.4222
30670.9893
30625.1535
30583.8008
30533.8459
30485.1699
30444.9299
30403.6546
30364.8289
30314.1325
30259.5136
30211.7734
30178.6944
30128.2377
30079.3486
30043.3226
29997.1217
29960.1915
29923.0084
29884.9493
29839.4998
29794.4285
29749.9175
29701.3915
29662.3425
29613.5221
29564.0936
29507.6393
29461.5205
29421.5936
29375.2228
29330.734
29288.9889
29246.7674
29201.5283
29159.0408
29117.2085
29079.0434
29036.0239
28991.9013
28936.2739
28891.0708
28852.347
28804.6264
28760.4547
28721.2315
28680.6103
28635.3258
28590.6972
28545.968
28502.0686
28456.9461
28417.5228
28364.1617
28328.0372
28287.3883
28252.0192
28208.8787
28164.6653
28128.7444
28118.0284
28119.4565
28114.5363
28114.5641
28120.3513
28126.8922
28134.4093
28138.525
28149.18
28154.0143
28165.6874
28172.7202
28177.4133
28191.2325
28202.7233
28211.0842
28222.5041
28226.4879
28226.1061
28237.686
28243.4659
28255.3523
28261.4367
28268.7845
28281.5661
28279.7903
28283.8861
28283.8521
28292.1007
28307.0479
28307.9864
28317.0689
28326.573
28328.121
28340.2959
28344.457
28354.4243
28362.6025
28368.9977
28377.8035
28387.1376
28390.9459
28397.6027
28404.0611
28413.3118
28419.8549
28427.6747
28436.573
28448.9392
28451.8903
28457.9116
28462.4773
28466.9265
28475.7711
28476.8495
28485.9503
28494.7064
28496.9812
28506.0696
28516.8518
28527.6844
28532.6052
28537.9404
28546.3074
28556.3401
28557.2689
28569.8786
28575.5753
28591.2077
28601.0615
28599.0509
28607.1915
