6.0
6.0
6.000200000000008
5.998199999999999
5.999900000000013
5.994899999999995
5.996799999999991
5.996499999999999
5.999200000000014
6.001100000000006
6.005900000000016
6.009599999999998
6.015199999999999
6.014699999999988
6.020999999999995
6.026600000000001
6.032699999999997
6.040300000000005
6.048599999999986
6.055700000000009
6.065299999999993
6.072900000000001
6.083799999999998
6.094100000000014
6.108900000000004
6.1188000000000144
6.129300000000005
6.138000000000004
6.149199999999997
6.163599999999995
6.175099999999984
6.189200000000012
6.205800000000008
6.2234
6.240199999999992
6.256399999999988
6.270800000000001
6.2846999999999955
6.297900000000014
6.309999999999993
6.324399999999994
6.3375000000000075
6.346800000000013
6.363500000000007
6.3741999999999805
6.389799999999998
6.406800000000012
6.419300000000008
6.434700000000003
6.452600000000012
6.4706000000000055
6.4889999999999946
6.50810000000003
6.534700000000013
6.560499999999984
6.589799999999991
6.621900000000009
6.648500000000008
6.6781000000000015
6.710100000000003
6.741399999999996
6.770900000000003
6.797800000000017
6.8179
6.849099999999988
6.876699999999996
6.899399999999994
6.926499999999995
6.952599999999996
6.982599999999994
7.003799999999994
7.0272
7.057400000000006
7.0868999999999955
7.113399999999996
7.138599999999996
7.166799999999997
7.1919
7.218300000000005
7.243499999999997
7.262400000000001
7.287399999999997
7.310399999999985
7.335899999999995
7.361799999999992
7.386200000000006
7.411299999999999
7.437600000000003
7.459599999999994
7.482500000000003
7.507999999999998
7.5312
7.548600000000003
7.570499999999997
7.598
7.6189
7.6446
7.667299999999997
7.691399999999997
7.7168
7.740900000000003
7.7673
7.7931
7.8142
7.8338
7.8609
7.8809
7.9043
7.9269
7.9517
7.9763000000000055
8.001700000000028
8.02309999999996
8.048099999999973
8.071499999999975
8.090899999999987
8.112199999999962
8.133899999999999
8.150999999999932
8.173600000000036
8.191499999999989
8.21210000000005
8.23160000000004
8.250299999999983
8.275799999999974
8.297500000000037
8.319300000000053
8.335600000000014
8.33859999999995
8.345000000000033
8.350799999999964
8.357899999999974
8.365000000000007
8.37269999999998
8.373400000000025
8.37960000000002
8.383099999999995
8.389599999999925
8.393300000000002
8.393900000000029
8.39460000000003
8.399000000000035
8.404799999999984
8.407000000000076
8.408399999999952
8.41270000000005
8.41540000000005
8.423699999999979
8.428700000000012
8.43100000000003
8.43069999999999
8.434199999999985
8.43670000000005
8.438600000000024
8.442499999999974
8.451700000000022
8.456999999999955
8.455200000000012
8.461099999999977
8.462099999999966
8.466499999999964
8.475300000000006
8.482500000000003
8.485799999999983
8.491500000000011
8.495500000000021
8.498800000000061
8.502200000000053
8.502900000000034
8.50789999999995
8.510500000000034
8.515300000000025
8.518900000000032
8.519500000000008
8.52319999999999
8.527499999999984
8.529599999999967
8.528900000000013
8.535300000000028
8.536200000000008
8.543800000000031
8.546499999999984
8.544499999999987
8.541400000000008
8.545299999999905
8.546400000000016
8.546999999999912
8.552099999999975
8.552600000000016
8.555399999999963
8.564399999999967
8.562600000000014
8.564699999999966
8.56630000000002
8.569800000000006
8.571500000000004
8.574500000000068
8.57429999999997
8.584499999999991
8.581300000000006
