729.0
729.0
739.0359
749.0536
759.2612
767.9965
776.3034
784.247
791.9968
800.0887
809.0165
816.7183
823.2446
829.4824
836.256
841.7431
848.4579
856.1448
862.4069
868.5304
874.8531
880.9409
884.9671
890.8946
897.9755
904.6358
910.9685
916.8771
922.5955
928.0525
933.6854
940.1682
946.1674
953.0304
959.0422
965.2491
969.9984
975.6934
981.9507
987.2529
993.4014
1000.2482
1006.3463
1013.725
1021.7562
1026.7556
1032.6227
1038.3999
1045.0984
1051.5148
1057.0979
1063.9399
1071.752
1079.7328
1084.5692
1089.7614
1094.8509
1100.1127
1102.9542
1108.3754
1112.2715
1115.8671
1121.8655
1127.2559
1129.8584
1135.8243
1140.4797
1145.4536
1151.8813
1157.8742
1163.8466
1169.7935
1173.9185
1179.0853
1184.9687
1191.5775
1198.1937
1204.4391
1210.604
1216.0302
1220.8302
1229.3207
1235.7104
1243.546
1251.2665
1256.8372
1262.2196
1267.8423
1274.6043
1282.1279
1287.9933
1294.9229
1300.2302
1306.3193
1313.8599
1319.978
1326.7246
1333.9226
1343.2744
1349.7382
1357.3691
1366.1824
1377.5269
1385.8692
1393.8988
1402.6254
1410.4931
1420.9452
1430.7054
1440.4654
1448.8544
1458.8955
1468.0447
1476.9464
1485.6375
1493.5041
1503.8782
1513.2794
1520.5668
1528.9171
1539.7432
1550.8096
1561.6037
1573.6069
1585.3141
1595.9852
1607.0994
1620.8446
1636.2969
1655.4726
1674.0138
1691.4164
1710.4305
1728.6842
1746.9944
1767.306
1783.8961
1803.5814
1820.3782
1836.9098
1856.1965
1872.6358
1892.4968
1910.9966
1927.9255
1947.7467
1966.4834
1984.3529
2003.8925
2022.6477
2041.3716
2060.8097
2080.4313
2099.8108
2120.7882
2140.0067
2160.6261
2180.1184
2199.3557
2218.0207
2239.7315
2258.0269
2276.0671
2296.7126
2313.7005
2330.4177
2348.9682
2369.0515
2389.4648
2409.3866
2429.1934
2449.8353
2468.8987
2491.6701
2511.362
2530.0439
2553.6116
2577.2293
2597.3002
2615.8159
2637.8975
2658.9043
2680.4948
2697.2674
2715.5279
2732.9997
2751.9642
2775.8856
2797.3712
2815.1445
2839.9257
2857.909
2880.6821
2902.6889
2923.8661
2947.4792
2972.7955
2994.5904
3014.0233
3039.9234
