144.0
144.0
142.0917
140.2077
138.2604
136.3748
134.462
132.5582
130.8676
129.1288
127.2931
125.4496
123.681
121.9729
120.105
118.2881
116.6036
114.8999
113.1646
111.4664
109.8601
108.1902
106.482
104.9912
103.3837
101.7828
100.2417
98.7745
97.3021
95.6877
94.1522
92.6471
91.2634
89.8589
88.5145
87.0425
85.7272
84.2859
82.9809
81.6267
80.2992
78.9387
77.6866
76.4143
75.2472
73.929
72.7266
71.4482
70.2454
69.1138
67.9614
66.8171
65.7194
64.6179
63.7746
62.9519
62.1394
61.3462
60.442
59.5816
58.7168
58.0292
57.2126
56.4145
55.6143
54.7514
53.9427
53.2019
52.4895
51.7501
51.0292
50.2523
49.5495
48.8678
48.1633
47.4194
46.7156
46.0263
45.2995
44.6998
44.083
43.4043
42.7307
42.122
41.3991
40.7458
40.0799
39.4502
38.8145
38.1638
37.5455
36.9353
36.3687
35.8432
35.2601
34.7149
34.1009
33.5677
32.9744
32.4475
31.833
31.2104
30.6612
30.0979
29.5696
29.0121
28.5107
28.0019
27.5399
27.0219
26.5371
26.0406
25.5492
25.0955
24.6392
24.1754
23.7662
23.2915
22.8855
22.4686
22.0162
21.5769
21.1634
20.7579
20.3659
19.9187
19.5558
19.2212
18.9132
18.6313
18.3328
18.0536
17.7896
17.5096
17.257
17.0057
16.7163
16.4449
16.1784
15.9299
15.6805
15.4096
15.1562
14.9063
14.6645
14.4385
14.1981
13.9714
13.7155
13.5065
13.2545
13.0314
12.7826
12.5697
12.3779
12.1445
11.9602
11.7703
11.5647
11.3638
11.1783
10.9799
10.8015
10.5843
10.4123
10.2113
10.0269
9.8533
9.6677
9.4991
9.3288
9.1436
8.9953
8.8067
8.6518
8.5027
8.336
8.1816
8.0288
7.8638
7.7281
7.5855
7.4493
7.3222
7.1696
7.0549
6.9224
6.7821
6.65
6.5236
6.4135
6.3044
6.1726
6.0695
5.9473
5.8509
5.7483
5.6198
5.4935
5.3896
