15.0
15.0
14.9914
14.9817
14.971800000000005
14.962599999999977
14.953800000000003
14.9457
14.938500000000007
14.930800000000009
14.9228
14.916099999999988
14.9073
14.8997
14.891199999999985
14.8812
14.8711
14.862999999999994
14.8532
14.8437
14.835700000000006
14.8275
14.81879999999999
14.809799999999994
14.801900000000005
14.7928
14.782899999999989
14.774000000000012
14.764599999999998
14.755200000000006
14.746500000000024
14.736799999999992
14.727599999999983
14.717799999999986
14.708500000000011
14.698500000000006
14.689599999999983
14.680099999999976
14.671100000000003
14.661799999999998
14.653499999999994
14.645000000000007
14.635599999999995
14.626999999999988
14.61740000000002
14.608300000000012
14.598999999999982
14.590800000000012
14.58210000000001
14.573699999999983
14.564399999999983
14.555199999999994
14.5457
14.538300000000007
14.531699999999983
14.527099999999988
14.522300000000012
14.518100000000006
14.512099999999997
14.5071
14.5012
14.495400000000018
14.488800000000012
14.485600000000014
14.480799999999991
14.475300000000002
14.4709
14.46490000000002
14.459599999999991
14.454600000000012
14.450099999999988
14.445100000000012
14.441600000000006
14.436099999999985
14.430600000000004
14.42629999999999
14.420799999999996
14.414400000000006
14.408800000000015
14.402899999999997
14.397800000000005
14.393
14.387599999999992
14.381900000000003
14.376100000000003
14.371099999999997
14.365999999999994
14.3612
14.357300000000006
14.3535
14.3488
14.344500000000005
14.3384
14.333100000000012
14.3281
14.3218
14.317499999999994
14.31320000000001
14.307199999999995
14.302900000000017
14.29780000000001
14.292500000000006
14.288699999999988
14.284000000000002
14.279700000000005
14.273500000000002
14.268600000000006
14.265
14.260000000000005
14.25580000000001
14.249799999999993
14.245199999999993
14.240899999999977
14.236299999999988
14.231799999999994
14.227199999999977
14.2221
14.2181
14.212599999999995
14.208899999999986
14.205000000000005
14.201299999999982
14.1959
14.190000000000017
14.184800000000017
14.179799999999995
14.175699999999997
14.168899999999994
14.151600000000018
14.132699999999994
14.112900000000005
14.090199999999989
14.070600000000024
14.047100000000011
14.025299999999998
14.005299999999995
13.984199999999994
13.962499999999983
13.94240000000002
13.920699999999982
13.901400000000011
13.882599999999977
13.863900000000026
13.844099999999994
13.823999999999977
13.80390000000001
13.782600000000038
13.761999999999983
13.739500000000012
13.719100000000012
13.699799999999986
13.67919999999999
13.658600000000003
13.63790000000001
13.616599999999988
13.595200000000018
13.573800000000029
13.551399999999997
13.528100000000006
13.5055
13.483899999999988
13.461000000000023
13.442200000000035
13.419699999999994
13.397600000000029
13.376000000000023
13.353699999999964
13.333900000000012
13.312299999999954
13.294000000000024
13.273300000000017
13.249999999999995
13.229999999999977
13.211900000000028
13.189699999999995
13.168399999999982
13.148199999999983
13.127599999999983
13.103699999999991
13.081600000000012
13.061899999999973
13.041799999999999
13.020100000000008
12.999499999999978
12.977299999999966
12.951699999999997
12.928399999999993
12.907300000000012
12.886300000000027
12.863000000000019
12.844400000000007
12.824300000000031
12.801699999999997
12.783500000000023
12.763299999999992
12.741399999999976
12.721100000000009
12.700500000000012
12.677999999999994
12.659699999999958
