100.0
100.0
100.4087
100.8083
101.2611
101.6547
102.1004
102.6539
103.1582
103.6335
104.221
104.7599
105.288
105.8431
106.4153
106.9944
107.5031
108.0644
108.6036
109.1144
109.6768
110.2899
110.9245
111.6102
112.2715
112.8746
113.5612
114.1598
114.8056
115.4413
116.1621
116.7807
117.4155
118.1441
118.8151
119.4442
120.1332
120.7927
121.4835
122.1969
122.8291
123.5015
124.175
124.9157
125.6371
126.3618
127.0211
127.7186
128.552
129.4087
130.0996
130.8443
131.4783
132.1608
132.828
133.4075
133.8789
134.4696
134.9129
135.3798
135.8956
136.5082
136.9472
137.4338
137.871
138.3588
138.8349
139.3552
139.9017
140.3792
140.9192
141.3641
141.9292
142.4507
142.9854
143.4724
144.1097
144.6
145.1007
145.6049
146.1757
146.7244
147.2718
147.7846
148.3615
148.9402
149.4257
149.8466
150.3868
150.9302
151.4276
152.0075
152.5086
153.007
153.4841
153.8707
154.3726
154.9169
155.3865
155.942
156.5114
156.9692
157.4746
158.0712
158.603
159.0628
159.6458
160.0888
160.7066
161.2536
161.7395
162.2858
162.7614
163.2493
163.676
164.3294
164.891
165.4025
165.96
166.4907
166.9272
167.3723
168.0048
168.5469
169.1223
169.6012
170.2374
170.7595
171.5135
172.2898
173.2078
173.9697
175.0116
175.8204
176.6575
177.5373
178.4613
179.4277
180.4106
181.4394
182.3559
183.3436
184.3024
185.3676
186.3756
187.542
188.5834
189.7006
190.8026
191.9171
192.9789
193.9693
195.1119
196.2695
197.4364
198.7773
200.1107
201.1784
202.3991
203.5031
204.9104
206.2939
207.7648
209.2577
210.4341
211.8669
213.2089
214.533
215.9649
217.3651
218.722
220.0759
221.3767
222.772
224.2969
225.8121
227.3831
228.7069
230.2833
231.6355
233.1754
234.6436
236.1859
237.6946
239.1852
240.8209
242.2649
243.7407
245.1468
246.585
248.2009
249.905
251.3301
252.8838
254.4518
256.0116
257.7098
259.5045
261.1779
262.8712
