289.0
289.0
285.6491
282.3514
278.9026
275.508
272.2621
268.8301
265.8327
262.7587
259.7382
256.6088
253.4673
250.33
247.2283
244.387
241.4883
238.5098
235.6763
232.4925
229.6301
226.7302
223.8861
221.0572
218.3259
215.2876
212.5342
209.7226
206.9288
204.0224
201.2863
198.6939
196.0786
193.4698
190.8532
188.2153
185.6318
183.2621
180.6881
178.059
175.6626
173.2447
170.7807
168.5384
166.2073
163.8407
161.593
159.2864
156.9416
154.7159
152.5538
150.2522
148.0747
145.9665
143.8806
141.7345
139.7292
137.5298
135.5411
133.5555
131.528
129.3592
127.356
125.4503
123.4542
121.5725
119.6107
117.7116
115.8215
114.0277
112.1842
110.4448
108.5816
106.8529
105.0196
103.2881
101.5168
99.7524
98.0762
96.4269
94.7244
93.025
91.4298
89.6777
88.0456
86.394
84.8422
83.3405
81.9157
80.5073
79.1179
77.7372
76.3219
74.9386
73.5352
72.1935
70.6205
69.2462
68.0455
66.6854
65.4008
64.1302
62.8821
61.6098
60.3932
59.1295
57.9601
56.7839
55.6237
54.4223
53.2471
52.1346
51.0864
50.0466
48.9083
47.7878
46.7485
45.7662
44.7277
43.7177
42.6769
41.7879
40.8828
40.0214
39.1442
38.2612
37.4195
36.7145
36.1932
35.7432
35.3204
34.8949
34.4457
33.9758
33.5859
33.1946
32.7372
32.2937
31.8911
31.4526
31.0747
30.6384
30.2307
29.8429
29.4782
29.1101
28.735
28.3422
27.9542
27.6012
27.215
26.866
26.537
26.1649
25.7792
25.4183
25.0731
24.7326
24.4109
24.0937
23.7656
23.4227
23.0966
22.786
22.4383
22.1299
21.8157
21.5185
21.2365
20.9601
20.6707
20.3731
20.1022
19.8238
19.5237
19.2432
18.9488
18.7137
18.4269
18.1516
17.9291
17.6554
17.3761
17.1235
16.9043
16.6301
16.4189
16.1697
15.9029
15.6627
15.4085
15.1808
14.9495
14.7389
14.4893
14.2474
14.0578
13.8581
13.6346
13.4346
