12.0
12.0
11.945800000000032
11.894000000000004
11.845499999999994
11.791099999999972
11.7382
11.688699999999994
11.63300000000003
11.585599999999975
11.539600000000052
11.491700000000026
11.437900000000026
11.38700000000004
11.336800000000025
11.28850000000002
11.237400000000003
11.1862
11.136199999999981
11.084200000000004
11.03359999999999
10.980699999999993
10.93819999999997
10.891300000000019
10.84680000000002
10.801399999999983
10.752700000000017
10.70770000000004
10.661399999999967
10.616299999999994
10.568099999999983
10.513600000000032
10.46579999999999
10.42280000000001
10.375799999999996
10.332100000000045
10.283700000000005
10.235999999999944
10.188299999999993
10.142400000000023
10.091799999999981
10.042999999999994
9.997399999999944
9.950100000000004
9.907000000000005
9.858300000000058
9.812800000000047
9.763200000000007
9.716699999999998
9.672199999999963
9.628199999999948
9.581799999999982
9.540199999999974
9.495000000000015
9.465599999999995
9.435400000000001
9.40659999999999
9.380500000000012
9.348299999999993
9.318499999999943
9.288400000000008
9.26080000000004
9.237300000000028
9.206799999999966
9.178499999999987
9.148700000000012
9.11940000000001
9.093399999999997
9.064500000000015
9.034900000000043
9.003600000000002
8.977900000000007
8.950899999999983
8.925500000000072
8.898999999999976
8.872600000000014
8.844900000000017
8.8185
8.792100000000003
8.768099999999974
8.741099999999975
8.712899999999967
8.685300000000035
8.656300000000009
8.629700000000005
8.604400000000016
8.577800000000044
8.5501
8.526200000000026
8.501999999999946
8.477199999999998
8.451099999999991
8.424899999999967
8.399600000000039
8.373700000000007
8.347900000000031
8.320599999999963
8.293400000000057
8.268600000000038
8.242099999999967
8.214300000000073
8.191100000000008
8.167299999999967
8.14200000000002
8.113999999999953
8.086699999999965
8.061499999999985
8.038700000000006
8.015699999999983
7.9905
7.965199999999997
7.940900000000002
7.9135
7.8912
7.8651
7.8411
7.816600000000001
7.7909
7.764000000000001
7.739499999999997
7.7141
7.691100000000003
7.665399999999997
7.641800000000003
7.6186000000000025
7.594
7.5719
7.5491
7.533100000000005
7.517899999999997
7.5029
7.486499999999997
7.471600000000006
7.455599999999997
7.437000000000005
7.418999999999997
7.4069
7.388100000000004
7.375500000000011
7.3602
7.343900000000006
7.328999999999995
7.312300000000001
7.3018
7.286200000000006
7.267999999999997
7.249100000000003
7.236099999999985
7.221599999999999
7.2054
7.188700000000002
7.173499999999994
7.156100000000008
7.142599999999991
7.126400000000006
7.112399999999997
7.096400000000009
7.078600000000006
7.066999999999989
7.050599999999996
7.0356
7.015800000000001
6.9983999999999975
6.981900000000008
6.9629
6.947800000000006
6.926399999999998
6.912299999999985
6.897999999999997
6.882499999999989
6.865699999999988
6.855299999999987
6.8392
6.820100000000012
6.803800000000006
6.788099999999994
6.770200000000009
6.752899999999997
6.733899999999991
6.717199999999984
6.698300000000003
6.684199999999994
6.663199999999988
6.644899999999997
6.627600000000005
6.611199999999994
6.592999999999993
6.5802
6.562699999999985
6.550800000000013
6.5314
6.517099999999992
6.500799999999994
6.481200000000025
6.467900000000014
6.452400000000002
6.433000000000015
6.414300000000012
6.3987000000000025
6.3795000000000135
