13.0
13.0
12.9949
12.988500000000013
12.987700000000038
12.986699999999976
12.983400000000028
12.98990000000001
12.992400000000021
12.999700000000017
13.00350000000002
13.012299999999987
13.016300000000026
13.0206
13.029499999999992
13.037900000000057
13.046999999999995
13.062999999999999
13.075199999999993
13.088000000000012
13.110699999999976
13.129700000000035
13.143400000000005
13.159799999999992
13.172400000000003
13.194099999999997
13.212899999999994
13.231099999999982
13.250799999999995
13.272699999999995
13.29320000000001
13.322199999999977
13.343399999999997
13.3699
13.397100000000012
13.420600000000011
13.443499999999991
13.473200000000006
13.50029999999999
13.529999999999994
13.556600000000014
13.582999999999986
13.613199999999994
13.640500000000017
13.6686
13.700600000000012
13.731400000000017
13.75919999999999
13.786800000000007
13.819299999999995
13.851199999999988
13.880300000000005
13.913700000000002
13.948800000000002
13.985999999999983
14.014300000000024
14.050499999999994
14.077599999999995
14.104199999999993
14.138200000000035
14.169799999999995
14.198500000000006
14.229599999999989
14.263499999999983
14.298
14.326700000000006
14.357799999999976
14.3947
14.427099999999994
14.465200000000006
14.5003
14.5347
14.568800000000007
14.602699999999997
14.634900000000012
14.671099999999994
14.700500000000012
14.7414
14.785699999999991
14.821799999999998
14.8638
14.901699999999995
14.9407
14.976699999999997
15.012600000000008
15.049899999999992
15.085999999999995
15.123100000000006
15.161499999999997
15.2008
15.2409
15.278199999999995
15.312600000000003
15.353899999999994
15.394300000000007
15.4336
15.473300000000005
15.5128
15.5462
15.5838
15.624
15.6659
15.699499999999997
15.7395
15.7855
15.823
15.8659
15.9064
15.9475
15.980600000000003
16.021000000000065
16.05819999999988
16.10069999999993
16.13600000000005
16.176899999999954
16.212400000000017
16.252199999999966
16.287200000000002
16.331499999999984
16.370900000000045
16.41330000000004
16.460999999999984
16.501800000000106
16.53620000000003
16.576299999999943
16.617300000000043
16.6591
16.7004
16.747199999999864
16.786599999999975
16.82739999999994
16.87440000000001
16.918599999999987
16.959100000000024
16.99560000000001
17.04290000000007
17.086400000000058
17.12990000000006
17.177700000000062
17.227500000000063
17.274299999999975
17.32190000000001
17.363299999999995
17.407900000000023
17.446200000000047
17.494299999999935
17.537200000000063
17.58759999999998
17.63600000000001
17.673300000000037
17.720599999999955
17.77029999999998
17.822099999999995
17.874399999999895
17.9256
17.975600000000007
18.025100000000005
18.07290000000003
18.122599999999995
18.179000000000013
18.224899999999955
18.277499999999943
18.322299999999977
18.369700000000044
18.421499999999984
18.470799999999965
18.513299999999973
18.555399999999874
18.60890000000009
18.65900000000001
18.708699999999954
18.753100000000018
18.796199999999978
18.843899999999994
18.89770000000004
18.95380000000002
19.008300000000027
19.054599999999937
19.103900000000078
19.15290000000002
19.201499999999996
19.253299999999903
19.301899999999954
19.357499999999956
19.399099999999954
19.450999999999993
19.499300000000055
19.55219999999993
19.604600000000072
19.654099999999943
19.70229999999992
19.752199999999988
19.79680000000005
19.84919999999991
19.898500000000134
19.94960000000002
19.998400000000167
20.046599999999938
20.092400000000065
20.13770000000009
