121.0
121.0
119.9584
118.9752
118.0944
117.1021
116.1441
115.2102
114.3553
113.4769
112.6795
111.8478
111.0836
110.2961
109.4289
108.6279
107.8662
107.1377
106.3724
105.6616
104.9451
104.2956
103.5433
102.8153
102.1111
101.4864
100.7715
100.1049
99.4442
98.8638
98.2041
97.5378
96.8863
96.1591
95.5691
95.0028
94.3942
93.7119
93.1429
92.5134
91.8984
91.3268
90.7038
90.1429
89.6083
88.9729
88.3744
87.8191
87.2786
86.6418
86.027
85.519
84.8975
84.2887
83.7852
83.2683
82.8588
82.4389
81.9412
81.6014
81.1886
80.7239
80.3155
79.8395
79.3955
78.948
78.4261
78.0594
77.71
77.3261
76.9421
76.5648
76.1677
75.7814
75.3803
74.9871
74.7199
74.2922
73.9066
73.522
73.1626
72.7796
72.4271
72.0781
71.7504
71.4171
71.0495
70.6914
70.3465
69.9867
69.587
69.1364
68.8155
68.4979
67.9664
67.5458
67.1747
66.8096
66.4545
66.1603
65.7913
65.4232
65.0587
64.6978
64.3759
63.9905
63.6804
63.3247
62.9606
62.5703
62.2268
61.8834
61.5188
61.1771
60.825
60.5074
60.1847
59.8422
59.4871
59.1339
58.7888
58.4475
58.0735
57.7497
57.4182
57.0715
56.6759
56.3102
55.915
55.4382
55.0328
54.5877
54.099
53.6401
53.2114
52.7472
52.2386
51.7561
51.2402
50.7418
50.2858
49.8198
49.3304
48.8495
48.3248
47.8962
47.4254
46.9237
46.4703
45.9694
45.5272
45.0952
44.6251
44.2167
43.8111
43.3071
42.8485
42.391
41.9217
41.5093
41.0508
40.5764
40.1361
39.7139
39.2957
38.834
38.4013
37.9987
37.586
37.1889
36.7516
36.3355
35.9623
35.6168
35.2184
34.8906
34.4996
34.0599
33.6589
33.3498
32.9734
32.5967
32.2193
31.8082
31.4913
31.119
30.7884
30.4394
30.077
29.7445
29.4043
29.0513
28.7076
28.378
28.0204
27.6742
27.3504
27.021
26.7212
26.4218
