64.0
64.0
60.0492
56.3861
52.7047
49.3555
46.0408
42.8301
40.0491
37.2104
34.8867
32.8621
30.7427
28.7584
26.8805
25.215
23.536
21.9875
20.4981
19.1615
17.867
16.8204
15.6966
14.6388
13.6839
12.6705
11.8374
11.0692
10.3923
9.732
9.0772
8.4732
7.9951
7.5549
7.0507
6.6578
6.2523
5.8008
5.3438
5.0214
4.6602
4.3584
4.0612
3.7979
3.5349
3.2911
3.042
2.8815
2.6675
2.4968
2.3813
2.2437
2.1458
2.0341
2.0451
2.0295
2.0186
2.04
2.0432
2.0639
2.0919
2.1118
2.1404
2.154
2.1603
2.2173
2.2199
2.218
2.2675
2.3398
2.3722
2.4196
2.4496
2.4798
2.5585
2.5859
2.5987
2.6265
2.6527
2.6996
2.7502
2.7984
2.8487
2.9082
2.938
2.9893
3.0047
3.0284
3.0513
3.1318
3.192
3.2216
3.2565
3.3216
3.3685
3.4039
3.4215
3.4914
3.516
3.578
3.638
3.6769
3.7777
3.8764
3.909
3.9929
4.0732
4.0983
4.1157
4.1624
4.2365
4.3148
4.3775
4.4562
4.4873
4.499
4.5861
4.6624
4.7027
4.7557
4.8515
4.8867
4.9616
4.9658
5.0458
5.0896
5.1973
5.2356
5.1816
5.1213
5.103
5.0838
5.0174
4.967
4.939
4.92
4.9387
4.8837
4.8821
4.8351
4.7753
4.7436
4.7821
4.7147
4.6618
4.7176
4.5917
4.4868
4.3881
4.4075
4.4072
4.3386
4.3209
4.2838
4.243
4.2315
4.2233
4.2019
4.1651
4.0886
4.0737
4.0031
3.9973
3.9786
4.036
3.9626
3.9846
3.9384
3.9102
3.9473
3.9437
3.857
3.7965
3.7686
3.7794
3.7961
3.7463
3.6658
3.5992
3.6216
3.554
3.5074
3.4995
3.4895
3.5278
3.4986
3.4711
3.4367
3.4337
3.4037
3.4409
3.3884
3.4381
3.4
3.4136
3.3979
3.4027
3.3988
3.3799
3.3722
