0.0
0.0
2.9999999999999954E-4
4.0000000000000213E-4
4.0000000000000213E-4
7.999999999999957E-4
0.0012000000000000016
0.0015000000000000018
0.001899999999999994
0.0022999999999999987
0.0026000000000000025
0.0029000000000000054
0.0037999999999999852
0.004099999999999994
0.004499999999999991
0.0050000000000000105
0.005599999999999991
0.006499999999999997
0.0072
0.007499999999999986
0.00809999999999995
0.008299999999999965
0.009099999999999994
0.010399999999999961
0.0111
0.0119
0.012600000000000007
0.012899999999999995
0.013699999999999988
0.015000000000000062
0.016100000000000086
0.017400000000000096
0.01859999999999989
0.0197
0.020199999999999947
0.0213
0.02140000000000005
0.022399999999999965
0.023300000000000022
0.023799999999999967
0.024600000000000045
0.024799999999999992
0.02580000000000001
0.02649999999999991
0.027200000000000068
0.028099999999999965
0.02860000000000002
0.029999999999999916
0.03100000000000018
0.0318
0.03269999999999989
0.0336999999999999
0.03390000000000001
0.035200000000000016
0.03609999999999991
0.03710000000000013
0.037700000000000115
0.03889999999999999
0.0407
0.04289999999999993
0.045199999999999935
0.04749999999999997
0.04860000000000011
0.050599999999999895
0.052899999999999975
0.054700000000000054
0.056600000000000046
0.0587000000000001
0.060600000000000355
0.06269999999999994
0.0652999999999997
0.06699999999999999
0.06999999999999981
0.07259999999999985
0.0748999999999998
0.07710000000000018
0.07929999999999987
0.08290000000000013
0.08610000000000015
0.08959999999999986
0.0926999999999999
0.09459999999999998
0.09819999999999995
0.10080000000000021
0.10339999999999998
0.10769999999999987
0.11020000000000005
0.1138
0.11659999999999995
0.12000000000000013
0.12300000000000003
0.12599999999999995
0.1297000000000005
0.13299999999999945
0.13739999999999983
0.1414000000000002
0.14460000000000028
0.14740000000000025
0.15090000000000037
0.1528999999999994
0.15769999999999929
0.16139999999999893
0.16430000000000036
0.16849999999999937
0.1720000000000004
0.1763000000000003
0.1800999999999998
0.18360000000000026
0.18789999999999987
0.19140000000000051
0.19669999999999982
0.20170000000000024
0.20650000000000004
0.21099999999999955
0.2144000000000001
0.21830000000000008
0.22259999999999971
0.2254
0.2280000000000001
0.2332000000000001
0.2381000000000001
0.2414999999999999
0.2452
0.24949999999999994
0.25439999999999807
0.2592999999999995
0.26400000000000134
0.26819999999999966
0.2718999999999995
0.2767000000000013
0.28059999999999885
0.285999999999999
0.29090000000000027
0.2975999999999986
0.3020999999999991
0.30699999999999944
0.31180000000000063
0.3158999999999993
0.32210000000000016
0.32630000000000015
0.3306999999999993
0.3358000000000005
0.34090000000000104
0.3456999999999986
0.35050000000000037
0.35590000000000066
0.35939999999999966
0.3633999999999998
0.3671
0.3700999999999995
0.3753999999999995
0.3786999999999992
0.38400000000000084
0.38730000000000026
0.3907999999999998
0.39649999999999946
0.40060000000000007
0.4039000000000004
0.4093999999999995
0.4132
0.4179999999999998
0.42269999999999963
0.42590000000000017
0.42920000000000047
0.43310000000000026
0.43659999999999966
0.4404000000000002
0.4452999999999998
0.4482
0.4522999999999998
0.4556999999999994
0.4586999999999999
0.46090000000000053
0.4641
0.4679000000000002
0.4709000000000001
0.4742999999999996
0.4766
0.4811000000000001
0.48399999999999965
0.4871000000000001
0.4914
0.49569999999999925
0.4994000000000009
0.5033000000000012
0.5064999999999957
0.5112000000000014
0.5149000000000007
0.5182999999999978
0.5222000000000002
0.5255000000000024
0.5292000000000036
0.5329000000000008
0.5363000000000046
0.5392000000000053
0.5415999999999965
0.5468000000000004
0.5494000000000028
0.5516
0.5550999999999965
