1331.0
1331.0
1314.7852
1299.5438
1286.0044
1270.7543
1256.1463
1241.9868
1229.1209
1215.8705
1204.0167
1191.6494
1180.361
1168.6409
1155.9225
1144.2541
1133.2768
1122.7471
1111.84
1101.8022
1091.5361
1082.438
1071.6575
1061.3919
1051.5037
1042.8612
1032.9519
1023.7455
1014.7638
1006.8856
997.9941
988.8412
979.9625
969.9721
962.1327
954.605
946.5854
937.6175
930.0853
921.6486
913.5508
905.9836
897.9584
890.7955
884.1307
875.7475
867.8834
860.7483
853.8414
845.5408
837.635
831.2752
823.1747
815.2655
808.9456
802.5155
797.4806
792.1471
786.0316
781.8808
776.8658
771.2453
766.3129
760.3735
754.9803
749.5048
743.2201
738.942
735.136
730.5205
726.0733
721.813
717.0137
712.3932
707.7605
703.2303
700.3685
695.7062
691.383
687.021
682.8198
678.1558
674.1125
670.0513
666.2566
662.7971
658.6077
654.7164
650.7061
646.6849
641.9844
636.736
633.3513
629.9497
623.8404
618.927
614.6619
610.671
606.7053
603.7271
599.8257
595.929
591.7771
587.7376
584.5303
580.2995
576.756
572.6665
568.6288
563.9809
560.0178
556.3036
552.4598
548.6663
544.9324
541.5654
537.8841
534.0378
529.9645
526.0841
522.627
519.0063
514.9465
511.5681
508.2246
504.7363
500.3757
496.3964
492.3492
486.8096
482.3148
477.6795
472.4488
467.6501
463.1984
458.3574
452.8832
447.6233
442.0116
436.7522
431.9044
426.9232
421.6782
416.4811
410.913
406.6718
401.776
396.6087
391.7911
386.4196
381.8028
377.4372
372.4403
368.3091
364.2231
359.0177
354.3429
349.8138
345.0617
340.9035
336.256
331.3522
326.8619
322.6881
318.6491
314.2012
309.9593
305.8673
301.9
298.0119
293.9286
289.7429
286.0999
283.0618
279.334
276.4448
272.661
268.2705
264.3081
261.624
258.0528
254.6999
251.1303
247.3038
244.2755
240.738
237.7018
234.4456
231.0978
228.0173
224.8683
221.6543
218.4778
215.4712
212.264
209.3108
206.2732
203.3936
200.683
198.0592
