361.0
361.0
354.8602
349.2596
343.8586
338.0486
332.601
327.3962
321.94
316.5254
310.9501
306.158
301.0039
296.0264
290.9312
285.9426
281.2434
276.6345
272.2139
267.8627
263.581
259.0482
254.7719
250.6244
246.1954
242.3669
238.24
234.2532
230.448
226.3646
222.5806
218.7322
214.9217
211.5643
207.8357
204.4882
201.1309
197.9755
194.4266
191.2739
188.0841
185.1673
181.9512
178.9698
176.0118
173.0209
170.1057
167.0848
164.1827
160.9754
157.986
155.3927
152.4839
150.0361
148.3741
146.678
145.1287
143.8211
142.3912
140.8167
139.2501
137.7075
136.4057
134.8737
133.5818
131.963
130.6297
129.5442
127.9035
126.4638
124.8788
123.4724
122.1179
120.6906
119.3437
118.0898
116.8113
115.5479
114.4647
113.1368
112.0023
110.7128
109.5267
108.4254
107.231
105.9054
104.9175
103.717
102.5254
101.4364
100.4022
99.0952
97.7864
96.6779
95.7078
94.6714
93.5865
92.535
91.4429
90.2921
89.1135
88.0753
86.8784
85.7766
84.6596
83.8105
82.5913
81.6212
80.7384
79.8497
78.8726
77.863
76.8984
75.9838
74.9667
74.0938
73.2218
72.2643
71.4922
70.5756
69.7574
68.832
68.0201
67.1406
66.2523
65.3036
64.4833
63.9881
63.7893
63.41
63.3885
63.3402
63.1671
63.1372
63.0723
63.0329
62.9277
62.828
62.7208
62.5889
62.4867
62.4925
62.423
62.4498
62.4659
62.35
62.2802
62.1683
62.2103
62.1028
62.1029
62.1439
62.0531
61.9038
61.8165
61.7885
61.7458
61.5921
61.5317
61.417
61.3614
61.2837
61.2755
61.3512
61.3615
61.2353
61.1403
61.0597
60.8895
60.8159
60.7312
60.6379
60.5922
60.4837
60.5216
60.4787
60.5275
60.6342
60.6195
60.6156
60.8
60.644
60.5588
60.4183
60.2802
60.1993
60.1554
60.1644
60.1389
60.2256
60.0651
59.9564
59.9945
60.0806
60.1363
60.178
60.0879
60.0426
60.0358
60.0061
