30.0
30.0
29.99389999999999
29.983
29.972000000000012
29.9616
29.9534
29.939599999999988
29.9358
29.9218
29.9093
29.8938
29.88550000000001
29.8716
29.857700000000012
29.843100000000007
29.820100000000025
29.7977
29.784499999999987
29.76970000000001
29.757399999999993
29.739500000000007
29.72439999999999
29.7034
29.68730000000001
29.664499999999983
29.648999999999987
29.627900000000007
29.611099999999983
29.584700000000005
29.55930000000002
29.533099999999987
29.511700000000012
29.488400000000023
29.459199999999964
29.433399999999995
29.406599999999987
29.376700000000028
29.36579999999999
29.34509999999998
29.317199999999993
29.2861
29.26389999999998
29.244199999999996
29.219200000000036
29.194600000000023
29.166
29.1384
29.109100000000012
29.074800000000025
29.045100000000005
29.015700000000013
28.9777
28.949599999999982
28.93590000000001
28.9237
28.908999999999995
28.8985
28.8882
28.87409999999998
28.859299999999955
28.848299999999988
28.831799999999976
28.813400000000012
28.79419999999999
28.77719999999999
28.758000000000028
28.737299999999966
28.720800000000022
28.7008
28.681199999999958
28.65989999999999
28.6398
28.619299999999978
28.596100000000018
28.571700000000025
28.546800000000037
28.525399999999994
28.50319999999999
28.4779
28.4484
28.425199999999993
28.396700000000035
28.37360000000001
28.347800000000024
28.322500000000034
28.293500000000012
28.26509999999999
28.234500000000022
28.2143
28.189400000000052
28.163400000000006
28.13489999999996
28.10669999999999
28.081900000000022
28.052700000000012
28.0269
28.00029999999997
27.96949999999992
27.939499999999978
27.915000000000006
27.88719999999999
27.857300000000023
27.827699999999975
27.79469999999997
27.765100000000036
27.733300000000018
27.7035
27.670699999999975
27.64450000000001
27.616400000000013
27.582799999999988
27.54730000000004
27.51499999999999
27.482700000000005
27.447299999999988
27.4161
27.38980000000001
27.35699999999999
27.323400000000053
27.290999999999976
27.259700000000024
27.220899999999972
27.186400000000024
27.156300000000048
27.12300000000001
27.093300000000024
27.058499999999988
27.004000000000012
26.952
26.902800000000013
26.850100000000023
26.80199999999996
26.7532
26.704800000000045
26.654400000000024
26.603100000000047
26.552200000000052
26.500700000000048
26.45119999999999
26.398899999999994
26.34769999999997
26.294099999999975
26.24570000000001
26.198499999999974
26.151099999999975
26.098999999999958
26.054200000000034
26.005299999999984
25.960300000000007
25.91610000000002
25.873099999999948
25.823799999999917
25.77210000000002
25.71490000000002
25.657899999999938
25.60709999999996
25.559200000000022
25.508199999999988
25.46230000000008
25.41139999999999
25.366799999999976
25.31700000000001
25.27470000000009
25.225700000000074
25.17670000000005
25.1258
25.077000000000044
25.02070000000001
24.96570000000001
24.922800000000095
24.873000000000008
24.82159999999995
24.774500000000078
24.73010000000007
24.681100000000054
24.627700000000047
24.578100000000042
24.523199999999992
24.469800000000014
24.415099999999942
24.358799999999945
24.312899999999967
24.261899999999965
24.213599999999992
24.1581
24.108999999999984
24.057999999999996
24.008899999999976
23.962500000000063
23.911900000000028
23.861500000000024
23.81169999999993
23.762999999999984
23.716600000000042
23.66789999999993
23.618600000000033
23.57039999999997
23.51719999999996
23.469700000000024
