10.0
10.0
9.974799999999993
9.948700000000002
9.920899999999996
9.898400000000061
9.871199999999988
9.843299999999992
9.816199999999947
9.794700000000017
9.773099999999966
9.750099999999982
9.72509999999999
9.702500000000033
9.681799999999944
9.663300000000005
9.6381
9.612800000000036
9.592600000000015
9.57039999999999
9.552800000000019
9.532399999999983
9.514000000000019
9.493500000000019
9.477300000000024
9.458499999999995
9.439000000000016
9.426599999999954
9.40960000000001
9.39200000000001
9.370499999999971
9.348999999999974
9.336599999999937
9.318800000000001
9.301500000000006
9.283399999999967
9.264799999999958
9.250599999999993
9.228300000000052
9.212100000000019
9.197000000000008
9.181800000000027
9.162199999999945
9.146599999999982
9.124800000000018
9.10720000000005
9.09269999999999
9.074699999999996
9.061899999999998
9.049900000000049
9.035800000000014
9.025899999999961
9.00899999999996
8.994699999999943
8.995299999999938
9.007000000000023
9.017600000000042
9.030700000000014
9.044299999999977
9.061599999999999
9.071999999999989
9.083300000000007
9.09349999999998
9.105199999999988
9.118899999999991
9.134200000000023
9.150799999999991
9.168300000000027
9.192199999999987
9.211700000000006
9.23080000000001
9.254300000000002
9.27460000000006
9.295800000000014
9.318199999999997
9.337599999999972
9.35910000000001
9.38000000000001
9.406900000000013
9.430699999999996
9.453200000000011
9.47320000000007
9.491700000000007
9.516799999999996
9.542099999999968
9.557499999999985
9.579799999999967
9.604600000000017
9.62829999999996
9.651400000000029
9.675200000000048
9.698900000000027
9.724499999999928
9.75040000000002
9.779200000000033
9.806999999999922
9.832100000000048
9.861999999999982
9.886199999999981
9.914499999999979
9.935900000000034
9.963699999999982
9.994600000000032
10.027900000000038
10.0589
10.088500000000003
10.119799999999966
10.145000000000032
10.172500000000001
10.201100000000011
10.229300000000014
10.259000000000025
10.283899999999987
10.310300000000012
10.342499999999976
10.37209999999999
10.40090000000001
10.428900000000002
10.457500000000039
10.48839999999997
10.517499999999988
10.548300000000006
10.577200000000055
10.607200000000002
10.638900000000026
10.667899999999975
10.7024
10.731399999999976
10.764300000000016
10.799000000000012
10.83089999999999
10.869700000000028
10.90589999999995
10.945399999999957
10.98359999999997
11.026899999999994
11.066300000000002
11.102500000000031
11.137099999999986
11.179300000000017
11.219100000000003
11.258900000000025
11.30499999999999
11.3435
11.386399999999997
11.429199999999998
11.469600000000005
11.516599999999983
11.55549999999998
11.599100000000004
11.638399999999994
11.680499999999965
11.721500000000031
11.766099999999968
11.811199999999996
11.849399999999951
11.895200000000008
11.933800000000002
11.978499999999984
12.017999999999992
12.060699999999986
12.100800000000016
12.140300000000009
12.180699999999986
12.222500000000002
12.26950000000002
12.313000000000033
12.357100000000017
12.403100000000011
12.448800000000002
12.493300000000005
12.537499999999966
12.583600000000043
12.629899999999983
12.681000000000008
12.730300000000007
12.772499999999981
12.820999999999993
12.86969999999999
12.918100000000004
12.96450000000001
13.001900000000012
13.051699999999965
13.102400000000012
13.148499999999995
13.201600000000008
13.24649999999998
13.291899999999982
13.3437
13.388499999999983
13.435099999999988
13.483099999999988
13.533399999999997
13.580900000000035
13.630400000000028
13.679099999999988
13.733099999999995
13.778500000000006
13.826600000000012
13.870599999999994
