1.0
1.0
0.9802
0.959
0.9417
0.9231
0.9036
0.8854
0.8696
0.8537
0.8347
0.8172
0.8029
0.7869
0.7714
0.7536
0.7379
0.7264
0.7148
0.7043
0.6918
0.6815
0.6702
0.6539
0.6421
0.6316
0.6195
0.6116
0.6036
0.5928
0.5816
0.5729
0.5627
0.5541
0.5398
0.5281
0.5151
0.5063
0.498
0.4906
0.4788
0.4698
0.4591
0.4517
0.4446
0.4384
0.4314
0.4231
0.4169
0.4115
0.4059
0.3989
0.3909
0.3898
0.3858
0.383
0.3805
0.3764
0.3765
0.3695
0.3663
0.3704
0.3676
0.3642
0.3624
0.3587
0.3567
0.3514
0.3515
0.352
0.3496
0.3502
0.3496
0.3493
0.3489
0.3485
0.3491
0.3467
0.3442
0.3443
0.3409
0.3383
0.3372
0.337
0.3335
0.3304
0.3278
0.3271
0.3266
0.3279
0.3259
0.3248
0.3235
0.3228
0.3184
0.3172
0.3175
0.3149
0.3136
0.3095
0.3071
0.3048
0.301
0.3007
0.3007
0.2999
0.3002
0.2993
0.296
0.2964
0.2931
0.2937
0.2939
0.2959
0.2915
0.2877
0.286
0.2863
0.2864
0.2893
0.2882
0.2906
0.2898
0.2872
0.2877
0.2879
0.2881
0.2865
0.2888
0.2885
0.2899
0.2883
0.2859
0.2863
0.2847
0.2851
0.2864
0.2868
0.288
0.2848
0.285
0.2872
0.2894
0.2919
0.2893
0.29
0.2968
0.3015
0.2998
0.3003
0.3021
0.3014
0.2972
0.2967
0.2984
0.2999
0.2996
0.3041
0.3025
0.3017
0.3035
0.305
0.308
0.3086
0.3121
0.3164
0.3168
0.3197
0.3263
0.3303
0.3292
0.3312
0.3308
0.3268
0.3285
0.3315
0.3328
0.3379
0.3367
0.3389
0.3415
0.3472
0.3485
0.35
0.3496
0.3519
0.3477
0.3499
0.3518
0.3485
0.3509
0.3492
0.3492
0.3512
0.3509
0.3507
0.3558
0.3636
0.3615
0.3586
