6.0
6.0
5.96240000000001
5.924900000000002
5.89370000000001
5.85939999999999
5.828800000000001
5.7957
5.762200000000005
5.7284999999999995
5.697199999999979
5.663200000000009
5.629399999999992
5.593799999999987
5.559399999999995
5.523200000000003
5.492600000000013
5.459099999999993
5.4251000000000005
5.395199999999982
5.364000000000004
5.331300000000021
5.297400000000006
5.268700000000006
5.236999999999999
5.2070000000000025
5.176800000000014
5.145200000000002
5.114299999999994
5.078400000000009
5.048599999999996
5.021700000000005
4.995700000000026
4.96530000000001
4.932100000000019
4.9021999999999695
4.872399999999997
4.842899999999994
4.815599999999995
4.784400000000007
4.755900000000028
4.73039999999998
4.700599999999996
4.6695999999999875
4.641699999999995
4.610700000000013
4.579499999999983
4.548000000000003
4.520500000000017
4.489399999999991
4.463600000000011
4.434300000000016
4.404300000000021
4.377099999999989
4.36319999999999
4.3604999999999965
4.35669999999999
4.353399999999957
4.350699999999992
4.347000000000012
4.3436
4.341999999999986
4.3396999999999855
4.338200000000006
4.337200000000016
4.336799999999997
4.337900000000005
4.337099999999994
4.338000000000013
4.338399999999994
4.336399999999998
4.3385999999999605
4.337100000000016
4.335800000000014
4.3369999999999935
4.335900000000002
4.333999999999983
4.335300000000015
4.336600000000005
4.338300000000007
4.342799999999997
4.339400000000016
4.340099999999991
4.3395999999999955
4.338599999999996
4.340100000000021
4.343000000000019
4.347200000000016
4.347599999999981
4.350899999999997
4.3479999999999945
4.3503999999999925
4.354099999999984
4.356800000000003
4.358999999999983
4.363899999999994
4.366300000000008
4.36949999999998
4.371599999999995
4.3757999999999795
4.378799999999999
4.382200000000013
4.3854000000000015
4.385999999999962
4.386699999999981
4.390399999999989
4.393799999999987
4.396699999999994
4.399100000000001
4.397400000000005
4.400199999999998
4.401100000000012
4.401499999999998
4.404299999999994
4.409399999999997
4.414099999999988
4.41699999999997
4.417500000000015
4.4197000000000095
4.425000000000006
4.42990000000001
4.433899999999989
4.432999999999994
4.436199999999996
4.438099999999987
4.4424000000000055
4.446100000000003
4.447200000000012
4.441000000000029
4.430699999999994
4.423200000000027
4.411799999999998
4.4044000000000025
4.396099999999989
4.385900000000007
4.3749999999999885
4.368800000000001
4.35640000000004
4.342400000000031
4.330499999999995
4.317700000000003
4.307700000000027
4.296699999999986
4.28440000000002
4.274100000000009
4.260099999999999
4.244600000000011
4.231299999999987
4.217100000000009
4.205900000000003
4.191899999999996
4.180299999999979
4.167099999999983
4.151099999999991
4.137499999999985
4.119799999999992
4.108099999999972
4.093400000000005
4.077900000000005
4.065699999999973
4.050099999999993
4.034499999999991
4.018199999999981
4.003599999999994
3.9890999999999925
3.9743
3.957
3.9426
3.9298
3.9131
3.8967
3.8834
3.8663
3.852699999999998
3.8369
3.820700000000001
3.8045
3.7863
3.7703999999999986
3.755099999999999
3.7379
3.7260999999999993
3.710799999999997
3.694
3.6781000000000015
3.6650999999999994
3.6480000000000015
3.635300000000003
3.618099999999998
3.6023000000000027
3.585699999999997
3.5699999999999985
3.5536
3.538700000000002
3.525
3.5112000000000023
3.492199999999995
3.4766000000000044
3.4616000000000042
3.4439
