36.0
36.0
35.596
35.1973
34.8719
34.5128
34.1936
33.8509
33.506
33.1661
32.8534
32.5178
32.1802
31.8262
31.4874
31.1372
30.8426
30.5337
30.2041
29.9334
29.645
29.3435
29.0328
28.7759
28.4858
28.2222
27.9564
27.6768
27.4031
27.0856
26.827
26.6003
26.3901
26.1305
25.8467
25.6036
25.3586
25.1259
24.9122
24.6556
24.4221
24.2158
23.984
23.7358
23.5221
23.2771
23.0341
22.8006
22.5933
22.3516
22.1736
21.9603
21.7451
21.5417
21.4524
21.4545
21.4419
21.4308
21.4279
21.4148
21.408
21.4134
21.4197
21.4236
21.4366
21.4554
21.4893
21.5075
21.5466
21.5656
21.571
21.613
21.6245
21.6452
21.6748
21.6853
21.6948
21.7373
21.7576
21.7843
21.844
21.8416
21.8747
21.8916
21.9106
21.9463
22.0066
22.0748
22.101
22.1553
22.1506
22.1886
22.2443
22.2862
22.3274
22.3925
22.4405
22.4899
22.534
22.5854
22.636
22.694
22.7474
22.775
22.8003
22.858
22.9216
22.9755
23.0299
23.046
23.0972
23.1189
23.1419
23.1823
23.2562
23.3293
23.3728
23.4043
23.4537
23.5304
23.5957
23.6581
23.671
23.7342
23.7623
23.817
23.8613
23.8984
23.8776
23.8149
23.7792
23.7014
23.6664
23.6179
23.5603
23.4846
23.4666
23.393
23.2822
23.2043
23.1157
23.0511
22.9963
22.9048
22.8419
22.7507
22.6442
22.5613
22.4729
22.4049
22.2971
22.2201
22.1449
22.0251
21.9337
21.8144
21.7269
21.6206
21.5161
21.4409
21.3303
21.2155
21.109
21.0142
20.9183
20.8107
20.7018
20.6008
20.5122
20.3835
20.2825
20.1986
20.0867
19.9989
19.9027
19.7889
19.6711
19.5435
19.444
19.3425
19.2375
19.1563
19.0524
18.9456
18.8279
18.7475
18.64
18.5631
18.4477
18.3393
18.2205
18.1118
17.9974
17.8985
17.8152
17.7372
17.6162
17.495
17.3974
17.2705
