144.0
144.0
142.7226
141.6949
140.5681
139.3499
138.2712
137.1667
136.0268
134.9831
133.8324
132.6341
131.5933
130.5924
129.5005
128.4333
127.4011
126.375
125.3116
124.2879
123.2879
122.2368
121.2756
120.3504
119.3549
118.2971
117.3544
116.4617
115.5749
114.5916
113.5773
112.5472
111.5211
110.5831
109.7132
108.7691
107.7733
106.962
106.1155
105.2541
104.3614
103.5176
102.6866
101.8051
100.9984
100.0958
99.203
98.4629
97.5572
96.737
95.8822
95.0427
94.1567
93.4549
92.8385
92.3153
91.8068
91.3037
90.8851
90.3515
89.8503
89.3458
88.9668
88.4411
87.9225
87.4892
86.9956
86.5844
86.0987
85.5402
85.0442
84.6593
84.1829
83.7433
83.2697
82.809
82.3611
81.898
81.4321
80.9814
80.5497
80.1116
79.7212
79.2862
78.842
78.4437
77.9986
77.5974
77.2308
76.8474
76.453
76.0275
75.5799
75.1765
74.7474
74.3795
73.9948
73.5809
73.1453
72.7884
72.3532
71.9448
71.5013
71.1626
70.7548
70.3744
70.0115
69.6359
69.2504
68.8957
68.527
68.1454
67.8179
67.4544
67.1205
66.7662
66.4064
66.072
65.7647
65.4772
65.0962
64.7497
64.4027
64.0944
63.7428
63.4375
63.088
62.8362
62.6017
62.3956
62.1822
62.018
61.9006
61.7013
61.4786
61.2649
61.0945
60.8937
60.6778
60.464
60.274
60.0474
59.8529
59.6973
59.4985
59.2936
59.1121
58.8898
58.7146
58.4742
58.2374
58.0376
57.8349
57.6031
57.4005
57.2059
57.0234
56.8573
56.6512
56.4837
56.2727
56.0849
55.907
55.6925
55.4339
55.2134
55.0624
54.8849
54.6929
54.4687
54.3106
54.0959
53.9179
53.6849
53.5648
53.3706
53.239
53.0449
52.8474
52.7044
52.4878
52.3198
52.1365
51.9236
51.7571
51.593
51.3621
51.1623
51.0349
50.8319
50.6369
50.4662
50.27
50.0631
49.8449
49.6911
49.5165
49.3317
49.1205
48.9448
