289.0
289.0
291.3123
293.6165
295.8282
298.3536
300.6867
302.8505
305.4172
307.8056
310.35
312.8186
315.6515
318.2354
320.7141
323.2851
325.997
328.6839
331.3895
334.1381
336.6228
339.2026
341.9379
344.5428
347.4345
349.9974
352.5704
355.5106
358.3071
361.4289
364.4638
367.4145
370.4575
373.3514
376.1692
379.0278
382.0021
385.0236
388.0687
391.0293
394.4311
397.6942
400.8886
404.0535
407.0515
409.9911
413.1719
416.5108
419.8004
422.9683
426.301
429.5994
432.9086
435.9825
438.6135
440.7024
442.9623
444.9136
447.1732
449.185
451.5865
453.8221
455.9117
458.1435
460.1492
462.3304
464.562
466.5224
468.4918
470.5404
472.4051
474.5245
476.6745
478.746
480.6317
482.8563
484.8083
486.9207
488.7746
490.7988
492.8016
494.9587
497.0496
498.9537
500.7672
502.7804
504.7229
506.7697
508.5071
510.5418
512.2952
514.5364
516.1682
518.0933
520.0049
521.9863
523.7564
525.4239
527.2437
529.0765
530.8824
532.5549
534.3754
536.0634
537.9211
539.901
541.605
543.2618
545.0624
546.843
548.4923
550.2784
552.0409
553.6814
555.1833
556.9973
558.6452
560.4626
562.0803
563.6664
565.2411
567.1919
568.9197
570.2525
571.9411
573.568
574.9917
577.0606
579.1215
581.1371
583.3285
585.5739
587.8671
589.8481
591.9548
593.8989
595.918
598.2909
600.4306
602.5571
604.6296
606.5409
608.6893
610.6836
613.0371
614.9036
617.0465
619.1082
621.1946
623.3922
625.2833
627.0865
629.2879
631.155
633.102
634.9104
637.2964
639.0899
641.0855
643.0707
645.0971
646.9213
648.8719
650.9624
652.7281
655.1013
657.1085
659.0504
661.0498
662.9026
664.7403
666.8959
669.0355
670.8777
672.8417
674.783
676.7442
678.7793
680.5325
682.3998
684.5417
686.2384
688.1903
690.1307
692.122
694.0486
695.7631
697.5914
699.3257
701.2859
703.2961
705.0917
706.657
708.5276
710.3435
712.1949
714.2903
716.2731
718.3755
720.3915
