12.0
12.0
11.94360000000002
11.897699999999965
11.847299999999962
11.792899999999987
11.744000000000021
11.694100000000022
11.642400000000015
11.59490000000003
11.541999999999986
11.48650000000001
11.438299999999968
11.390999999999993
11.33929999999999
11.28890000000001
11.240300000000023
11.19140000000006
11.140599999999983
11.091499999999979
11.043099999999972
10.992200000000008
10.945600000000002
10.899600000000024
10.85049999999997
10.797900000000045
10.750999999999982
10.705499999999981
10.66090000000004
10.61139999999997
10.559699999999971
10.507000000000048
10.454700000000022
10.40649999999998
10.361400000000012
10.31269999999999
10.261299999999968
10.217399999999973
10.172500000000001
10.126700000000007
10.079399999999957
10.032799999999979
9.987799999999973
9.940500000000036
9.89540000000002
9.846000000000009
9.795799999999943
9.754499999999961
9.704400000000021
9.657199999999989
9.609200000000078
9.56129999999995
9.511700000000005
9.471500000000015
9.436699999999991
9.407300000000038
9.377600000000008
9.348299999999956
9.322900000000049
9.293499999999979
9.265099999999988
9.2348
9.211799999999998
9.180699999999971
9.150700000000066
9.125000000000036
9.095600000000028
9.069600000000023
9.040300000000048
9.007199999999967
8.978200000000028
8.953700000000024
8.92469999999996
8.897699999999997
8.869699999999982
8.841800000000008
8.813700000000019
8.785600000000008
8.756299999999964
8.727800000000014
8.700899999999978
8.672800000000006
8.647199999999916
8.618999999999986
8.590599999999968
8.564299999999996
8.53559999999999
8.508600000000042
8.484799999999975
8.459600000000037
8.432400000000012
8.404299999999976
8.375500000000041
8.347499999999968
8.319800000000027
8.294499999999989
8.268400000000002
8.24190000000001
8.212100000000007
8.187799999999983
8.159800000000033
8.13180000000001
8.101500000000012
8.077199999999966
8.049199999999992
8.022999999999984
7.9965
7.9691
7.9418
7.9167
7.89
7.8636
7.839299999999999
7.8134
7.788500000000003
7.7632
7.737600000000001
7.7136
7.6901
7.6686
7.6408
7.615499999999997
7.590899999999999
7.565799999999997
7.539399999999997
7.516299999999997
7.489800000000003
7.4706
7.452100000000011
7.434600000000003
7.417799999999994
7.403799999999994
7.393400000000004
7.377700000000002
7.359600000000001
7.3429
7.326899999999996
7.3095000000000026
7.2932
7.276000000000004
7.258600000000006
7.239999999999997
7.223899999999994
7.2106999999999974
7.195700000000003
7.178400000000006
7.164100000000001
7.147599999999993
7.132000000000006
7.1136000000000115
7.094799999999991
7.077800000000004
7.0599
7.04389999999999
7.0281
7.0124999999999975
6.996999999999997
6.9825
6.965799999999994
6.951099999999996
6.9355
6.918299999999978
6.903000000000006
6.8853
6.865499999999991
6.846199999999992
6.834199999999997
6.817699999999991
6.801700000000017
6.783499999999994
6.7687999999999855
6.750700000000009
6.7343
6.716300000000006
6.704600000000005
6.687999999999994
6.675399999999997
6.659300000000009
6.64040000000001
6.627800000000025
6.610000000000003
6.593400000000011
6.578699999999996
6.561600000000006
6.547100000000006
6.532799999999995
6.511499999999999
6.493899999999994
6.480100000000005
6.462699999999994
6.445100000000007
6.430200000000008
6.413799999999993
6.3965
6.377499999999998
6.361499999999998
6.344300000000003
6.327099999999976
6.309900000000005
6.294200000000006
