289.0
289.0
284.6375
280.4316
275.9391
271.4906
267.1422
262.9508
258.5962
254.3778
249.8248
245.4264
241.3409
237.2142
233.0202
228.8076
224.5989
220.168
216.0454
211.7638
207.6201
203.3946
199.2905
195.4874
191.6265
187.7331
183.9477
180.1438
176.2466
172.5272
168.834
165.3923
161.6882
158.2026
154.7345
151.3443
148.023
144.6887
141.3637
138.1547
134.9389
131.6506
128.3783
125.2661
122.18
119.2183
116.2028
113.2883
110.2275
107.3982
104.6256
101.7831
98.9952
96.4598
94.8982
93.6522
92.3159
91.1346
89.7913
88.436
87.0773
85.6475
84.3217
83.0276
81.7474
80.5864
79.3004
78.0854
76.814
75.5796
74.3387
73.038
71.85
70.6207
69.3318
68.1184
66.8645
65.5496
64.3615
63.2182
62.0986
60.8964
59.7447
58.6897
57.6214
56.4999
55.4545
54.401
53.3887
52.3644
51.3921
50.3545
49.3226
48.3369
47.3127
46.3681
45.4494
44.4275
43.5236
42.5774
41.6908
40.8061
39.9772
39.1936
38.3533
37.5932
36.7982
35.9824
35.2252
34.4688
33.6931
32.9555
32.2177
31.5702
30.8648
30.1699
29.4759
28.8108
28.1429
27.4624
26.8405
26.1453
25.571
24.9514
24.3679
23.7921
23.2679
22.7495
22.2612
21.8112
21.3428
20.8791
20.4376
20.0191
19.6322
19.2043
18.8366
18.4564
18.0753
17.7207
17.2766
16.9562
16.6099
16.2787
15.9076
15.5821
15.3085
14.96
14.6543
14.3437
14.0665
13.7851
13.5016
13.2262
12.9414
12.6562
12.3612
12.1013
11.8261
11.5701
11.3028
11.04
10.7905
10.5704
10.378
10.1337
9.912
9.7073
9.4704
9.2722
9.0965
8.8961
8.6941
8.5356
8.3635
8.1778
8.0241
7.835
7.6793
7.5173
7.3552
7.182
7.0169
6.8557
6.697
6.5669
6.4392
6.3121
6.1581
6.037
5.919
5.7875
5.6718
5.5453
5.4703
5.3633
5.2494
5.1136
4.9988
4.8943
