9.0
9.0
8.7296
8.4579
8.1937
7.9507
7.7073
7.4679
7.2248
6.9916
6.7718
6.5674
6.3555
6.1707
5.982
5.7922
5.6155
5.4294
5.2617
5.0976
4.9462
4.7914
4.6351
4.4803
4.3415
4.1964
4.0529
3.9148
3.7966
3.6582
3.5334
3.4126
3.2839
3.1723
3.0706
2.9788
2.88
2.7844
2.699
2.611
2.528
2.4442
2.3602
2.2805
2.2097
2.134
2.0638
1.9982
1.9364
1.8577
1.8011
1.7286
1.6817
1.6288
1.6065
1.5869
1.5756
1.562
1.5517
1.539
1.529
1.5147
1.4991
1.4898
1.4775
1.4648
1.4529
1.443
1.428
1.4148
1.4066
1.3934
1.3846
1.3772
1.3669
1.3608
1.3508
1.3441
1.3286
1.3256
1.314
1.2989
1.2936
1.2846
1.2782
1.2694
1.2593
1.2461
1.2376
1.2314
1.2214
1.212
1.2057
1.1981
1.1927
1.1851
1.1794
1.1711
1.1651
1.1598
1.1573
1.1522
1.1387
1.1325
1.1265
1.1199
1.1135
1.1015
1.0965
1.086
1.0786
1.0758
1.0724
1.0652
1.0588
1.0542
1.0477
1.0453
1.035
1.0287
1.0186
1.0201
1.011
1.0026
0.9997
0.9952
0.9933
0.9905
0.9877
0.9883
0.9801
0.9764
0.9728
0.9689
0.9659
0.9653
0.965
0.9607
0.9591
0.9592
0.9597
0.9582
0.9578
0.9582
0.9653
0.9635
0.9684
0.9706
0.9697
0.9675
0.9741
0.9766
0.9817
0.981
0.9844
0.9892
0.9934
1.0031
1.013
1.0153
1.0209
1.0322
1.0394
1.0482
1.0532
1.0613
1.0693
1.0758
1.0817
1.0884
1.0907
1.096
1.1002
1.1032
1.1111
1.124
1.1315
1.1389
1.1517
1.1596
1.1667
1.175
1.1821
1.1956
1.2029
1.2172
1.2283
1.2388
1.2442
1.2547
1.2673
1.283
1.2932
1.3077
1.3134
1.3249
1.3338
1.3419
1.3639
1.373
