9.0
9.0
8.999699999999986
9.003600000000004
9.003700000000032
9.01090000000006
9.01979999999999
9.030800000000026
9.039099999999978
9.05360000000004
9.065499999999936
9.078299999999992
9.095199999999993
9.112799999999933
9.121599999999999
9.137000000000029
9.157599999999956
9.169300000000012
9.183300000000001
9.200400000000014
9.221799999999995
9.2413
9.25480000000005
9.274499999999994
9.293100000000054
9.311699999999975
9.333300000000056
9.355499999999974
9.382900000000022
9.40170000000001
9.42969999999999
9.452499999999992
9.476899999999999
9.500600000000022
9.52629999999999
9.548500000000038
9.576600000000033
9.6046
9.629100000000047
9.65879999999997
9.68719999999996
9.715400000000015
9.74230000000001
9.764700000000001
9.797099999999988
9.828100000000008
9.853700000000005
9.88819999999996
9.915799999999996
9.94679999999998
9.98149999999999
10.010300000000013
10.042100000000014
10.067800000000004
10.106099999999994
10.141699999999929
10.182399999999953
10.219099999999996
10.255300000000029
10.28849999999998
10.324300000000026
10.361299999999984
10.399200000000018
10.436399999999969
10.477900000000012
10.518599999999989
10.555700000000014
10.595999999999986
10.628599999999999
10.671299999999976
10.713399999999965
10.750100000000014
10.78660000000001
10.826300000000018
10.865500000000033
10.894199999999985
10.932399999999957
10.963700000000014
11.001900000000038
11.044500000000001
11.079300000000009
11.118699999999972
11.158500000000013
11.193200000000022
11.233400000000044
11.269999999999994
11.309400000000014
11.344300000000018
11.383199999999961
11.421900000000013
11.456300000000033
11.490700000000023
11.523699999999996
11.55830000000001
11.600699999999977
11.637999999999993
11.678899999999981
11.719800000000017
11.759300000000012
11.791400000000012
11.82660000000001
11.861300000000014
11.89980000000003
11.935400000000001
11.971899999999973
12.006699999999995
12.03970000000005
12.069700000000008
12.107100000000013
12.144600000000016
12.1847
12.216799999999967
12.255299999999982
12.290000000000024
12.330200000000001
12.373800000000015
12.406999999999965
12.441800000000006
12.476600000000005
12.50949999999999
12.5475
12.579499999999978
12.614699999999997
12.655699999999959
12.691600000000012
12.722299999999986
12.7634
12.803799999999983
12.843200000000007
12.885300000000031
12.93069999999999
12.976500000000001
13.01930000000001
13.058500000000004
13.103700000000003
13.145399999999997
13.182400000000012
13.22949999999999
13.275200000000012
13.323600000000003
13.366000000000017
13.404199999999989
13.44019999999997
13.47840000000001
13.526499999999988
13.5684
13.606800000000035
13.6468
13.67739999999997
13.713099999999983
13.755000000000006
13.796199999999983
13.836799999999988
13.877699999999994
13.920699999999977
13.9576
13.995900000000015
14.02949999999997
14.069299999999995
14.10549999999998
14.138899999999989
14.178999999999988
14.215699999999988
14.258599999999989
14.303100000000017
14.343699999999997
14.3832
14.423600000000006
14.463400000000012
14.502700000000011
14.5428
14.576700000000006
14.615199999999998
14.651799999999994
14.6946
14.731500000000011
14.77500000000001
14.816600000000006
14.853999999999994
14.885599999999997
14.923100000000005
14.957399999999994
14.9926
15.034500000000007
15.069600000000007
15.102700000000011
15.138200000000007
15.167900000000012
15.209100000000007
15.242899999999993
15.2835
15.3209
15.360600000000003
15.3929
15.426899999999996
15.4621
15.5028
15.538400000000003
15.579499999999998
15.6183
