36.0
36.0
35.7034
35.345
35.0531
34.7502
34.4232
34.1168
33.7968
33.5268
33.2809
33.0406
32.7825
32.5722
32.3447
32.1157
31.8573
31.6515
31.4135
31.2008
30.9397
30.7083
30.4786
30.295
30.0897
29.8789
29.6563
29.4115
29.2586
29.0655
28.8657
28.6663
28.4322
28.2734
28.153
27.9263
27.7531
27.5828
27.4507
27.3274
27.1497
26.9575
26.8073
26.6398
26.4589
26.3021
26.1599
26.0157
25.8348
25.726
25.6218
25.4778
25.3778
25.2567
25.3438
25.4599
25.5282
25.6067
25.6783
25.7712
25.8631
25.9509
26.0321
26.1335
26.2515
26.3754
26.4829
26.5924
26.6988
26.7938
26.9157
27.0104
27.1183
27.2234
27.3523
27.4266
27.539
27.6545
27.7582
27.864
27.9999
28.0767
28.1978
28.3666
28.5222
28.6728
28.8078
28.9471
29.102
29.2839
29.4178
29.5689
29.7037
29.8429
29.9987
30.1173
30.3059
30.4487
30.6406
30.8592
31.0249
31.1969
31.2936
31.4793
31.6571
31.8241
31.9736
32.1807
32.3279
32.5057
32.6982
32.8996
33.075
33.2972
33.455
33.6519
33.8593
34.0467
34.2633
34.4446
34.6488
34.8652
35.0512
35.2503
35.4653
35.6648
35.8053
36.0148
36.1918
36.3619
36.5729
36.8023
37.028
37.2974
37.5148
37.7409
37.9631
38.2323
38.5057
38.7773
39.0487
39.4199
39.7036
40.0267
40.329
40.576
40.872
41.1143
41.4748
41.8216
42.1834
42.5006
42.8942
43.2156
43.6089
43.9615
44.3324
44.653
45.0789
45.4059
45.7459
46.1394
46.4958
46.8237
47.2444
47.6309
48.0104
48.4111
48.8021
49.2735
49.6135
50.044
50.4563
50.8728
51.2148
51.6801
52.1353
52.5562
52.9933
53.4005
53.8391
54.2817
54.6542
55.05
55.469
55.8962
56.3014
56.7574
57.1159
57.6111
58.0544
58.6001
59.0169
59.5601
60.0601
60.5476
61.1271
61.5449
62.0501
62.5054
