27.0
27.0
26.0226
25.0435
24.1129
23.2679
22.4069
21.5887
20.7496
19.9554
19.2132
18.537
17.8457
17.2495
16.6412
16.0224
15.4549
14.8698
14.3705
13.8736
13.4126
12.9474
12.4643
12.0007
11.5955
11.1642
10.7229
10.3132
9.9662
9.562
9.2
8.8596
8.4799
8.1727
7.9174
7.658
7.3892
7.1274
6.9024
6.666
6.4296
6.205
5.9716
5.7573
5.5725
5.365
5.1788
5.0194
4.8578
4.6297
4.4831
4.2708
4.1683
4.0348
3.9745
3.9227
3.8982
3.8592
3.8353
3.7988
3.7762
3.7447
3.7035
3.685
3.6559
3.6268
3.5853
3.5634
3.5164
3.47
3.4512
3.4252
3.4038
3.3872
3.3561
3.3472
3.3266
3.3147
3.2746
3.2818
3.2536
3.2077
3.203
3.1838
3.173
3.1402
3.1163
3.0771
3.0536
3.038
3.0074
2.9866
2.9717
2.9513
2.9427
2.9289
2.9096
2.8999
2.8851
2.8656
2.8731
2.8634
2.8183
2.8125
2.7999
2.7805
2.7643
2.7285
2.7137
2.68
2.659
2.6564
2.6482
2.6256
2.611
2.6008
2.5869
2.5865
2.5502
2.5399
2.5086
2.5255
2.4994
2.476
2.4689
2.456
2.4581
2.4519
2.4483
2.4611
2.4307
2.421
2.4124
2.4031
2.3971
2.3955
2.4038
2.3849
2.3799
2.376
2.3725
2.3592
2.3526
2.36
2.3841
2.3767
2.385
2.39
2.3959
2.3895
2.4155
2.4186
2.4361
2.4376
2.4518
2.4638
2.4898
2.5247
2.5518
2.5639
2.5865
2.6308
2.6496
2.6756
2.694
2.7177
2.7401
2.7644
2.7845
2.8012
2.7925
2.8146
2.8218
2.8282
2.8561
2.9004
2.9187
2.9491
2.9997
3.025
3.0455
3.0722
3.0945
3.1424
3.1625
3.1928
3.2199
3.254
3.2624
3.2949
3.3501
3.3946
3.4294
3.4707
3.4804
3.5329
3.5614
3.5883
3.6757
3.7004
