225.0
225.0
224.7564
224.5428
224.2652
224.011
223.7578
223.5067
223.2819
223.0314
222.7544
222.45
222.2407
222.008
221.7722
221.5252
221.2801
221.042
220.7904
220.532
220.303
220.061
219.8312
219.5251
219.276
219.0184
218.8105
218.5902
218.3603
218.1559
217.9032
217.6567
217.3729
217.1264
216.8949
216.6466
216.4434
216.1872
215.9668
215.7081
215.4312
215.2027
214.918
214.7125
214.5124
214.3049
214.047
213.8325
213.5965
213.386
213.1672
212.9855
212.7578
212.5099
212.3579
212.1965
212.0443
211.9101
211.8107
211.6818
211.5366
211.419
211.2756
211.1373
210.9915
210.8488
210.704
210.54
210.3815
210.2303
210.09
210.0033
209.854
209.732
209.5969
209.484
209.3332
209.2134
209.0685
208.9341
208.8173
208.7104
208.5476
208.4121
208.2849
208.1538
207.982
207.8482
207.685
207.5682
207.3808
207.2575
207.1296
207.0348
206.9089
206.7867
206.6325
206.4876
206.3469
206.2211
206.0933
205.9489
205.8181
205.7241
205.5795
205.4365
205.2974
205.1399
204.9662
204.8341
204.6598
204.5577
204.3987
204.2647
204.1049
204.0133
203.8653
203.7634
203.6443
203.4779
203.361
203.1823
203.0291
202.9122
202.7538
202.592
202.4678
202.2182
201.7727
201.2264
200.6909
200.1233
199.5791
198.9661
198.3562
197.7612
197.2151
196.5925
196.0521
195.4425
194.9193
194.336
193.8159
193.2379
192.6992
192.1218
191.6038
191.0229
190.4349
189.8707
189.3507
188.8582
188.2891
187.6861
187.1182
186.6536
186.0364
185.5174
184.9692
184.3921
183.8533
183.2899
182.7619
182.2092
181.5698
181.051
180.5012
179.8797
179.2888
178.6398
178.1145
177.632
177.1521
176.5581
176.0132
175.4693
174.9463
174.4196
173.905
173.3632
172.8004
172.2755
171.7573
171.287
170.6974
170.1197
169.6097
169.0556
168.5198
167.9742
167.4826
166.9608
166.4764
165.9655
165.3785
164.8626
164.314
163.7638
163.3065
162.7271
