1024.0
1024.0
1022.8885
1021.9194
1021.2027
1020.4634
1019.9082
1019.1774
1018.5681
1017.7887
1017.0524
1016.3104
1015.8504
1015.2181
1014.5982
1013.9807
1013.4622
1012.9717
1012.3859
1011.6625
1011.2372
1010.8761
1010.2348
1009.7534
1008.9377
1008.4585
1008.0452
1007.4634
1006.9895
1006.6662
1006.1451
1005.6205
1005.0838
1004.5893
1004.2902
1003.8758
1003.3676
1002.9551
1002.524
1001.9253
1001.5637
1001.1682
1000.7532
1000.4793
1000.1574
999.7765
999.426
999.05
998.6293
998.4291
998.123
997.8298
997.4284
996.9662
996.2225
995.3086
994.5342
993.3745
992.4425
991.4735
990.592
989.5292
988.6932
987.7354
986.6746
985.5399
984.6023
983.7016
982.7522
981.9822
981.01
979.9396
978.9435
977.9113
976.9993
976.1805
975.1034
974.1328
973.0029
971.8609
971.2137
970.1269
969.2526
968.1925
967.108
966.0972
965.2444
964.2397
963.1807
962.2175
961.2187
960.1301
959.1539
958.1636
957.0352
956.1323
955.0377
954.0064
952.8381
951.8907
950.7904
949.9496
948.8722
947.7624
946.9243
945.9151
945.074
944.0815
943.1071
942.1989
941.134
940.0098
938.8478
937.9115
936.8971
935.9071
934.9626
933.9419
933.1254
932.2604
931.3166
930.2698
929.1064
928.1429
927.0815
925.952
924.9823
924.1198
923.9511
923.9109
923.9595
923.9884
924.2632
924.2923
924.2699
924.2169
924.3643
924.4186
924.6775
924.7831
924.8537
924.8878
924.9758
925.176
925.2081
925.236
925.3855
925.4525
925.7043
925.8282
925.8145
925.9107
926.035
926.1654
926.224
926.3666
926.3551
926.6032
926.7697
926.9447
927.1725
927.3531
927.543
927.6527
927.8106
927.9218
928.0608
928.2284
928.2303
928.4181
928.4695
928.6324
928.6377
928.75
928.8108
928.8195
929.0038
929.1113
929.1403
929.24
929.4801
929.6764
929.8573
929.9884
930.1719
930.2648
930.4232
930.6929
930.8028
930.9619
931.1505
931.2654
931.4129
931.679
931.7661
931.9764
931.999
932.0767
932.1249
932.3045
