2197.0
2197.0
2196.8097
2198.2453
2200.1612
2201.9866
2202.3953
2205.4372
2210.2197
2213.4132
2220.3263
2225.0684
2230.4566
2237.6512
2246.2031
2253.5065
2259.5327
2268.7221
2278.1476
2288.6748
2299.9455
2308.9764
2319.3146
2330.6458
2344.0296
2356.1831
2368.8387
2381.6574
2395.8503
2411.4261
2428.1698
2442.8753
2457.9897
2473.2691
2488.8748
2506.9909
2523.72
2536.6333
2554.4116
2571.9789
2590.5792
2608.1148
2627.4084
2646.3974
2667.0843
2686.9841
2706.3795
2723.7926
2743.2981
2763.4169
2780.9912
2807.1572
2828.7844
2850.4469
2874.7599
2899.6402
2924.3753
2942.4566
2966.401
2991.7513
3017.0304
3041.9551
3067.9025
3095.0644
3120.006
3149.356
3172.2953
3199.5804
3220.4052
3247.011
3271.7359
3297.9942
3321.6168
3348.061
3376.1994
3406.7801
3433.4263
3463.6799
3489.4974
3521.7826
3546.8799
3574.1129
3601.3109
3631.8679
3662.9427
3695.8517
3725.5237
3754.5708
3785.3878
3813.5198
3843.8433
3874.981
3905.0649
3932.9679
3964.4754
3994.3192
4031.3982
4066.785
4102.4394
4138.0244
4169.4345
4203.1723
4232.199
4269.7982
4305.7202
4340.5073
4383.3943
4418.0631
4453.4918
4489.4893
4524.4571
4557.966
4592.8582
4629.0901
4663.7749
4707.1709
4745.8686
4781.1518
4816.6505
4855.7176
4900.5497
4939.6298
4981.4367
5021.1916
5060.6944
5102.1598
5139.4881
5179.9347
5224.7285
5270.037
5313.5083
5356.8643
5401.1999
5444.4673
5494.546
5541.6089
5588.9277
5634.6201
5679.7371
5730.159
5777.6504
5820.6296
5871.4533
5924.0257
5975.2288
6020.2867
6072.8878
6117.9029
6163.475
6213.3238
6260.2058
6311.9497
6365.2776
6420.3315
6474.0305
6527.1467
6580.583
6636.1871
6692.7493
6749.2384
6813.537
6870.8842
6934.0729
6993.446
7047.9061
7107.5121
7162.8625
7224.2336
7279.9108
7340.4879
7402.5605
7453.8914
7519.9715
7579.2542
7644.4843
7702.865
7767.7373
7834.9111
7895.3044
7964.6046
8027.624
8089.517
8160.9524
8230.5486
8295.3929
8363.5958
8431.2197
8490.2443
8563.1569
8628.211
8698.4233
8769.6975
8840.7056
8899.7557
8968.1589
9036.9712
9097.0768
9172.8468
9237.7313
9304.9514
