4.0
4.0
3.883200000000001
3.7714999999999987
3.6540999999999957
3.5377000000000036
3.4186000000000027
3.2960999999999956
3.1808999999999896
3.057800000000006
2.9498999999999973
2.845900000000012
2.7353000000000045
2.6308000000000002
2.5228999999999955
2.420999999999989
2.3181999999999845
2.2210999999999976
2.1189000000000004
2.0266999999999973
1.9358
1.8528000000000004
1.7621999999999982
1.6794000000000022
1.5974999999999968
1.5194999999999972
1.4436000000000049
1.3719999999999994
1.3040999999999996
1.2384000000000008
1.1763999999999974
1.1172000000000006
1.0645000000000016
1.0088999999999935
0.9541
0.9116000000000011
0.8678999999999992
0.8208000000000004
0.7736000000000011
0.7361999999999984
0.697200000000001
0.6606000000000003
0.6261999999999983
0.5938999999999978
0.5600999999999975
0.5304999999999989
0.49979999999999974
0.47730000000000083
0.4516999999999997
0.4286000000000011
0.41150000000000075
0.3903000000000003
0.3734000000000011
0.3577000000000001
0.3579000000000005
0.3621000000000008
0.3662000000000005
0.3732
0.37519999999999953
0.38149999999999945
0.38849999999999985
0.3946000000000006
0.40039999999999915
0.4073999999999998
0.41189999999999993
0.4185000000000004
0.42469999999999924
0.42820000000000036
0.43749999999999983
0.4462000000000002
0.454
0.46180000000000015
0.4672
0.47220000000000034
0.48130000000000045
0.48649999999999893
0.4890999999999982
0.49230000000000146
0.5005
0.5060000000000014
0.5121999999999999
0.5184
0.5254999999999982
0.5322000000000016
0.5380000000000004
0.5460999999999978
0.5525000000000022
0.5594000000000017
0.5636999999999995
0.5722000000000006
0.5795999999999963
0.5857999999999998
0.5901000000000004
0.5988000000000003
0.6012999999999982
0.6067000000000019
0.6123
0.6167999999999991
0.6227999999999997
0.6313999999999995
0.6379999999999963
0.6415000000000008
0.6480999999999982
0.6525999999999988
0.6551999999999998
0.6610999999999997
0.6675999999999995
0.671700000000001
0.6801000000000016
0.6883999999999957
0.6941000000000007
0.7016000000000009
0.7061000000000011
0.7121999999999997
0.7181000000000001
0.723199999999999
0.7310999999999986
0.7371999999999996
0.7433000000000008
0.7470999999999995
0.7517000000000017
0.7592999999999989
0.7669999999999983
0.7688000000000016
0.7743999999999999
0.7774000000000006
0.783099999999998
0.7841999999999992
0.7752000000000002
0.7616999999999996
0.7517999999999986
0.7416000000000003
0.732200000000001
0.724399999999997
0.7197999999999974
0.7127999999999998
0.7068999999999979
0.7022999999999988
0.695299999999999
0.6902999999999996
0.6838999999999996
0.6767999999999984
0.6715000000000004
0.6670999999999997
0.6634000000000005
0.6634000000000021
0.6544999999999982
0.6479999999999969
0.6452999999999992
0.6443000000000018
0.6421999999999998
0.6323999999999986
0.6321000000000022
0.6286000000000005
0.6262000000000005
0.6254999999999984
0.6208999999999997
0.6186999999999994
0.6154999999999987
0.6110000000000015
0.6117000000000029
0.6071000000000009
0.6054999999999996
0.6018000000000024
0.5973999999999985
0.5941999999999963
0.5922000000000031
0.5957999999999998
0.5946000000000011
0.5909000000000002
0.5884999999999997
0.582800000000002
0.5793000000000013
0.5778000000000011
0.5766000000000017
0.573499999999998
0.5710999999999993
0.5674000000000019
0.5620000000000024
0.5609999999999984
0.5587999999999992
0.556599999999999
0.5595000000000012
0.560900000000002
0.5608000000000012
0.5561999999999999
0.5539000000000021
0.5548999999999972
0.5531000000000023
0.5537000000000004
0.5567
0.5570000000000012
0.5563000000000028
0.5530000000000004
0.549799999999999
0.5479000000000025
0.5454999999999988
0.5427999999999993
0.5395000000000009
0.537799999999999
