3375.0
3375.0
3383.5883
3390.6085
3398.1154
3405.0273
3411.1636
3419.9839
3428.5724
3437.2048
3445.8005
3451.9549
3458.972
3465.8816
3476.1531
3482.703
3490.5423
3498.491
3505.711
3512.8653
3519.7127
3528.0207
3535.0483
3542.3212
3549.6444
3556.4666
3565.4598
3571.7136
3579.3278
3586.335
3594.6412
3600.1891
3606.9543
3616.2894
3620.7581
3625.904
3633.4714
3639.529
3644.6462
3649.2959
3653.6007
3658.7617
3663.2667
3667.8894
3674.5813
3680.4087
3685.4112
3691.4477
3695.8221
3704.2663
3709.4684
3713.9573
3718.8529
3723.1345
3725.9027
3729.4536
3731.8846
3735.021
3738.6428
3742.913
3747.6975
3751.1146
3754.8819
3758.2862
3761.7014
3765.4056
3769.2035
3771.4951
3774.6057
3777.0638
3781.1111
3782.9027
3786.9765
3791.1308
3793.9631
3798.0819
3801.4102
3803.567
3806.8676
3810.355
3813.6741
3817.0094
3820.5063
3823.4187
3826.5427
3829.5548
3833.0794
3835.7009
3837.2775
3840.7938
3843.2724
3846.1037
3848.9498
3851.8538
3854.9193
3857.5252
3860.932
3863.6874
3865.2459
3868.3265
3872.2411
3875.1246
3877.5316
3878.9851
3881.4372
3884.4655
3886.1124
3887.6542
3889.6994
3891.7344
3893.9701
3895.6646
3897.672
3900.1235
3901.1858
3903.0179
3904.2539
3906.8862
3907.8848
3911.0747
3913.4432
3916.7876
3919.3113
3920.3754
3922.1155
3924.3062
3926.0121
3926.9153
3928.2029
3929.3403
3930.2236
3931.0978
3932.6841
3935.1201
3937.211
3938.4649
3939.2335
3940.4539
3941.7956
3943.7797
3944.4911
3944.952
3944.8143
3946.3524
3946.6601
3948.0938
3948.8322
3950.3187
3951.4266
3952.3994
3954.1395
3954.2116
3955.2673
3954.7999
3956.9437
3957.9171
3959.2432
3959.6392
3960.8308
3962.0566
3962.4261
3963.0209
3962.9044
3964.2311
3965.0609
3966.4507
3967.8393
3968.6144
3968.0417
3968.5999
3968.9334
3969.1593
3969.6088
3970.0331
3971.5028
3971.1855
3972.1048
3972.6636
3972.5651
3974.4494
3976.4617
3976.9129
3978.6145
3979.517
3980.2026
3980.8798
3981.8676
3981.6802
3982.5712
3983.6167
3984.5877
3984.8755
3985.8038
3985.5154
3987.0128
3986.7346
3988.1676
3987.9603
3988.5185
3989.0863
