49.0
49.0
48.8732
48.7559
48.6096
48.4807
48.3884
48.3095
48.2363
48.1767
48.1003
48.0416
48.0146
47.9253
47.8957
47.8637
47.8125
47.8306
47.7885
47.8312
47.839
47.83
47.8931
47.9725
48.0398
48.075
48.1363
48.1654
48.203
48.2593
48.3333
48.3975
48.517
48.5776
48.7124
48.8187
48.9358
49.0107
49.099
49.2307
49.3769
49.5174
49.6221
49.7978
49.8841
50.0433
50.1737
50.2676
50.4463
50.5735
50.7373
50.892
51.0717
51.3018
51.4131
51.5202
51.5875
51.6891
51.7068
51.789
51.7835
51.8281
51.8906
51.9091
52.014
52.1285
52.1555
52.1982
52.2224
52.2311
52.3008
52.3605
52.3469
52.423
52.5303
52.6544
52.6912
52.7547
52.814
52.938
53.0006
53.078
53.1283
53.1554
53.1883
53.2162
53.211
53.1939
53.2748
53.3323
53.314
53.2691
53.2412
53.3011
53.3325
53.3957
53.4823
53.5056
53.5631
53.6042
53.6105
53.654
53.7015
53.6937
53.7127
53.762
53.7584
53.7598
53.7565
53.7443
53.746
53.7639
53.7729
53.7388
53.7712
53.7645
53.7637
53.7639
53.8139
53.8587
53.8663
53.843
53.8036
53.7956
53.7996
53.8345
53.8856
53.9104
53.8804
53.8459
53.8141
53.761
53.7673
53.6926
53.6747
53.6019
53.5724
53.5112
53.5009
53.4411
53.4353
53.3924
53.3604
53.353
53.3889
53.4174
53.4017
53.3678
53.4041
53.3922
53.459
53.4791
53.5509
53.6159
53.5844
53.6483
53.6189
53.6545
53.6709
53.7188
53.701
53.728
53.7206
53.7609
53.792
53.8193
53.8306
53.8291
53.8276
53.7579
53.8457
53.8275
53.8314
53.8497
53.8764
53.9034
53.9558
53.9954
53.9639
53.9912
54.0248
54.0903
54.1261
54.0997
54.1515
54.1875
54.2331
54.2222
54.2063
54.2645
54.3785
54.3797
54.4914
54.5599
54.5941
54.6281
54.6774
54.7162
54.7527
54.7659
