4913.0
4913.0
4807.4113
4706.3342
4598.9323
4493.4996
4391.4616
4293.4654
4192.7688
4095.6968
3991.7228
3892.3806
3800.8127
3708.7464
3615.6168
3522.7208
3431.6345
3335.6268
3247.7472
3156.975
3070.1549
2982.165
2897.1283
2820.122
2741.8837
2664.1387
2589.0195
2514.6622
2438.2852
2366.8364
2296.6332
2231.3439
2162.3254
2098.9104
2034.5063
1973.1085
1914.324
1855.5389
1797.7221
1742.4375
1687.2717
1631.7266
1576.7371
1524.8507
1474.356
1426.5599
1378.0534
1331.8743
1283.8593
1240.7876
1198.7564
1155.5461
1113.997
1076.9562
1053.9048
1036.162
1017.4445
1000.983
982.0347
962.5954
943.6131
923.6055
905.0967
887.311
869.4248
853.9062
836.0362
819.5034
802.0868
785.6228
769.4385
751.852
736.3556
720.3921
703.2328
687.7362
671.3039
653.9708
639.0563
624.857
610.9822
595.9664
581.6963
568.7123
556.0716
542.4569
529.9959
517.4728
505.5801
493.7732
482.4099
470.4865
458.6234
447.6309
435.8895
425.3043
415.0686
403.5187
393.2884
382.747
373.0832
363.6621
354.4696
346.0572
337.0801
328.9762
320.4842
311.8412
303.8808
296.1742
287.9625
280.3979
272.8101
266.0442
259.05
252.1351
245.1473
238.3566
231.6447
224.8334
218.8533
212.1801
206.6206
200.9012
194.9517
189.4303
184.5153
179.7097
175.2172
171.1414
166.678
162.3051
158.4434
154.6457
151.3506
147.6507
144.312
140.979
137.4795
134.3361
130.3138
127.5934
124.4149
121.4291
118.2752
115.4669
113.3059
110.5288
107.9835
105.2615
102.8871
100.6067
98.0864
95.9034
93.6014
91.255
88.6742
86.7185
84.4539
82.3889
80.2444
78.0012
75.8945
74.2752
72.8636
70.8993
69.0394
67.5753
65.6716
64.283
62.9121
61.3153
59.7225
58.5076
57.2687
55.7958
54.5773
53.1458
51.9671
50.6125
49.3398
48.002
46.6913
45.3991
44.2164
43.3117
42.2126
41.3407
40.1035
39.1942
38.32
37.3429
36.5438
35.6117
35.1685
34.5083
33.6384
32.5206
31.7054
30.9975
