5.0
5.0
5.00930000000001
5.017000000000013
5.028399999999993
5.038499999999986
5.051300000000006
5.061500000000016
5.068799999999996
5.074499999999979
5.083
5.091700000000004
5.102400000000001
5.1152999999999995
5.119299999999986
5.129800000000003
5.137599999999982
5.144800000000002
5.152400000000004
5.162699999999979
5.173199999999993
5.182500000000006
5.196700000000002
5.200799999999978
5.2113000000000005
5.221199999999993
5.2296
5.2379999999999995
5.248099999999993
5.255899999999997
5.264399999999999
5.274299999999987
5.281200000000011
5.292199999999982
5.301400000000013
5.312800000000007
5.323799999999999
5.330900000000003
5.337800000000003
5.345299999999994
5.352699999999989
5.360399999999982
5.367799999999991
5.374699999999988
5.379700000000026
5.388800000000011
5.395099999999995
5.402499999999984
5.409899999999996
5.419799999999996
5.425900000000004
5.432999999999987
5.440899999999982
5.449499999999996
5.4464999999999835
5.441700000000017
5.437099999999981
5.433000000000015
5.430300000000016
5.426499999999995
5.418999999999996
5.414000000000004
5.403700000000006
5.398899999999972
5.390999999999978
5.386400000000006
5.380000000000015
5.379699999999997
5.375799999999982
5.3748999999999825
5.37430000000001
5.373699999999993
5.3710999999999816
5.37220000000002
5.363899999999965
5.358800000000006
5.353699999999977
5.3544999999999865
5.3515000000000015
5.350699999999999
5.3467000000000064
5.343100000000007
5.342100000000005
5.342100000000012
5.338400000000005
5.336500000000008
5.3383999999999965
5.335600000000013
5.341200000000022
5.340100000000016
5.340299999999997
5.339199999999984
5.3378000000000085
5.332899999999967
5.333299999999992
5.3259000000000105
5.326699999999995
5.325700000000029
5.325500000000017
5.32619999999998
5.325800000000012
5.321800000000012
5.324399999999991
5.323200000000006
5.3264
5.327499999999995
5.328700000000001
5.329300000000005
5.328099999999997
5.329299999999977
5.328199999999982
5.333800000000005
5.337099999999981
5.339699999999995
5.337899999999976
5.335799999999999
5.341800000000004
5.343400000000012
5.341399999999987
5.3376000000000055
5.339199999999995
5.339400000000005
5.341899999999999
5.339000000000008
5.34159999999999
5.343599999999987
5.34429999999999
5.337900000000004
5.331199999999981
5.319300000000022
5.306700000000001
5.295300000000014
5.28160000000002
5.272899999999996
5.261000000000005
5.2471
5.233199999999996
5.222999999999995
5.209600000000014
5.197599999999977
5.187899999999985
5.179400000000001
5.16789999999998
5.156500000000005
5.14410000000003
5.129299999999999
5.121199999999979
5.111999999999999
5.097499999999985
5.0874000000000015
5.075999999999996
5.067800000000015
5.0556000000000045
5.0431999999999855
5.0288999999999975
5.015899999999976
5.001900000000012
4.987199999999988
4.972699999999986
4.962300000000011
4.9508999999999945
4.9385999999999886
4.92290000000001
4.909099999999984
4.898399999999987
4.887199999999982
4.869900000000011
4.857200000000003
4.84539999999999
4.833000000000017
4.8192
4.806699999999978
4.795800000000009
4.783600000000012
4.770600000000014
4.759599999999999
4.748399999999993
4.732699999999989
4.723899999999994
4.710000000000005
4.700900000000022
4.691799999999994
4.678600000000004
4.667799999999997
4.655300000000023
4.643100000000003
4.629299999999995
4.616900000000001
4.602199999999987
4.5917999999999966
4.5880999999999705
4.576900000000009
4.56339999999998
4.550999999999979
4.536500000000014
4.527699999999985
4.513800000000002
4.504199999999998
4.49310000000002
4.4741000000000115
