343.0
343.0
341.9128
340.9211
339.641
338.5749
337.8972
337.3513
336.8509
336.4913
335.9583
335.6834
335.7474
335.0975
335.1015
335.1147
334.8927
335.3946
335.2245
336.013
336.4812
336.779
337.8499
339.0679
340.1538
340.8476
341.8753
342.4908
343.2844
344.2447
345.4173
346.5431
348.2156
349.2594
351.0736
352.5595
354.2752
355.4759
356.7554
358.5903
360.6045
362.5072
364.0037
366.3562
367.6153
369.7967
371.6009
373.0786
375.4077
377.2495
379.3647
381.5914
383.9721
387.1194
388.7911
390.4438
391.6005
393.1527
393.7784
395.0482
395.3287
396.1461
397.171
397.7531
399.4498
401.2369
402.0793
403.0132
403.7886
404.3903
405.6442
406.6443
406.7907
408.097
409.7719
411.587
412.3776
413.6095
414.6408
416.4778
417.571
418.8512
419.8969
420.5738
421.2943
421.9854
422.3566
422.3917
423.7862
424.8689
425.054
424.8153
424.953
426.1119
426.8891
428.2079
429.6413
430.3414
431.4251
432.3132
432.7987
433.8204
434.8107
435.0593
435.6031
436.6476
437.0262
437.5998
437.8919
438.1303
438.3702
438.9659
439.5529
439.5102
440.2872
440.6661
441.0069
441.3327
442.1911
443.0727
443.5381
443.4778
443.4542
443.6694
444.1484
444.8683
445.929
446.6526
446.6378
446.6989
446.7659
446.5654
447.2051
446.6008
446.9049
446.6417
446.9832
446.7494
447.0787
446.8157
447.2473
447.2602
447.3502
447.9668
448.8447
449.79
449.9067
450.193
451.1929
451.477
452.8656
453.7315
455.0851
456.5079
456.6144
457.9623
458.1687
458.7571
459.5361
460.6056
460.9022
461.5644
462.1356
462.8801
463.6542
464.5625
465.1608
465.4395
465.9782
465.3483
466.8661
467.0101
467.323
467.9149
468.7904
469.5666
470.9912
472.0728
471.9641
472.6232
473.7324
475.0639
476.2303
476.3861
477.5191
478.5419
479.3797
479.7628
479.8757
481.2517
483.1873
483.6637
485.9376
487.4561
488.3339
489.2829
490.5388
491.396
492.3685
493.1181
