32.0
32.0
31.9839
31.9683
31.9587
31.9459
31.9302
31.9185
31.9081
31.8941
31.8813
31.8689
31.8586
31.8481
31.8375
31.8251
31.8127
31.8024
31.7922
31.7819
31.7731
31.7656
31.755
31.746
31.7386
31.7292
31.72
31.7104
31.702
31.6928
31.683199999999996
31.6791
31.669
31.6617
31.6552
31.6472
31.6392
31.6312
31.6218
31.6115
31.6018
31.5954
31.5863
31.5807
31.5702
31.5612
31.5543
31.5473
31.543200000000013
31.537899999999993
31.5299
31.5249
31.5158
31.510900000000007
31.5001
31.487
31.469799999999996
31.4549
31.4396
31.4252
31.4068
31.3922
31.3765
31.36249999999999
31.3447
31.325499999999995
31.31080000000001
31.2938
31.277100000000004
31.2565
31.243800000000007
31.227900000000005
31.212400000000006
31.196600000000007
31.1783
31.1585
31.139599999999994
31.1227
31.1059
31.0887
31.0713
31.054000000000013
31.0399
31.023999999999987
31.0061
30.991999999999994
30.975699999999993
30.959500000000013
30.94049999999999
30.92540000000001
30.9074
30.888800000000007
30.8708
30.8525
30.8372
30.81599999999999
30.798800000000025
30.7803
30.762999999999995
30.7468
30.734199999999987
30.7171
30.70080000000001
30.684999999999988
30.6676
30.651500000000013
30.635899999999996
30.61919999999999
30.603199999999987
30.584699999999987
30.5681
30.551299999999987
30.53630000000001
30.52230000000002
30.5047
30.48660000000001
30.470499999999987
30.452900000000017
30.438499999999987
30.4215
30.40439999999999
30.383200000000006
30.3659
30.3506
30.3313
30.314300000000006
30.297799999999995
30.2867
30.28199999999999
30.282499999999988
30.281399999999994
30.280299999999976
30.28000000000002
30.279899999999994
30.282799999999977
30.28659999999999
30.286900000000017
30.2863
30.287499999999977
30.2883
30.289
30.28979999999998
30.28940000000001
30.291899999999995
30.29609999999999
30.2983
30.29870000000001
30.30159999999999
30.3017
30.30529999999999
30.3081
30.30820000000001
30.3099
30.31229999999999
30.314700000000016
30.3162
30.314800000000012
30.318100000000012
30.320700000000006
30.3226
30.3242
30.324699999999993
30.3292
30.3307
30.33229999999999
30.336600000000004
30.337300000000013
30.33860000000001
30.3399
30.342599999999994
30.344
30.34470000000001
30.3469
30.34969999999998
30.35030000000001
30.354400000000023
30.357200000000024
30.35789999999999
30.3599
30.3619
30.364
30.36460000000001
30.36450000000001
30.3678
30.3679
30.3692
30.3715
30.372600000000013
30.37229999999999
30.37479999999999
30.377
30.3798
30.3827
30.3848
30.386
30.3885
30.38839999999999
30.388400000000004
30.392
30.39160000000001
