10.0
10.0
10.019600000000018
10.043299999999993
10.06679999999999
10.091200000000024
10.110499999999996
10.133399999999995
10.15799999999999
10.180400000000017
10.204000000000065
10.228600000000002
10.252600000000047
10.28009999999996
10.304299999999978
10.327599999999995
10.352600000000017
10.382000000000012
10.406400000000016
10.436300000000037
10.46390000000001
10.497600000000011
10.52889999999996
10.55810000000003
10.587399999999992
10.615299999999994
10.645000000000005
10.669200000000014
10.699799999999982
10.728599999999998
10.75479999999998
10.782499999999999
10.814400000000026
10.846099999999995
10.88349999999993
10.912
10.941300000000014
10.971300000000031
11.003200000000023
11.033800000000006
11.057799999999979
11.087300000000038
11.117999999999988
11.149600000000008
11.17950000000001
11.209700000000014
11.240800000000032
11.272099999999961
11.30439999999997
11.335099999999992
11.368800000000023
11.397399999999992
11.424800000000044
11.455599999999995
11.482399999999974
11.504200000000013
11.526000000000051
11.548300000000012
11.570300000000023
11.588200000000022
11.609699999999986
11.63129999999999
11.649300000000014
11.667400000000027
11.693599999999988
11.713899999999978
11.743599999999956
11.759700000000032
11.78289999999998
11.79990000000001
11.8195
11.835600000000028
11.860300000000029
11.885300000000017
11.902199999999999
11.923900000000007
11.946900000000007
11.965499999999992
11.985199999999988
12.007100000000003
12.026400000000002
12.046700000000031
12.069800000000008
12.087900000000015
12.103599999999986
12.121400000000008
12.141900000000014
12.165099999999962
12.189300000000017
12.210200000000025
12.234100000000046
12.251900000000004
12.273199999999994
12.294400000000016
12.316100000000004
12.335099999999999
12.354899999999994
12.376300000000027
12.397200000000037
12.414600000000016
12.432399999999982
12.454399999999994
12.472699999999985
12.493500000000004
12.517399999999993
12.532899999999971
12.553299999999975
12.573099999999972
12.59010000000003
12.610399999999991
12.629199999999958
12.649000000000003
12.67379999999998
12.696800000000005
12.722600000000034
12.744999999999978
12.76440000000001
12.786300000000033
12.80569999999999
12.821999999999994
12.8449
12.867700000000012
12.891900000000003
12.911400000000008
12.931199999999961
12.949400000000038
12.96720000000002
12.9873
13.009799999999979
13.036600000000027
13.062800000000005
13.0886
13.123999999999993
13.155299999999983
13.190899999999989
13.2233
13.251599999999994
13.282400000000006
13.316100000000024
13.345700000000015
13.377399999999989
13.409799999999978
13.441999999999986
13.47630000000001
13.513800000000005
13.548799999999996
13.586300000000053
13.624200000000018
13.659199999999997
13.694499999999994
13.730300000000012
13.765000000000006
13.80159999999998
13.835400000000018
13.868600000000006
13.911600000000004
13.953199999999965
13.992700000000003
14.027100000000003
14.065299999999988
14.105399999999994
14.138700000000009
14.175700000000012
14.2239
14.259900000000027
14.296599999999994
14.336999999999989
14.375100000000009
14.413399999999985
14.452899999999994
14.488800000000012
14.5256
14.5649
14.608
14.647
14.688599999999994
14.734399999999994
14.7759
14.816899999999993
14.8581
14.898000000000005
14.938500000000003
14.9816
15.024199999999997
15.066199999999988
15.109100000000005
15.152699999999998
15.199499999999997
15.2452
15.289300000000006
15.330599999999997
15.3733
15.412600000000007
15.4558
15.498700000000007
15.5364
15.579400000000005
15.6243
15.6714
15.714599999999997
