343.0
343.0
342.8345
342.8758
343.2716
343.5239
343.7841
344.3036
344.7237
345.4285
346.2241
347.2044
347.9415
348.1485
349.1376
349.7496
350.7734
351.6057
352.4289
353.8372
354.846
355.7991
356.944
358.2936
359.6224
360.787
362.5189
363.8831
365.0483
366.4886
368.0425
368.8987
370.7457
372.0688
373.6563
375.302
376.4569
378.4621
379.983
381.3073
382.991
385.0545
386.3917
387.6775
389.7403
391.9628
394.1331
396.1895
398.2481
400.4537
402.492
404.2805
405.7633
408.0423
411.8613
415.4043
418.9013
423.2444
426.9371
430.4343
433.9035
437.268
440.5665
443.7849
447.2961
450.2216
454.1968
457.3537
460.4351
464.2102
467.9155
471.742
475.7449
480.6343
484.0091
488.8535
493.8648
497.7772
501.9781
505.7333
510.2181
514.3121
517.9388
522.4815
527.0072
531.2693
535.6093
540.0798
545.0189
549.2753
553.6731
557.9335
562.4634
566.5344
571.3809
575.6481
580.9136
586.7612
591.9229
597.0052
602.213
607.8699
612.7207
617.4234
622.4441
627.609
633.297
638.8763
644.7763
649.8201
654.2123
659.0527
665.1971
671.0284
676.0465
681.3172
687.4004
692.2948
697.8247
703.114
708.9669
714.5394
720.4255
725.5027
731.0451
737.7269
744.0339
750.2122
755.8433
761.1022
767.0729
772.3364
777.6443
783.5136
789.8162
795.6183
801.3537
806.4028
813.0273
819.2424
825.8449
830.5782
836.4952
841.7274
847.7708
854.4262
860.8063
866.6855
872.2862
878.6298
884.8524
891.4861
897.4831
905.3305
911.3632
917.1599
923.4608
929.6397
935.7663
941.7402
948.1167
953.8513
960.0283
966.1943
972.7577
979.6722
985.5812
991.8759
998.8979
1005.7422
1012.1378
1018.9207
1026.2749
1032.6126
1040.8756
1047.9196
1055.9399
1064.243
1072.2806
1080.7785
1086.8697
1094.0283
1101.0552
1107.447
1113.5364
1120.9419
1128.373
1136.1486
1144.0173
1150.837
1156.9044
1164.4643
1173.9336
1181.3981
1188.4232
1196.2305
1203.6989
1211.3275
1219.369
1226.9229
