9.0
9.0
8.9358
8.8732
8.8224
8.7796
8.732
8.6886
8.6437
8.6209
8.5774
8.555
8.5364
8.5221
8.5111
8.5065
8.4999
8.4916
8.4951
8.4941
8.5014
8.5059
8.5123
8.5333
8.5375
8.5368
8.5338
8.5519
8.5708
8.5906
8.6128
8.639
8.6495
8.6744
8.7063
8.7442
8.7525
8.8026
8.8136
8.816
8.835
8.8799
8.9047
8.9622
9.0031
9.041
9.0595
9.0944
9.1518
9.1765
9.2224
9.2475
9.3136
9.3756
9.4525
9.5473
9.6383
9.7543
9.8509
9.9497
10.0484
10.1385
10.244
10.3578
10.4793
10.61
10.7426
10.8494
10.933
11.0604
11.1493
11.263
11.382
11.5171
11.6381
11.7499
11.8641
12.0031
12.1422
12.2812
12.3985
12.5344
12.6664
12.7996
12.9278
13.0442
13.1876
13.3442
13.4786
13.6291
13.748
13.919
14.0715
14.2356
14.3812
14.5368
14.7028
14.856
15.0084
15.1538
15.3251
15.4679
15.6121
15.7884
15.9871
16.1744
16.37
16.5638
16.7389
16.9114
17.0966
17.2822
17.4522
17.6193
17.8264
18.0291
18.2267
18.4226
18.6257
18.8148
19.0036
19.2069
19.4022
19.6022
19.8017
19.991
20.1984
20.3616
20.6127
20.8542
21.1111
21.411
21.7247
21.9885
22.2441
22.5564
22.846
23.1192
23.3754
23.6885
24.0081
24.3118
24.6311
25.0146
25.3288
25.6569
26.0479
26.3735
26.7213
27.0927
27.4569
27.7854
28.1051
28.4339
28.7987
29.1356
29.5114
29.9034
30.2761
30.616
31.0082
31.3984
31.7892
32.178
32.5939
33.0215
33.4039
33.7874
34.2194
34.5769
35.0334
35.4702
35.9201
36.3877
36.8249
37.2394
37.6939
38.1295
38.5626
39.0179
39.4525
39.8659
40.3183
40.7323
41.1892
41.616
42.0109
42.5279
43.0298
43.5572
44.0126
44.4969
45.0118
45.5086
45.9806
46.4234
46.9084
47.3752
47.8077
48.2595
