6.0
6.0
5.970399999999984
5.935200000000004
5.905700000000001
5.87480000000001
5.842000000000018
5.810200000000002
5.776800000000004
5.74779999999999
5.720699999999988
5.6941999999999835
5.665900000000001
5.642600000000011
5.616299999999977
5.591099999999993
5.562300000000004
5.539300000000007
5.5129000000000135
5.487199999999985
5.45829999999999
5.431900000000001
5.405399999999989
5.3824
5.357700000000005
5.332099999999997
5.3047000000000075
5.275499999999999
5.255399999999991
5.231699999999991
5.205899999999991
5.180900000000015
5.152000000000001
5.129600000000008
5.110800000000007
5.081699999999985
5.059300000000013
5.036199999999986
5.016900000000008
4.9976
4.973499999999998
4.9480999999999815
4.925499999999999
4.9009999999999865
4.8750999999999785
4.8514999999999935
4.8309000000000015
4.810500000000003
4.7856
4.767399999999973
4.74940000000001
4.728399999999995
4.711199999999988
4.6926999999999985
4.696399999999995
4.703699999999976
4.7078000000000015
4.711499999999984
4.715300000000002
4.721000000000007
4.727699999999977
4.733699999999994
4.737499999999993
4.744099999999997
4.751900000000009
4.761200000000008
4.767499999999989
4.774600000000008
4.782999999999991
4.789999999999996
4.799099999999999
4.805799999999986
4.812700000000014
4.819799999999999
4.829700000000004
4.833799999999989
4.841800000000005
4.849299999999988
4.856799999999999
4.865000000000005
4.874500000000012
4.879700000000003
4.888400000000003
4.900800000000017
4.913000000000005
4.92379999999997
4.933000000000024
4.943300000000011
4.954999999999985
4.968299999999986
4.978800000000012
4.98950000000002
4.998300000000032
5.008499999999991
5.021500000000024
5.029099999999999
5.044299999999996
5.056100000000013
5.07059999999997
5.0858000000000025
5.098300000000008
5.110700000000032
5.116800000000014
5.129699999999994
5.141900000000015
5.153099999999985
5.1636
5.178699999999992
5.189099999999984
5.202899999999994
5.217000000000001
5.231400000000003
5.24480000000001
5.260800000000019
5.272200000000009
5.287899999999998
5.302300000000003
5.315899999999998
5.332299999999985
5.345400000000033
5.359800000000006
5.3752
5.388200000000007
5.401099999999992
5.415100000000014
5.428399999999995
5.438500000000015
5.453199999999992
5.4653999999999865
5.4775000000000205
5.493099999999986
5.509900000000018
5.527199999999988
5.54659999999999
5.5628
5.57750000000001
5.593700000000019
5.613099999999991
5.631500000000023
5.650900000000038
5.670699999999995
5.697300000000019
5.7178
5.7417000000000025
5.761399999999985
5.778399999999989
5.798999999999996
5.81549999999999
5.840200000000004
5.865200000000014
5.892199999999977
5.914799999999998
5.942399999999991
5.965800000000013
5.993499999999995
6.017499999999995
6.045599999999996
6.0687999999999915
6.0990999999999955
6.1221000000000165
6.145100000000005
6.171400000000015
6.19619999999999
6.219499999999999
6.249000000000005
6.275499999999996
6.301600000000012
6.329099999999994
6.356700000000002
6.387100000000001
6.409700000000004
6.4381999999999975
6.465900000000012
6.4930000000000145
6.513599999999991
6.543299999999999
6.573100000000009
6.601000000000018
6.629100000000003
6.655899999999995
6.683499999999994
6.710499999999992
6.734200000000013
6.759199999999997
6.787
6.814799999999991
6.8404000000000105
6.870400000000002
6.895100000000007
6.926099999999995
6.953599999999997
6.987699999999996
7.013500000000003
7.046100000000003
7.077899999999999
7.106000000000007
7.140499999999996
7.1660999999999975
7.1961000000000075
7.225400000000004
