8.0
8.0
7.9565
7.9688
7.8967
7.9246
7.9629
7.9296
7.9611
8.0185
8.007
8.0595
8.0905
8.1894
8.2297
8.3627
8.3968
8.4356
8.5286
8.6125
8.5947
8.6864
8.8077
8.889
9.0292
9.1465
9.2926
9.428
9.587
9.6773
9.81
9.9419
10.0357
10.0875
10.1873
10.3127
10.4341
10.5945
10.7868
10.927
11.2275
11.31
11.4921
11.6464
11.8291
12.0129
12.102
12.1912
12.2543
12.4108
12.6046
12.6515
12.7642
12.9691
13.3776
13.695
14.0277
14.368
14.7764
15.1736
15.6585
16.102
16.4316
16.6915
16.9993
17.4745
17.8839
18.3707
18.7178
18.9487
19.2752
19.7838
20.1004
20.5955
20.9372
21.3093
21.7398
22.0401
22.3694
22.7804
23.2777
23.5786
24.0112
24.3671
24.7643
25.172
25.5971
25.8402
26.512
27.0015
27.3582
27.7844
28.2454
28.6842
28.915
29.2167
29.6172
30.0531
30.4305
30.774
31.032
31.6188
32.0615
32.327
32.7728
33.1424
33.7138
34.0591
34.3956
34.8859
35.2151
35.4248
35.8719
36.2304
36.6246
36.8431
37.1613
37.6176
38.1495
38.5606
39.0787
39.4354
39.7233
40.2873
40.8647
41.2433
41.6959
42.0447
42.2985
42.5802
42.7939
42.9364
43.1524
43.3906
43.8687
44.0847
44.3295
44.4673
44.4914
44.7887
44.9783
45.3027
45.6567
45.8764
46.1484
46.2428
46.3472
46.5036
46.6447
46.8643
47.0828
47.3494
47.3914
47.7126
47.7903
48.1545
48.0601
48.3234
48.371
48.6957
48.9167
49.0706
49.2674
49.1921
49.1259
49.3276
49.539
49.4706
49.2316
49.1122
49.4347
49.7293
49.7767
50.0136
50.2005
50.3382
50.7578
50.6684
50.7501
50.7467
50.7238
50.8024
50.821
50.8512
50.9282
51.0246
51.153
51.4326
51.6831
51.6899
51.7559
51.8421
51.8636
51.7739
51.7105
51.9651
52.0695
51.9953
52.2009
52.4467
