23.0
23.0
22.98770000000004
22.975399999999947
22.96410000000004
22.95789999999998
22.951299999999957
22.941300000000048
22.931899999999988
22.927200000000038
22.91800000000003
22.915099999999992
22.909200000000094
22.89990000000007
22.892200000000027
22.88589999999996
22.885699999999996
22.880400000000016
22.879300000000015
22.876799999999946
22.873500000000075
22.867499999999975
22.86229999999997
22.86209999999999
22.859600000000032
22.85799999999998
22.858100000000018
22.85929999999995
22.8601
22.858699999999995
22.859200000000023
22.854900000000068
22.856699999999993
22.86029999999997
22.860300000000052
22.861499999999978
22.863999999999955
22.865900000000064
22.86799999999998
22.868200000000087
22.87160000000002
22.87580000000003
22.87580000000005
22.88140000000001
22.88579999999998
22.888300000000015
22.893300000000043
22.896299999999968
22.90409999999998
22.908799999999932
22.912300000000066
22.916800000000027
22.92109999999998
22.92649999999996
22.93549999999999
22.93780000000009
22.940200000000036
22.944100000000066
22.948800000000006
22.954299999999975
22.95870000000002
22.96179999999998
22.967399999999977
22.971999999999895
22.975399999999958
22.98290000000007
22.98689999999998
22.991599999999995
22.991699999999934
22.993899999999954
23.000100000000042
23.004000000000005
23.00379999999997
23.00940000000003
23.01809999999999
23.02059999999992
23.021799999999992
23.02810000000001
23.033800000000042
23.03639999999996
23.038399999999992
23.043300000000027
23.046200000000105
23.05130000000002
23.054700000000082
23.058899999999966
23.058599999999984
23.061599999999967
23.06849999999999
23.07270000000004
23.079200000000057
23.082199999999947
23.086800000000032
23.09409999999998
23.100700000000042
23.108299999999904
23.11469999999997
23.117599999999953
23.121300000000026
23.124299999999984
23.12590000000008
23.13239999999995
23.13550000000002
23.144000000000048
23.149300000000007
23.151500000000002
23.151499999999917
23.156699999999997
23.15970000000004
23.163300000000007
23.168500000000048
23.169299999999996
23.177000000000017
23.179699999999926
23.185799999999926
23.191599999999987
23.19890000000003
23.201399999999968
23.203499999999966
23.20790000000002
23.20960000000014
23.215799999999962
23.21770000000003
23.21859999999999
23.22079999999998
23.224300000000007
23.22310000000004
23.224800000000027
23.228800000000017
23.234
23.237000000000005
23.243200000000023
23.24770000000003
23.254300000000036
23.261
23.263700000000036
23.26430000000003
23.264700000000005
23.26970000000001
23.27220000000005
23.27530000000005
23.277099999999976
23.282300000000006
23.286300000000043
23.291100000000046
23.29399999999997
23.298800000000007
23.30290000000001
23.310700000000004
23.316199999999984
23.32129999999997
23.32490000000005
23.325499999999998
23.32819999999997
23.33250000000006
23.33359999999997
23.336800000000007
23.339900000000004
23.33600000000005
23.339699999999976
23.33980000000001
23.342600000000015
23.34549999999999
23.347599999999993
23.348199999999927
23.350200000000022
23.3491
23.3484
23.347399999999972
23.348100000000013
23.34640000000003
23.355000000000015
23.358700000000006
23.358699999999985
23.35799999999999
23.359700000000032
23.358800000000066
23.36279999999988
23.362700000000004
23.361799999999967
23.36439999999995
23.367700000000053
23.368800000000046
23.36529999999996
23.36529999999996
23.365699999999972
23.368500000000008
23.366800000000083
23.364699999999974
23.364099999999947
23.362000000000048
23.36309999999996
23.36119999999996
23.361700000000056
23.36019999999998
23.359200000000044
23.361599999999974
23.360000000000053
23.363300000000045
23.364600000000028
