0.0
0.0
0.0045
0.0084
0.0129
0.0148
0.0179
0.02
0.0226
0.0241
0.0253
0.0269
0.0288
0.0284
0.029
0.0298
0.0334
0.039
0.0413
0.0415
0.0446
0.0431
0.0457
0.0463
0.049
0.0542
0.053
0.0521
0.0539
0.0525
0.0531
0.0566
0.0582
0.0571
0.0559
0.0544
0.054
0.0551
0.0553
0.0583
0.0606
0.0614
0.0631
0.0658
0.0636
0.058
0.0581
0.0614
0.06
0.0617
0.0646
0.0664
0.0669
0.0656
0.0734
0.0766
0.0753
0.084
0.0893
0.0948
0.0995
0.0991
0.1134
0.1143
0.1138
0.1124
0.1187
0.1254
0.1319
0.1364
0.1366
0.1432
0.1484
0.1597
0.1652
0.1687
0.1693
0.1688
0.1719
0.1622
0.1617
0.1647
0.1731
0.1821
0.1855
0.1933
0.1863
0.199
0.2083
0.2133
0.2058
0.2057
0.2054
0.2109
0.215
0.2142
0.2156
0.2175
0.2186
0.2214
0.2203
0.2224
0.2229
0.22
0.2274
0.2398
0.2357
0.2582
0.2421
0.2477
0.2473
0.2486
0.2521
0.255
0.2465
0.2428
0.2545
0.259
0.2552
0.2629
0.2582
0.2614
0.2671
0.282
0.2884
0.2873
0.2746
0.2776
0.2901
0.2961
0.2959
0.2994
0.3147
0.3097
0.3242
0.3391
0.3434
0.3442
0.3486
0.3541
0.3581
0.3659
0.3678
0.3779
0.3976
0.4004
0.4039
0.4182
0.4232
0.4418
0.4586
0.4735
0.4911
0.5069
0.518
0.516
0.5238
0.5426
0.5298
0.5481
0.5456
0.5571
0.553
0.5498
0.5603
0.5654
0.5901
0.5921
0.5807
0.5784
0.5834
0.6013
0.619
0.6367
0.6492
0.6427
0.6529
0.6437
0.6431
0.6372
0.6522
0.6599
0.6571
0.6568
0.6684
0.685
0.6878
0.6787
0.6749
0.6731
0.6721
0.6793
0.67
0.664
0.6638
0.6667
0.6589
0.666
0.6671
0.6733
