0.0
0.0
3.0E-4
4.0E-4
4.0E-4
8.0E-4
0.0012
0.0015
0.0019
0.0023
0.0026
0.0029
0.0038
0.0041
0.0045
0.005
0.0056
0.0065
0.0072
0.0075
0.0081
0.0083
0.0097
0.011
0.0117
0.0125
0.0132
0.0135
0.0143
0.0156
0.0167
0.018
0.0192
0.0203
0.0208
0.0225
0.0226
0.0236
0.0245
0.025
0.0258
0.026
0.027
0.0283
0.029
0.0299
0.0304
0.033
0.034
0.0348
0.0363
0.0373
0.0387
0.04
0.0409
0.0419
0.0431
0.0443
0.0467
0.0507
0.0536
0.0565
0.0582
0.0608
0.0643
0.0667
0.0698
0.0731
0.075
0.0777
0.0803
0.0838
0.088
0.093
0.0959
0.0993
0.1021
0.1087
0.1131
0.119
0.1245
0.1276
0.136
0.1416
0.1442
0.1533
0.1576
0.1648
0.1694
0.1746
0.183
0.1902
0.1957
0.1996
0.2076
0.217
0.2244
0.2284
0.2361
0.2387
0.2495
0.2562
0.2609
0.2681
0.2782
0.2873
0.2971
0.3048
0.3133
0.3222
0.3425
0.3607
0.3721
0.3868
0.3932
0.4043
0.414
0.4234
0.4314
0.4414
0.4571
0.4647
0.475
0.4859
0.5034
0.5209
0.5346
0.5424
0.5551
0.5713
0.5818
0.6016
0.6185
0.6372
0.6507
0.6688
0.6838
0.6987
0.7319
0.7463
0.7639
0.784
0.7969
0.8113
0.8245
0.8401
0.8586
0.8776
0.8957
0.9113
0.9292
0.9439
0.9732
0.9855
0.9968
1.0259
1.0426
1.0567
1.079
1.1032
1.1278
1.1565
1.1807
1.1936
1.2101
1.2292
1.2426
1.2691
1.2792
1.2923
1.3137
1.3389
1.3633
1.3809
1.4069
1.4237
1.4349
1.4546
1.4837
1.4998
1.5239
1.5432
1.5655
1.5794
1.5983
1.6279
1.6614
1.6897
1.7039
1.7324
1.7471
1.77
1.7839
1.8035
1.8208
1.8442
1.871
1.8832
1.8986
1.9399
