18.0
18.0
17.95050000000015
17.908199999999947
17.861800000000002
17.81550000000007
17.76829999999999
17.724000000000007
17.678600000000028
17.634100000000068
17.589800000000082
17.545399999999987
17.503200000000092
17.453799999999948
17.41369999999998
17.367699999999942
17.320900000000066
17.28019999999996
17.234900000000014
17.195000000000004
17.153100000000038
17.1136
17.071900000000028
17.02449999999996
16.979700000000033
16.93870000000007
16.89609999999986
16.854400000000076
16.810199999999977
16.764499999999938
16.725799999999932
16.683300000000017
16.642700000000083
16.600599999999915
16.558300000000028
16.517999999999944
16.47430000000013
16.435100000000148
16.39699999999997
16.355599999999995
16.322600000000044
16.279500000000013
16.23729999999998
16.196099999999966
16.15850000000004
16.117499999999946
16.076600000000077
16.03290000000016
15.990000000000006
15.948500000000003
15.9115
15.8725
15.8352
15.7938
15.7345
15.677599999999995
15.6156
15.5556
15.4977
15.438299999999995
15.3772
15.320300000000007
15.262500000000003
15.203299999999992
15.146100000000006
15.086300000000008
15.025100000000018
14.968999999999994
14.908799999999983
14.85280000000001
14.795900000000012
14.737900000000005
14.681900000000006
14.6257
14.56920000000001
14.5103
14.45120000000002
14.397399999999998
14.338000000000017
14.284699999999992
14.227699999999993
14.173300000000012
14.112999999999998
14.054399999999994
13.996899999999982
13.940300000000006
13.8881
13.829599999999992
13.773900000000017
13.714799999999988
13.656699999999994
13.60079999999999
13.5466
13.493200000000027
13.43299999999999
13.3736
13.320499999999994
13.262499999999948
13.206600000000018
13.147499999999974
13.09669999999999
13.033699999999994
12.981200000000026
12.933400000000018
12.877500000000001
12.820000000000013
12.763500000000015
12.708499999999958
12.652599999999989
12.60130000000004
12.54300000000001
12.49230000000002
12.438200000000005
12.384200000000014
12.328700000000028
12.272399999999978
12.221300000000015
12.16940000000003
12.12060000000002
12.071200000000012
12.020100000000003
11.957900000000059
11.901899999999994
11.850299999999978
11.791900000000028
11.738700000000005
11.691500000000032
11.6423
11.597199999999956
11.552700000000028
11.507699999999973
11.464100000000059
11.423200000000026
11.389399999999995
11.345299999999972
11.304299999999998
11.267400000000002
11.2266
11.183599999999979
11.147800000000013
11.110000000000014
11.0689
11.02720000000001
10.98159999999999
10.94200000000002
10.89890000000001
10.855600000000011
10.809499999999975
10.765699999999994
10.729400000000014
10.68789999999998
10.64720000000002
10.600999999999972
10.5605
10.519900000000003
10.479300000000006
10.431800000000022
10.389000000000015
10.344700000000053
10.30609999999996
10.26500000000001
10.22550000000001
10.18469999999995
10.144199999999975
10.100600000000028
10.061600000000066
10.02589999999998
9.981100000000055
9.94139999999998
9.899999999999995
9.85639999999996
9.816599999999998
9.770699999999998
9.727400000000006
9.68859999999996
9.643299999999977
9.598699999999997
9.555199999999996
9.51609999999999
9.477700000000002
9.436399999999976
9.391600000000027
9.351600000000005
9.309400000000041
9.264399999999991
9.221400000000024
9.177999999999995
9.138200000000015
9.103700000000018
9.06069999999997
9.011700000000008
8.96770000000002
8.921899999999999
8.88419999999997
8.842599999999978
8.801499999999985
8.76349999999999
8.723100000000056
8.68190000000003
8.644500000000022
