1.0
1.0
0.8983
0.8104
0.7378
0.6685
0.6172
0.5674
0.5258
0.4993
0.4748
0.4322
0.4114
0.4018
0.3809
0.3678
0.357
0.343
0.3426
0.3282
0.3059
0.2977
0.3053
0.2825
0.2845
0.2789
0.294
0.2953
0.2927
0.3017
0.2952
0.3072
0.3073
0.3101
0.3179
0.3203
0.3275
0.3227
0.3285
0.3402
0.3646
0.3747
0.3526
0.3644
0.3823
0.4
0.3883
0.3822
0.3934
0.3982
0.4116
0.4101
0.4015
0.4176
0.4262
0.4345
0.4427
0.469
0.4922
0.5025
0.5084
0.5158
0.525
0.5206
0.5249
0.5228
0.5295
0.5352
0.5435
0.5528
0.5766
0.5762
0.5865
0.5822
0.5645
0.5448
0.5294
0.5085
0.5064
0.4913
0.4997
0.4956
0.4866
0.4729
0.4639
0.46
0.4561
0.4665
0.4704
0.4699
0.4636
0.4453
0.4495
0.4352
0.4378
0.4354
0.4416
0.441
0.4307
0.4229
0.4195
0.4147
0.4125
0.4171
0.4131
0.4066
0.3982
0.3909
0.3941
0.389
0.3801
0.3641
0.3496
0.3518
0.3464
0.3394
0.3357
0.3368
0.3323
0.3322
0.3193
0.3205
0.3174
0.3168
0.3124
0.3164
0.3113
0.311
0.329
0.3435
0.3609
0.3695
0.3841
0.395
0.4158
0.4309
0.4541
0.4704
0.4978
0.5165
0.5285
0.5355
0.5552
0.5692
0.5844
0.6003
0.6159
0.6293
0.6482
0.6728
0.6991
0.7008
0.7345
0.7539
0.7847
0.8299
0.8579
0.8987
0.912
0.9062
0.9246
0.9502
0.9665
0.987
1.0003
1.0164
1.0472
1.0644
1.0774
1.1119
1.1296
1.1647
1.1909
1.2232
1.2458
1.2748
1.3208
1.3511
1.3786
1.3817
1.404
1.4321
1.4576
1.5005
1.5231
1.5377
1.5771
1.6326
1.6725
1.6893
1.7176
1.7572
1.7869
1.8421
1.8804
1.9058
1.9287
1.9659
1.9927
1.9952
