6859.0
6859.0
6693.2674
6544.0836
6401.6496
6248.6308
6106.8848
5973.7814
5835.205
5697.863
5557.1791
5438.4584
5310.6065
5188.791
5064.115
4944.1312
4831.6072
4723.1901
4620.3727
4519.6023
4421.2676
4316.823
4222.0095
4128.6094
4029.9524
3945.8095
3857.4306
3771.8216
3690.7046
3603.2752
3522.8008
3442.099
3361.9777
3294.2717
3217.5947
3149.9682
3082.8465
3019.7095
2949.8716
2887.7543
2824.9755
2768.4035
2706.1092
2650.815
2595.3296
2539.9907
2487.2825
2430.4562
2376.9867
2318.0502
2262.5836
2216.9481
2164.1427
2121.7539
2093.0359
2062.2928
2036.2037
2016.1949
1991.408
1965.3515
1938.9955
1912.4247
1890.6227
1865.7367
1845.0116
1816.8038
1794.2697
1777.709
1750.3169
1726.3916
1699.1768
1676.2934
1654.9091
1630.5232
1608.7347
1589.283
1568.6883
1548.2869
1531.9065
1510.6598
1493.2193
1472.5744
1453.2413
1436.2362
1417.6022
1396.4612
1381.4157
1363.873
1346.144
1328.7132
1313.8974
1293.183
1272.264
1255.7159
1241.6452
1226.522
1209.4993
1193.6444
1175.8747
1159.0041
1141.4171
1125.2349
1105.8872
1090.0816
1072.6884
1061.6921
1042.9373
1027.1642
1014.4072
1002.6591
988.4368
974.0654
960.6298
946.091
930.9335
918.3496
905.8358
892.1935
881.4668
868.175
857.0346
843.4512
832.0261
819.0594
806.4285
792.9006
781.6297
775.9745
774.5195
768.6128
769.7543
770.1336
768.0857
768.843
769.6803
770.4731
770.0529
770.3386
769.732
767.8545
767.1593
768.5835
768.7494
770.4738
771.6543
770.3768
770.6698
769.6601
771.7091
771.072
772.1353
774.1317
773.3407
771.309
770.1121
771.3721
772.1322
770.1767
769.5623
768.3084
767.7866
767.2917
767.3225
770.4436
770.9719
769.6157
768.4171
767.5679
765.1887
764.9649
763.6698
762.8247
763.2352
761.8153
763.1522
763.4471
765.2719
768.2168
769.0099
770.374
774.9824
771.9954
771.4586
769.2673
767.5478
766.9031
766.7892
767.866
768.4143
770.18
767.6803
765.825
767.5483
769.7498
771.3663
772.994
771.6111
771.3148
771.4976
772.5589
