900.0
900.0
899.7843
899.2686
898.7464
898.2604
897.893
897.192
897.0982
896.366
895.7291
894.9068
894.5469
893.8202
893.0921
892.3275
891.0511
889.8221
889.1507
888.3647
887.741
886.7419
885.9412
884.8004
883.9437
882.6731
881.8372
880.6689
879.7559
878.2909
876.8951
875.4525
874.2921
873.0148
871.397
869.982
868.5118
866.8517
866.3008
865.1707
863.6372
861.9167
860.7039
859.6254
858.2586
856.9284
855.3342
853.8192
852.2229
850.2992
848.6875
847.0693
844.9571
843.4114
842.6935
842.0673
841.288
840.7419
840.2288
839.5077
838.7357
838.1675
837.3162
836.3374
835.2666
834.3768
833.3184
832.2083
831.339
830.265
829.2186
828.0635
826.9902
825.8941
824.6333
823.3181
821.9812
820.8154
819.62
818.2653
816.647
815.4064
813.8649
812.5978
811.2306
809.8463
808.2623
806.7273
805.0789
803.9927
802.677
801.2712
799.7435
798.2049
796.8443
795.2919
793.9215
792.4949
790.8197
789.2097
787.9066
786.4418
784.8167
783.2723
781.4689
779.9061
778.2081
776.6277
774.8707
773.5055
772.0236
770.2214
768.3439
766.6778
764.9615
763.0975
761.4525
760.029
758.2924
756.5362
754.8454
753.2233
751.2041
749.3906
747.8187
746.0584
744.4957
742.6625
739.7906
737.0644
734.5118
731.7611
729.28
726.7868
724.317
721.7296
719.0809
716.4848
713.8387
711.2844
708.6543
706.0915
703.4067
700.9519
698.5749
696.1971
693.5616
691.3022
688.8429
686.6221
684.4729
682.3585
679.916
677.3241
674.5067
671.7049
669.1843
666.8362
664.3344
662.1071
659.602
657.4506
655.0098
652.9929
650.5801
648.2509
645.7756
643.4426
640.6871
638.0873
636.0916
633.7106
631.2438
629.0053
626.9441
624.6185
622.1193
619.8071
617.2086
614.7154
612.1317
609.4638
607.3289
605.0129
602.7612
600.1745
597.9056
595.5538
593.3053
591.1997
588.9327
586.6613
584.4195
582.1892
580.1308
577.9201
575.7034
573.602
571.2108
569.0199
