9.0
9.0
3.191
1.0347
0.3667
0.1437
0.0849
0.0663
0.0588
0.0564
0.0548
0.0485
0.0555
0.0513
0.0524
0.0528
0.057
0.0534
0.0486
0.0507
0.0497
0.0534
0.0485
0.0466
0.0497
0.0486
0.0503
0.047
0.0534
0.0478
0.0485
0.0482
0.0463
0.0425
0.045
0.0417
0.0476
0.0449
0.0445
0.044
0.0461
0.0452
0.0396
0.0416
0.0374
0.0426
0.0408
0.0382
0.0429
0.0449
0.0416
0.0424
0.0396
0.0444
0.0576
0.0548
0.0524
0.0524
0.0533
0.0485
0.0459
0.0438
0.0461
0.0486
0.049
0.0418
0.0466
0.0463
0.047
0.0394
0.0425
0.041
0.0487
0.0472
0.0466
0.0453
0.0435
0.0441
0.0419
0.045
0.0398
0.0489
0.0448
0.0431
0.0415
0.0462
0.0422
0.0435
0.0352
0.0374
0.0368
0.0418
0.04
0.0379
0.0395
0.0428
0.0405
0.0424
0.0436
0.0414
0.0391
0.0369
0.0422
0.041
0.0386
0.0381
0.0402
0.0429
0.0412
0.044
0.0409
0.0422
0.0394
0.0363
0.0388
0.0362
0.0405
0.0373
0.0385
0.0378
0.0359
0.0369
0.035
0.0346
0.0342
0.0385
0.0371
0.0369
0.0434
0.0467
0.0513
0.0488
0.0541
0.0505
0.0498
0.0483
0.0486
0.0517
0.0494
0.0498
0.0494
0.0489
0.0508
0.0488
0.0519
0.0509
0.0503
0.0498
0.0482
0.051
0.0496
0.0471
0.0516
0.0525
0.048
0.0452
0.0464
0.0453
0.0469
0.0434
0.0453
0.0487
0.0469
0.0522
0.0505
0.0509
0.0509
0.0498
0.0484
0.0495
0.0499
0.0487
0.0497
0.0509
0.0509
0.0487
0.0518
0.0516
0.0522
0.0495
0.0503
0.0508
0.0514
0.0493
0.0483
0.0495
0.0514
0.0493
0.0486
0.0498
0.0498
0.0497
0.0538
0.0521
0.0563
0.0572
0.0526
0.0489
0.0492
0.0464
