16.0
16.0
16.7368
17.4293
18.1898
18.8761
19.6104
20.2676
21.0115
21.7518
22.4945
23.3227
24.0527
24.7145
25.4537
26.1483
26.8663
27.6148
28.3054
29.0699
29.8399
30.5549
31.3264
32.0253
32.723
33.3994
34.104
34.9121
35.6308
36.3148
37.0833
37.7257
38.5187
39.299
40.0703
40.8518
41.6101
42.4523
43.2602
44.1285
44.9979
45.7491
46.6143
47.34
48.1191
48.9438
49.747
50.5626
51.4267
52.2382
53.0763
53.9178
54.6937
55.4853
56.2895
57.0488
57.9783
58.7807
59.5902
60.3692
61.2257
62.1185
62.9985
63.8255
64.6797
65.58
66.5155
67.5662
68.4379
69.5444
70.4655
71.4857
72.5208
73.4924
74.5134
75.5029
76.5622
77.6051
78.6686
79.806
80.9338
82.1311
83.3039
84.4226
85.5634
86.7366
87.9822
89.1946
90.3265
91.5395
92.8037
94.086
95.4194
96.7756
98.0112
99.3463
100.723
102.0578
103.4882
104.8775
106.2518
107.7035
109.1822
110.5678
112.0751
113.4937
114.8126
116.3564
117.7078
119.4101
120.8455
122.1607
123.6428
125.0672
126.7259
128.4609
130.1724
131.885
133.4721
135.1967
136.9549
138.6122
140.3826
142.1643
143.9901
145.5828
147.3419
148.9552
150.2511
151.4717
152.8427
153.9889
155.006
156.0913
157.444
158.4883
159.7612
160.8183
161.9376
163.0994
164.1591
165.0737
165.9701
166.904
167.5959
168.4397
169.3989
170.4341
171.291
172.326
173.3014
174.2171
174.8717
175.7216
176.4607
177.3627
178.1611
179.0751
179.9202
180.8315
181.5073
182.12
182.7398
183.5099
183.9332
184.6884
185.5414
186.1724
186.9328
187.4961
188.2361
188.8801
189.5476
190.1515
190.631
191.2365
191.8555
192.3537
192.8451
193.6166
194.0962
194.7998
195.2168
195.8829
196.5599
196.9503
197.3966
198.0555
198.4697
198.9042
199.4183
199.8934
200.4794
201.0154
201.4192
202.1304
202.6827
203.0402
203.5548
203.8053
