0.0
0.0
3.0E-4
4.0E-4
4.0E-4
8.0E-4
0.0012
0.0015
0.0019
0.0023
0.0026
0.0029
0.0038
0.0041
0.0045
0.005
0.0056
0.0065
0.0072
0.0075
0.0081
0.0083
0.0093
0.0106
0.0113
0.0121
0.0128
0.0131
0.0139
0.0152
0.0163
0.0176
0.0188
0.0199
0.0204
0.0217
0.0218
0.0228
0.0237
0.0242
0.025
0.0252
0.0262
0.0271
0.0278
0.0287
0.0292
0.031
0.032
0.0328
0.0339
0.0349
0.0355
0.0368
0.0377
0.0387
0.0395
0.0407
0.0427
0.0455
0.048
0.0505
0.0518
0.054
0.0567
0.0587
0.061
0.0635
0.0654
0.0677
0.0703
0.0726
0.076
0.0794
0.0819
0.0845
0.0869
0.0915
0.0951
0.0994
0.1033
0.1056
0.1106
0.1142
0.1168
0.1225
0.1256
0.1302
0.1336
0.1376
0.1422
0.1466
0.1509
0.1544
0.1598
0.1654
0.17
0.1732
0.1779
0.1801
0.1867
0.1914
0.1949
0.1999
0.2054
0.2111
0.2167
0.2216
0.2273
0.2326
0.2415
0.2507
0.2575
0.2648
0.2692
0.2753
0.2814
0.2862
0.2904
0.297
0.3047
0.3095
0.3154
0.3217
0.3302
0.3391
0.3466
0.352
0.3581
0.3663
0.3726
0.3822
0.3903
0.4004
0.4079
0.4166
0.4242
0.4313
0.4443
0.4511
0.4593
0.4686
0.4765
0.4841
0.4915
0.5003
0.5082
0.5162
0.5239
0.5301
0.539
0.5453
0.5572
0.5627
0.5686
0.5809
0.5888
0.5949
0.6046
0.6134
0.623
0.6341
0.6427
0.6482
0.6557
0.663
0.6696
0.6797
0.6848
0.6913
0.6995
0.7079
0.7143
0.7213
0.7311
0.7381
0.7437
0.7502
0.7615
0.768
0.7763
0.7852
0.7947
0.8008
0.8087
0.8167
0.8286
0.8379
0.8443
0.8548
0.8611
0.8698
0.8763
0.8839
0.8906
0.8978
0.9082
0.9134
0.9188
0.9299
