27.0
27.0
8.175
2.4003
0.7787
0.2595
0.1297
0.0837
0.0664
0.0688
0.0632
0.0517
0.0637
0.0599
0.062
0.063
0.0678
0.0612
0.0556
0.0579
0.0565
0.0622
0.0533
0.0502
0.0591
0.0568
0.0617
0.0544
0.0638
0.0536
0.0563
0.0574
0.0519
0.0481
0.0526
0.0493
0.057
0.0515
0.0503
0.0514
0.0587
0.0516
0.044
0.0464
0.0434
0.0488
0.0448
0.043
0.0507
0.0509
0.0468
0.05
0.0432
0.048
0.0674
0.0624
0.0622
0.0642
0.0633
0.0573
0.0529
0.0504
0.0525
0.0554
0.0588
0.0492
0.0534
0.0557
0.0614
0.0468
0.0511
0.0466
0.0635
0.0566
0.0576
0.0525
0.0511
0.0505
0.0457
0.0524
0.0434
0.0583
0.052
0.0501
0.0479
0.0562
0.0482
0.0491
0.0402
0.0426
0.0416
0.0458
0.0448
0.0427
0.0443
0.0484
0.0447
0.0476
0.052
0.0464
0.0451
0.0421
0.0508
0.0492
0.0438
0.0417
0.0472
0.0513
0.0476
0.052
0.0497
0.0534
0.0482
0.0413
0.0452
0.0428
0.0497
0.0449
0.0461
0.0422
0.0383
0.0401
0.0378
0.039
0.0366
0.0445
0.0431
0.0417
0.0486
0.0535
0.0601
0.0582
0.0643
0.0593
0.0546
0.0561
0.058
0.0645
0.0606
0.0574
0.0592
0.0589
0.0604
0.0566
0.0621
0.0597
0.0605
0.0586
0.0568
0.0602
0.0564
0.0527
0.0588
0.0621
0.054
0.0496
0.0504
0.0509
0.0559
0.05
0.0543
0.0577
0.0531
0.0602
0.0561
0.0549
0.0561
0.0542
0.0544
0.0575
0.0575
0.0563
0.0565
0.0593
0.0597
0.0555
0.0574
0.0576
0.0624
0.0567
0.0617
0.059
0.0594
0.0569
0.0547
0.0567
0.0598
0.0569
0.0578
0.0586
0.0604
0.0599
0.0636
0.0611
0.0655
0.0664
0.064
0.0573
0.0576
0.0524
