169.0
169.0
168.9315
168.9425
168.9774
169.0112
168.9687
169.061
169.2367
169.3302
169.6147
169.7944
170.0046
170.2972
170.6651
170.9709
171.2079
171.6027
172.0076
172.4568
172.9499
173.3384
173.791
174.2684
174.8838
175.4011
175.9521
176.5152
177.1363
177.8229
178.559
179.2051
179.8561
180.5277
181.2132
182.0169
182.7476
183.2909
184.076
184.8427
185.647
186.4138
187.256
188.084
188.9931
189.8581
190.7215
191.4658
192.3005
193.1455
193.8928
195.0184
195.9626
196.8821
197.9269
198.9868
200.0369
200.79
201.7804
202.8527
203.9224
204.9645
206.0757
207.2258
208.2704
209.483
210.4487
211.5748
212.4094
213.4862
214.4947
215.5932
216.5302
217.6488
218.7844
220.0495
221.1299
222.3593
223.3824
224.6826
225.6957
226.8013
227.9031
229.0983
230.3219
231.6329
232.7907
233.958
235.1496
236.2312
237.4117
238.6142
239.7829
240.8841
242.1022
243.2456
244.6886
246.0848
247.4168
248.7746
250.0171
251.3007
252.4094
253.8502
255.2198
256.5251
258.1617
259.4855
260.816
262.1795
263.5045
264.7564
266.0794
267.4365
268.7307
270.2987
271.7348
273.0368
274.3145
275.7162
277.3761
278.801
280.3189
281.761
283.218
284.7334
286.0303
287.4933
289.1239
290.744
292.3099
293.8549
295.4551
297.0059
298.7818
300.4287
302.1121
303.7413
305.3377
307.1284
308.7706
310.2058
311.9483
313.7673
315.527
317.0719
318.8156
320.3301
321.8848
323.4984
325.0996
326.8699
328.6628
330.5325
332.3497
334.1291
335.89
337.7431
339.6201
341.521
343.6638
345.6038
347.6785
349.6088
351.3629
353.2969
355.1201
357.1222
358.8946
360.8311
362.8109
364.4826
366.5355
368.4544
370.5405
372.365
374.4193
376.5309
378.4286
380.5802
382.6022
384.5486
386.7628
388.8864
390.9095
393.0474
395.1011
396.9227
399.1625
401.201
403.3103
405.4871
407.6732
409.5159
411.5525
413.626
415.4486
417.7172
419.6381
421.6822
