144.0
144.0
141.9564
139.8954
138.0087
136.0952
134.075
132.1697
130.3083
128.5944
126.8309
125.0352
123.2025
121.484
119.7563
118.0823
116.34
114.6639
113.0272
111.2776
109.7311
108.1322
106.5535
104.9851
103.3009
101.7908
100.2564
98.7531
97.1454
95.5896
94.0708
92.5608
91.1367
89.78
88.3687
86.9205
85.4238
84.0708
82.6865
81.3454
80.0275
78.7185
77.4934
76.2389
75.003
73.8104
72.5543
71.4277
70.2163
68.984
67.7633
66.549
65.3946
64.2876
63.3849
62.4796
61.6475
60.8379
60.0527
59.241
58.4269
57.6179
56.804
56.0535
55.3001
54.4691
53.7177
52.9934
52.249
51.5057
50.7433
49.9963
49.2442
48.5116
47.7785
47.0337
46.3545
45.6686
44.9841
44.3117
43.6209
42.9384
42.3172
41.6783
41.0579
40.46
39.8618
39.1992
38.5684
37.9773
37.3781
36.8321
36.2683
35.7108
35.1499
34.5461
33.9895
33.4084
32.808
32.2602
31.7311
31.209
30.7301
30.17
29.6609
29.1892
28.6502
28.1467
27.6518
27.1711
26.6949
26.1633
25.7151
25.2061
24.7996
24.3589
23.926
23.5254
23.0931
22.6871
22.2968
21.8957
21.5204
21.1396
20.7723
20.3495
19.9828
19.6205
19.3134
18.9858
18.7289
18.4268
18.1214
17.8703
17.5831
17.3319
17.0781
16.7925
16.5452
16.3019
16.0531
15.821
15.551
15.2856
15.0648
14.8395
14.5974
14.357
14.1244
13.8905
13.6573
13.423
13.1979
12.9431
12.7384
12.5372
12.3461
12.1689
11.9658
11.7409
11.5547
11.3323
11.1446
10.9637
10.7907
10.5874
10.4041
10.2396
10.0795
9.9229
9.7502
9.5976
9.4284
9.2544
9.1178
8.9646
8.8235
8.6746
8.5166
8.3878
8.2371
8.1122
7.9379
7.7895
7.6663
7.5343
7.4072
7.2791
7.1259
6.9871
6.8526
6.7182
6.607
6.4897
6.3519
6.2269
6.1218
6.0151
5.9246
5.821
