12167.0
12167.0
12099.8638
12038.328
11976.649
11913.3248
11859.624
11801.8013
11742.6169
11684.0159
11626.2916
11575.4617
11528.703
11472.802
11419.5065
11365.349
11314.5294
11263.6351
11216.9898
11165.7067
11121.7464
11073.1169
11027.0821
10987.0091
10944.1949
10908.5272
10864.3685
10824.5548
10776.164
10731.0428
10681.8837
10643.998
10610.684
10569.8571
10530.3323
10490.579
10451.0364
10417.3847
10380.9279
10348.1369
10308.8443
10269.2104
10233.8593
10203.1095
10167.232
10125.2674
10094.1743
10057.2558
10025.5229
9992.8957
9961.5472
9930.284
9896.2034
9865.5711
9846.6398
9817.7157
9786.0677
9756.6241
9729.6307
9703.8716
9677.8773
9649.4981
9627.4825
9598.5675
9574.0233
9548.1158
9520.2929
9487.7839
9464.4111
9444.1149
9415.0473
9395.0826
9373.8526
9352.5579
9323.7282
9300.3622
9273.7416
9247.8222
9222.8535
9200.21
9177.4191
9149.3958
9123.6374
9097.9244
9078.4271
9050.6745
9030.2306
9004.6617
8978.2901
8952.7075
8928.1165
8899.7175
8873.6991
8849.4192
8822.0813
8800.0733
8774.53
8748.6225
8726.0176
8701.6126
8671.6852
8650.7519
8627.3869
8604.0574
8585.3675
8567.7054
8545.4435
8518.7021
8496.7719
8475.7265
8454.661
8429.2558
8404.3907
8386.4928
8364.6232
8341.187
8323.3804
8303.1597
8279.9755
8251.5871
8228.4688
8209.3149
8190.2409
8174.7283
8153.3157
8130.9693
8109.1954
8074.6507
8033.0881
7994.5271
7951.8643
7902.7622
7854.2418
7804.0297
7764.2383
7719.1578
7666.2128
7624.019
7582.1962
7538.8687
7498.4751
7459.0854
7411.9924
7365.4399
7324.3557
7282.235
7235.5264
7195.9464
7155.7393
7110.6669
7061.6874
7017.6141
6973.5432
6925.184
6879.9662
6843.7732
6800.2445
6761.2376
6729.1471
6693.8918
6653.6721
6612.7749
6576.0028
6533.8604
6496.8239
6457.2346
6412.1127
6372.3557
6330.9653
6292.4046
6252.6263
6214.1895
6178.9149
6140.5961
6108.7019
6076.0539
6042.5273
6006.1607
5969.6971
5936.4678
5904.4166
5870.3042
5836.9229
5803.9184
5770.269
5732.9292
5699.9236
5664.2006
5628.6966
5596.9209
5566.6198
5532.2208
5500.7756
5471.5904
5437.9155
5404.012
5372.2871
5336.94
5309.2325
5273.2048
