12.0
12.0
11.910200000000003
11.818599999999995
11.734099999999989
11.648399999999954
11.556799999999985
11.46929999999999
11.3835
11.30399999999999
11.22169999999999
11.136800000000015
11.049900000000012
10.966799999999976
10.8831
10.801500000000019
10.71599999999999
10.632299999999997
10.5498
10.461399999999985
10.381300000000019
10.299400000000007
10.216700000000033
10.134500000000015
10.045700000000004
9.964599999999981
9.88180000000002
9.799500000000023
9.712200000000005
9.625800000000012
9.54139999999999
9.457000000000022
9.37570000000001
9.297599999999958
9.214499999999974
9.129299999999962
9.0414
8.960399999999987
8.877099999999997
8.79539999999999
8.714100000000053
8.631899999999966
8.554800000000032
8.475500000000022
8.395799999999976
8.317400000000017
8.234900000000057
8.156300000000005
8.076500000000005
7.993400000000001
7.9111
7.826599999999997
7.7468
7.670200000000003
7.604899999999997
7.5412
7.480300000000003
7.4189000000000025
7.3581
7.297999999999997
7.237700000000005
7.1765000000000025
7.113599999999998
7.0557
6.997100000000001
6.931699999999987
6.872299999999997
6.814600000000006
6.7534
6.693099999999997
6.630100000000003
6.56889999999998
6.5062000000000095
6.444599999999989
6.383900000000004
6.31930000000002
6.259899999999979
6.201600000000022
6.139900000000008
6.079500000000003
6.018099999999995
5.956400000000006
5.896600000000017
5.837299999999976
5.7804999999999955
5.726600000000001
5.6684000000000045
5.605599999999998
5.546200000000014
5.488499999999988
5.432699999999991
5.379500000000004
5.324299999999999
5.267800000000009
5.209099999999984
5.148300000000009
5.0921
5.034600000000023
4.972799999999988
4.913600000000005
4.8592999999999975
4.80019999999998
4.748500000000007
4.6882000000000055
4.631299999999988
4.578599999999997
4.520799999999961
4.464899999999974
4.408999999999983
4.353300000000032
4.298099999999964
4.239100000000028
4.1880999999999995
4.127100000000001
4.077200000000009
4.024300000000009
3.9724000000000035
3.9207999999999976
3.868899999999999
3.8197
3.7708
3.7175000000000007
3.6699999999999973
3.6239999999999983
3.5756999999999985
3.5208999999999926
3.4744
3.4275000000000015
3.385199999999992
3.344599999999994
3.3085000000000058
3.268400000000004
3.225999999999997
3.189499999999997
3.152500000000005
3.1172999999999966
3.0801000000000016
3.0418999999999956
3.0090000000000034
2.973899999999997
2.9396999999999953
2.906799999999997
2.8683999999999923
2.830799999999997
2.799199999999996
2.7655000000000074
2.7311999999999967
2.6984000000000017
2.667399999999995
2.6341000000000023
2.6011000000000055
2.5672000000000006
2.535700000000009
2.499100000000009
2.467600000000004
2.4380000000000024
2.408899999999998
2.3822999999999945
2.3517999999999977
2.3191000000000015
2.2876999999999854
2.253900000000006
2.2228000000000177
2.1940999999999944
2.165899999999993
2.1340000000000034
2.103500000000004
2.075799999999995
2.0502999999999973
2.0238999999999914
1.9956000000000025
1.9704000000000008
1.9429999999999996
1.915
1.8903999999999996
1.865
1.8417
1.8132
1.7873999999999979
1.7650000000000003
1.7402999999999993
1.7183999999999986
1.690699999999997
1.6664999999999974
1.6441
1.6238999999999952
1.6029999999999969
1.5800999999999967
1.5563
1.5309000000000028
1.506999999999998
1.4840000000000035
1.463000000000001
1.442699999999998
1.4178999999999968
1.3948999999999958
1.3773999999999997
1.3571000000000033
1.339799999999996
1.3208000000000095
