343.0
343.0
321.1356
301.85
283.4789
266.3843
249.5682
234.4447
218.5227
203.57
190.556
178.3206
166.2532
155.1264
144.628
135.1991
125.2594
116.4759
107.8899
100.6504
93.8577
86.6553
80.6451
74.6309
69.5276
64.5292
59.8665
55.6152
51.2998
48.0126
44.4847
41.1157
37.9145
35.1715
32.5816
29.9461
27.568
25.6312
23.6972
21.9218
20.1935
18.4327
17.252
15.9138
14.6396
13.5197
12.5276
11.4044
10.5404
9.7378
8.9463
8.2425
7.5788
6.9991
6.7852
6.6869
6.5534
6.4737
6.3754
6.3073
6.2724
6.2269
6.1165
6.018
5.9124
5.8467
5.7539
5.7391
5.6366
5.643
5.5184
5.4585
5.3706
5.238
5.1034
5.0463
4.9573
4.9034
4.7872
4.6909
4.6082
4.5262
4.5174
4.4485
4.3724
4.3034
4.2541
4.1736
4.0916
4.0299
3.9862
3.9235
3.9249
3.8752
3.8529
3.8633
3.784
3.7078
3.6253
3.6219
3.6327
3.572
3.4862
3.4542
3.3785
3.3464
3.2986
3.2576
3.21
3.1686
3.1421
3.088
3.0447
2.9993
2.9589
2.9201
2.8953
2.8359
2.7628
2.7366
2.7329
2.6685
2.619
2.5846
2.5266
2.5226
2.4778
2.4177
2.3103
2.1673
2.0753
2.0153
1.9434
1.8701
1.8207
1.7659
1.7073
1.6604
1.5878
1.538
1.4752
1.416
1.3368
1.3194
1.2713
1.2112
1.1682
1.1373
1.1145
1.0775
1.0353
0.9915
0.9548
0.9259
0.8955
0.88
0.8564
0.8265
0.7858
0.7549
0.7355
0.7123
0.7145
0.6788
0.677
0.6604
0.6433
0.6343
0.6341
0.6285
0.6255
0.6206
0.6341
0.6348
0.6217
0.6181
0.6129
0.5912
0.5717
0.5606
0.5496
0.5531
0.5537
0.555
0.556
0.5528
0.5498
0.5511
0.5499
0.5443
0.56
0.5631
0.5542
0.5577
0.5492
0.5249
0.5108
0.4963
0.4984
0.5108
