9.0
9.0
9.02859999999998
9.054600000000015
9.080100000000012
9.101999999999968
9.126999999999946
9.148500000000002
9.17520000000001
9.200699999999987
9.224199999999957
9.243099999999924
9.265099999999991
9.288099999999973
9.305399999999908
9.323100000000004
9.340999999999992
9.355600000000006
9.376699999999982
9.396899999999999
9.420299999999989
9.43340000000001
9.45100000000001
9.472299999999994
9.488600000000005
9.499399999999984
9.516299999999944
9.537300000000004
9.550800000000017
9.565199999999983
9.57680000000005
9.589399999999985
9.602099999999997
9.616600000000036
9.629699999999973
9.642699999999948
9.655400000000023
9.670100000000009
9.685599999999944
9.696599999999947
9.706299999999986
9.722199999999964
9.735100000000015
9.744599999999982
9.754499999999997
9.768699999999985
9.7825
9.799899999999967
9.813499999999985
9.820299999999998
9.831899999999978
9.853799999999975
9.873700000000014
9.887600000000003
9.896999999999979
9.905300000000022
9.913099999999964
9.923400000000031
9.928499999999993
9.93810000000001
9.946599999999977
9.957000000000017
9.974399999999992
9.981200000000012
9.99040000000001
9.998999999999972
10.006999999999973
10.016699999999997
10.025800000000013
10.036400000000015
10.047400000000037
10.055900000000001
10.06990000000002
10.08370000000002
10.094900000000006
10.111900000000041
10.120699999999998
10.133700000000033
10.14339999999996
10.156300000000012
10.166699999999985
10.18009999999999
10.192200000000025
10.20910000000002
10.221099999999964
10.234899999999978
10.248600000000035
10.25940000000001
10.2695
10.281900000000006
10.295799999999948
10.30890000000001
10.323999999999991
10.335199999999995
10.35510000000006
10.371899999999991
10.388800000000046
10.406299999999996
10.423899999999986
10.438699999999978
10.458900000000005
10.476199999999986
10.495399999999963
10.513800000000051
10.530700000000001
10.544800000000013
10.562999999999999
10.576799999999986
10.592399999999989
10.61230000000003
10.629899999999985
10.647700000000022
10.669100000000027
10.689200000000017
10.704199999999988
10.725500000000029
10.741600000000009
10.756700000000015
10.777499999999973
10.79490000000002
10.810000000000002
10.832900000000002
10.854400000000012
10.873899999999992
10.899700000000019
10.919200000000012
10.93980000000002
10.970999999999995
11.01089999999998
11.045699999999963
11.082799999999963
11.12270000000002
11.158399999999999
11.192899999999984
11.227299999999998
11.268999999999991
11.306999999999992
11.342999999999977
11.37750000000002
11.414100000000053
11.447500000000039
11.482599999999993
11.5193
11.556200000000041
11.595299999999984
11.63200000000004
11.667199999999989
11.699899999999978
11.736300000000004
11.771500000000014
11.80839999999999
11.840200000000037
11.871199999999996
11.9044
11.926700000000022
11.961800000000016
11.995100000000008
12.025499999999985
12.053999999999984
12.0895
12.1208
12.15899999999999
12.189200000000005
12.222600000000002
12.252099999999981
12.27849999999999
12.304699999999999
12.334199999999976
12.365399999999998
12.392799999999966
12.422800000000004
12.451099999999986
12.480899999999982
12.509300000000012
12.53789999999997
12.564900000000017
12.598999999999979
12.632500000000002
12.66369999999997
12.69180000000002
12.721900000000016
12.750600000000013
12.777899999999981
12.800899999999988
12.83010000000001
12.861299999999982
12.895900000000019
12.924699999999989
12.953800000000003
12.98070000000001
13.005699999999994
13.03399999999997
13.055700000000044
13.085599999999983
13.113999999999988
13.146299999999995
13.171599999999998
13.201300000000009
13.227899999999995
13.255200000000006
