4.0
4.0
4.1856
4.4009
4.5835
4.807
5.0323
5.255
5.4747
5.71
5.931
6.1605
6.4317
6.6923
6.9589
7.2516
7.5437
7.8309
8.1339
8.4166
8.7217
9.0213
9.2896
9.6288
9.8934
10.1728
10.493
10.7942
11.1043
11.3889
11.689
11.9944
12.3125
12.642
12.9383
13.2982
13.6504
14.0192
14.3372
14.6731
15.0615
15.4416
15.8113
16.1007
16.5048
16.9101
17.2855
17.6239
18.0037
18.4167
18.7482
19.1331
19.4709
19.8476
20.2452
20.6403
21.0208
21.4285
21.8649
22.297
22.7073
23.1206
23.5345
23.9419
24.3133
24.7036
25.1207
25.5653
25.9354
26.331
26.6983
27.0863
27.5243
27.894
28.3409
28.7748
29.1915
29.6268
30.0914
30.571
31.0414
31.5087
31.8992
32.3339
32.7697
33.2595
33.7009
34.0975
34.6103
35.1078
35.534
35.9839
36.4243
36.8757
37.3168
37.791
38.2304
38.7194
39.1827
39.6688
40.2078
40.653
41.1709
41.6382
42.1448
42.7105
43.1666
43.6594
44.1353
44.6398
45.1415
45.6049
46.1016
46.6
47.1236
47.6519
48.1437
48.6778
49.1912
49.6688
50.1901
50.7741
51.3367
51.889
52.4129
53.0124
53.5109
53.9816
54.2156
54.4728
54.7301
54.923
55.132
55.3051
55.5091
55.6766
55.8991
56.1607
56.4145
56.6906
56.9346
57.2021
57.5178
57.8144
58.1089
58.3013
58.5305
58.7754
59.0108
59.3937
59.6943
59.9358
60.2501
60.5525
60.8988
61.1098
61.3786
61.6908
61.9477
62.2631
62.6185
62.8922
63.186
63.509
63.8511
64.1047
64.3
64.5311
64.8974
65.2114
65.5236
65.7845
66.0929
66.3789
66.7587
67.0604
67.3135
67.7276
68.0795
68.37
68.6442
68.882
69.1604
69.4458
69.6938
69.9468
70.1878
70.5242
70.9133
71.2647
71.57
71.9643
72.367
72.7964
73.2558
73.6992
73.9083
74.2148
74.5285
75.0043
