81.0
81.0
81.198
81.362
81.3947
81.5457
81.7762
82.0212
82.326
82.5858
82.906
83.2006
83.5031
83.8302
84.1749
84.4666
84.749
85.0868
85.5159
85.9591
86.4077
86.8878
87.3052
87.7468
88.1015
88.411
88.856
89.2453
89.7936
90.3997
91.0305
91.5418
92.0661
92.7137
93.2864
93.9048
94.5017
94.9648
95.4739
96.1705
96.7499
97.4455
98.2022
98.8369
99.5491
100.0887
100.8223
101.5068
102.1305
102.8526
103.5943
104.2441
104.8967
105.4987
106.1959
106.8227
107.6351
108.3594
109.1963
110.0846
110.8762
111.5655
112.4455
113.3017
114.0797
114.8715
115.8105
116.4982
117.3346
117.9831
118.6913
119.6522
120.5908
121.5195
122.4495
123.2761
124.1633
125.0127
125.9572
126.8218
127.714
128.6425
129.5118
130.3679
131.087
131.9657
132.8671
133.7771
134.8063
135.746
136.5876
137.6536
138.7057
139.6636
140.5728
141.5847
142.3626
143.3077
144.195
145.114
146.0618
147.0714
147.9592
148.8102
149.8495
150.7819
151.7277
152.7619
153.6248
154.5822
155.472
156.4272
157.3795
158.4386
159.3977
160.3756
161.3008
162.2408
163.1536
164.185
165.05
165.9676
167.0
167.886
169.0062
170.0324
171.0806
172.1733
173.3029
174.4646
175.8623
177.0666
178.2563
179.3491
180.4723
181.6811
182.9362
184.0974
185.2085
186.4588
187.6352
188.7769
189.9735
191.1346
192.3412
193.594
194.5444
195.8323
196.9384
198.264
199.3429
200.466
201.4368
202.535
203.6544
204.9146
206.1183
207.3539
208.5551
209.7437
210.9534
211.8604
213.0158
214.1946
215.4439
216.5269
217.6521
218.7989
219.9492
221.097
222.1919
223.2682
224.4125
225.4449
226.4622
227.6087
228.7518
229.7647
231.1359
232.3152
233.5203
234.7158
235.8486
237.0613
238.0789
239.3951
240.619
241.8443
242.9635
244.1976
245.399
246.4775
247.7174
248.8429
250.0165
251.1186
252.2164
253.4173
254.6252
255.7929
