81.0
81.0
78.5599
76.1658
73.8716
71.6405
69.4891
67.4177
65.3547
63.4106
61.5895
59.692
57.866
56.0918
54.4394
52.7271
51.2482
49.6763
48.2185
46.6502
45.1285
43.6393
42.1517
40.7332
39.3583
38.0555
36.8702
35.7608
34.6281
33.5632
32.4984
31.4385
30.3883
29.4663
28.529
27.6654
26.7313
25.8347
24.9386
24.1049
23.2734
22.4208
21.5971
20.907
20.243
19.5975
18.9296
18.3165
17.753
17.1576
16.6057
16.0403
15.5174
15.1006
15.0604
15.0477
15.0576
15.0136
14.9556
14.9301
14.9108
14.8888
14.8222
14.8182
14.7646
14.7355
14.7031
14.665
14.6336
14.5446
14.4953
14.4209
14.3756
14.3067
14.279
14.2024
14.1551
14.1016
14.0518
14.0189
13.9886
13.9417
13.9123
13.9001
13.8654
13.8288
13.7917
13.7215
13.6862
13.6135
13.6012
13.5205
13.492
13.3965
13.3039
13.2742
13.2651
13.2102
13.1512
13.1238
13.0983
13.0437
12.9935
12.9665
12.9517
12.9414
12.9157
12.8702
12.8579
12.7829
12.7109
12.7095
12.691
12.657
12.6176
12.5865
12.5824
12.5591
12.6138
12.5538
12.5141
12.5143
12.4754
12.4657
12.4545
12.4393
12.4433
12.3976
12.3586
12.281
12.2048
12.1392
12.0957
12.0971
12.0189
11.9417
11.8939
11.8108
11.7505
11.6732
11.6185
11.5629
11.5093
11.4427
11.3707
11.3141
11.2507
11.1955
11.1766
11.1912
11.1368
11.1237
11.0782
11.0474
11.0392
11.0145
10.9947
10.9428
10.9063
10.8594
10.8026
10.765
10.7338
10.7105
10.6993
10.6781
10.6211
10.6016
10.5711
10.5348
10.5121
10.4803
10.4422
10.4071
10.376
10.3372
10.3484
10.3452
10.2667
10.2427
10.1737
10.1255
10.1091
10.0551
10.0252
10.0245
9.9782
9.9449
9.9006
9.8885
9.8717
9.8145
9.7849
9.7352
9.7335
9.7126
9.695
9.6833
9.6399
9.6269
