4.0
4.0
3.9113
3.8416
3.7553
3.7
3.6499
3.5848
3.5325
3.4931
3.4402
3.4043
3.3697
3.3474
3.3169
3.3045
3.28
3.259
3.2428
3.2255
3.1903
3.1806
3.1777
3.17
3.1758
3.1789
3.1794
3.1874
3.199
3.1951
3.2086
3.2119
3.2153
3.2145
3.2201
3.2349
3.2487
3.2723
3.3
3.3158
3.3581
3.3658
3.3921
3.4114
3.4323
3.4589
3.4744
3.4906
3.4931
3.5096
3.537
3.5513
3.5664
3.6011
3.6818
3.7516
3.8213
3.901
3.9774
4.059
4.1605
4.2482
4.315
4.3733
4.4413
4.5299
4.6105
4.6973
4.773
4.8271
4.8918
4.98
5.0438
5.1303
5.1896
5.2557
5.3392
5.3891
5.4474
5.5194
5.5977
5.6632
5.7344
5.8009
5.8701
5.9378
6.0131
6.0662
6.1676
6.2513
6.3134
6.3864
6.4536
6.5272
6.5722
6.6193
6.6832
6.7507
6.8029
6.8562
6.91
6.9934
7.0539
7.0964
7.1676
7.227
7.3156
7.3679
7.4184
7.4955
7.5463
7.5834
7.6455
7.6982
7.7498
7.7949
7.8421
7.9002
7.9765
8.0342
8.1051
8.1522
8.1887
8.2613
8.3479
8.4073
8.4697
8.5199
8.5539
8.5888
8.6067
8.6236
8.639
8.6644
8.7137
8.7305
8.7489
8.7625
8.7698
8.7965
8.8145
8.8475
8.8769
8.8912
8.914
8.9232
8.9306
8.9532
8.9743
8.9979
9.0186
9.0336
9.0356
9.0624
9.0721
9.0971
9.0907
9.1102
9.1184
9.1537
9.1655
9.1742
9.1996
9.1831
9.1691
9.1828
9.195
9.1912
9.1604
9.1484
9.1781
9.2103
9.2111
9.2426
9.2509
9.2512
9.2818
9.275
9.2749
9.2717
9.2572
9.2652
9.2606
9.2532
9.2552
9.261
9.2544
9.279
9.2903
9.2803
9.2749
9.2881
9.29
9.2775
9.2749
9.2951
9.2925
9.2753
9.2981
9.3127
