144.0
144.0
142.8903
141.7662
140.801
139.7607
138.6818
137.6508
136.6805
135.6402
134.6488
133.7458
132.8081
131.7705
130.8064
129.8238
128.8362
127.9163
126.9598
126.0104
125.0376
124.1088
123.1595
122.1422
121.2669
120.289
119.3521
118.4941
117.5722
116.6441
115.6523
114.7165
113.8097
112.8487
111.9622
111.2174
110.2697
109.3865
108.51
107.5936
106.6839
105.7674
104.9256
104.0847
103.2517
102.3945
101.5697
100.7372
99.8942
99.0511
98.2239
97.4638
96.7384
95.9713
95.2982
94.6827
94.1876
93.6835
93.1845
92.6547
92.2358
91.8632
91.3718
90.9366
90.5012
90.0283
89.5534
89.1179
88.6751
88.2194
87.7738
87.292
86.8908
86.3996
85.916
85.474
85.0285
84.5651
84.1145
83.6814
83.2212
82.776
82.338
81.8871
81.4515
81.0563
80.6275
80.1755
79.6839
79.2216
78.7091
78.2479
77.8631
77.3974
76.9513
76.5234
76.1086
75.6547
75.2358
74.7954
74.3018
73.8881
73.445
73.054
72.6357
72.2237
71.8182
71.4262
71.0057
70.5688
70.1411
69.7596
69.3811
68.9788
68.6038
68.2162
67.785
67.3969
67.0423
66.6396
66.2359
65.8712
65.4809
65.1077
64.6882
64.3155
63.9137
63.5432
63.0896
62.5614
62.0612
61.621
61.1658
60.6686
60.1953
59.7017
59.2557
58.7994
58.3391
57.8717
57.453
56.9963
56.5725
56.139
55.6601
55.2062
54.7038
54.2736
53.8108
53.3927
52.9924
52.5684
52.1508
51.706
51.2757
50.8344
50.4111
50.0043
49.5792
49.185
48.7968
48.4131
48.0144
47.6458
47.273
46.8435
46.4428
46.1063
45.697
45.3053
44.9149
44.5098
44.1541
43.7276
43.3589
43.003
42.6501
42.3037
41.9132
41.5742
41.2163
40.8216
40.4419
40.0675
39.7101
39.3856
39.0424
38.6941
38.3922
38.068
37.695
37.4002
37.0665
36.7162
36.3816
36.0624
35.7398
35.41
35.0853
34.7626
