17.0
17.0
16.92240000000003
16.843900000000104
16.752599999999912
16.670800000000074
16.585499999999943
16.498700000000074
16.40619999999992
16.31899999999998
16.230700000000038
16.15079999999998
16.076800000000045
15.990999999999998
15.9067
15.825
15.738899999999997
15.651400000000006
15.5632
15.4794
15.396499999999998
15.3137
15.2325
15.15
15.064100000000005
14.9761
14.894000000000005
14.81700000000001
14.726799999999988
14.643100000000006
14.551400000000012
14.466599999999985
14.3877
14.301100000000023
14.218899999999994
14.133099999999988
14.041400000000012
13.957399999999991
13.870500000000018
13.781699999999994
13.692999999999989
13.605700000000011
13.517799999999983
13.423900000000005
13.334500000000018
13.24699999999998
13.154900000000021
13.065699999999973
12.972699999999978
12.886099999999988
12.798499999999985
12.71080000000005
12.623200000000004
12.53700000000002
12.480800000000022
12.425699999999988
12.377799999999985
12.332899999999977
12.285800000000005
12.24050000000001
12.195400000000024
12.149300000000027
12.10480000000003
12.061000000000007
12.016899999999975
11.970000000000027
11.92070000000002
11.873099999999962
11.833599999999969
11.788200000000028
11.737399999999992
11.692299999999982
11.645299999999992
11.602000000000004
11.560800000000015
11.51959999999996
11.473499999999987
11.431399999999972
11.38930000000001
11.341500000000005
11.292700000000027
11.254500000000005
11.210900000000011
11.166299999999987
11.126699999999973
11.081399999999995
11.043299999999965
11.002399999999998
10.961900000000004
10.916299999999977
10.867900000000022
10.823100000000045
10.777300000000022
10.738699999999998
10.69499999999999
10.655800000000024
10.614699999999994
10.571800000000007
10.529400000000013
10.486200000000013
10.443699999999978
10.402900000000002
10.36040000000004
10.324699999999968
10.285000000000027
10.238900000000005
10.199999999999983
10.16020000000001
10.121399999999975
10.08039999999996
10.040399999999988
9.99319999999998
9.954299999999996
9.911700000000026
9.875000000000043
9.831000000000012
9.790800000000024
9.744500000000023
9.703199999999947
9.66169999999996
9.62539999999996
9.580400000000035
9.537000000000074
9.496300000000003
9.459199999999989
9.418599999999973
9.37909999999999
9.338599999999989
9.274600000000001
9.207800000000015
9.136799999999967
9.066500000000014
8.998899999999962
8.930199999999992
8.866899999999987
8.804899999999954
8.742100000000011
8.679800000000046
8.615100000000025
8.550799999999972
8.492299999999997
8.423799999999991
8.363499999999998
8.295299999999981
8.229299999999984
8.16660000000005
8.102199999999995
8.03270000000001
7.965099999999997
7.902400000000002
7.8334
7.768499999999999
7.702700000000003
7.637900000000003
7.5722
7.5048
7.440100000000003
7.3755
7.308099999999988
7.2447
7.1772000000000045
7.116700000000002
7.053099999999997
6.983999999999987
6.926200000000015
6.864799999999997
6.798300000000006
6.731299999999994
6.670300000000007
6.606700000000007
6.547900000000013
6.484299999999996
6.423799999999989
6.366099999999992
6.3067000000000055
6.243100000000005
6.184000000000003
6.123100000000008
6.062800000000007
6.00839999999999
5.947800000000002
5.8865999999999845
5.8282000000000265
5.777799999999986
5.724199999999995
5.670600000000021
5.619699999999995
5.561799999999988
5.509399999999994
5.451700000000003
5.3962999999999886
5.342699999999998
5.2883000000000004
5.232599999999994
5.170400000000003
5.117499999999986
5.063200000000005
5.015199999999987
4.959700000000007
4.910199999999992
