13.0
13.0
12.94250000000002
12.887099999999963
12.828700000000023
12.768299999999982
12.713699999999978
12.662000000000015
12.600399999999997
12.540800000000052
12.479400000000025
12.423099999999948
12.35209999999999
12.287800000000038
12.224000000000014
12.162999999999997
12.097899999999978
12.0397
11.973699999999958
11.901299999999967
11.840599999999986
11.778699999999976
11.708599999999995
11.638799999999993
11.57019999999996
11.503699999999967
11.435499999999985
11.367000000000015
11.290899999999974
11.21639999999998
11.137299999999996
11.067199999999998
10.995099999999978
10.91639999999999
10.84239999999998
10.764599999999975
10.697800000000003
10.620599999999984
10.543200000000027
10.461200000000028
10.388499999999961
10.315200000000003
10.237799999999991
10.1611
10.089900000000055
10.014899999999995
9.936200000000014
9.860899999999994
9.786100000000003
9.714199999999977
9.638899999999975
9.560800000000029
9.488000000000007
9.41939999999999
9.375900000000005
9.33349999999999
9.294399999999985
9.252500000000014
9.211099999999968
9.169600000000072
9.12749999999999
9.086700000000006
9.0468
9.00390000000003
8.95829999999997
8.911900000000015
8.872000000000051
8.827300000000012
8.778999999999924
8.729600000000046
8.679000000000018
8.629200000000008
8.583100000000016
8.534300000000005
8.484699999999997
8.4326
8.383400000000016
8.33559999999996
8.28459999999996
8.23479999999998
8.181000000000031
8.130500000000008
8.077900000000039
8.0293
7.976799999999982
7.9244
7.872300000000003
7.819300000000003
7.770099999999997
7.7192
7.669699999999999
7.6186
7.568100000000003
7.5171999999999946
7.4645
7.417600000000005
7.3644
7.312599999999994
7.2582
7.206400000000003
7.153200000000003
7.107200000000007
7.055299999999997
7.006200000000013
6.952599999999987
6.901300000000003
6.8454
6.797699999999977
6.746100000000003
6.6934
6.642799999999997
6.586499999999993
6.5400999999999865
6.483400000000003
6.4306999999999865
6.373899999999998
6.31709999999998
6.265100000000012
6.214100000000016
6.160800000000002
6.109499999999989
6.05499999999998
6.0002999999999975
5.948499999999989
5.896799999999981
5.849000000000009
5.798600000000003
5.750800000000015
5.714599999999979
5.6850999999999985
5.655900000000024
5.627599999999987
5.597099999999995
5.56820000000001
5.539100000000016
5.5152999999999865
5.491600000000004
5.47130000000002
5.447500000000002
5.414999999999987
5.386900000000006
5.362299999999991
5.33169999999998
5.305499999999991
5.281299999999995
5.258700000000002
5.232899999999987
5.20960000000001
5.183100000000025
5.1570999999999945
5.132399999999987
5.107299999999987
5.081699999999991
5.058299999999986
5.033100000000007
5.010099999999976
4.9871000000000105
4.965499999999988
4.9425000000000034
4.920999999999979
4.89239999999999
4.871999999999988
4.848899999999976
4.826699999999976
4.802800000000006
4.785099999999987
4.762400000000012
4.739299999999992
4.714300000000011
4.690599999999985
4.661899999999995
4.638599999999974
4.613599999999989
4.592399999999966
4.572400000000002
4.547799999999993
4.525300000000021
4.50480000000001
4.485599999999993
4.466100000000007
4.450600000000013
4.428799999999997
4.412800000000032
4.391999999999994
4.370199999999974
4.349200000000036
4.329800000000015
4.306799999999982
4.288399999999999
4.266099999999977
4.244799999999987
4.222799999999983
4.2048
4.184199999999995
4.163399999999978
4.143099999999992
4.119599999999978
4.097300000000002
4.074600000000003
4.0544000000000215
