0.0
0.0
0.004500000000000003
0.008400000000000022
0.012299999999999974
0.014799999999999989
0.01789999999999998
0.01939999999999999
0.021400000000000034
0.02290000000000003
0.024100000000000003
0.02570000000000003
0.026999999999999982
0.02660000000000003
0.026600000000000044
0.028000000000000046
0.030399999999999955
0.03299999999999991
0.03410000000000027
0.034900000000000084
0.03679999999999994
0.034700000000000016
0.03850000000000005
0.03789999999999998
0.03879999999999979
0.041599999999999804
0.04220000000000023
0.0430999999999999
0.04310000000000006
0.042900000000000105
0.04349999999999999
0.044000000000000046
0.045600000000000064
0.04509999999999988
0.04390000000000008
0.04359999999999989
0.04439999999999989
0.0461000000000001
0.046300000000000015
0.04750000000000002
0.047999999999999925
0.04820000000000007
0.050499999999999996
0.05080000000000013
0.049800000000000046
0.04780000000000009
0.04849999999999992
0.05059999999999988
0.04979999999999997
0.050299999999999935
0.05139999999999992
0.05379999999999989
0.05369999999999994
0.0542
0.0578
0.05919999999999999
0.060900000000000294
0.06480000000000011
0.06830000000000001
0.06960000000000026
0.07310000000000026
0.07390000000000027
0.07860000000000017
0.07890000000000008
0.07900000000000011
0.08060000000000014
0.08389999999999996
0.0852
0.08869999999999971
0.08960000000000004
0.09040000000000037
0.09400000000000035
0.0926000000000001
0.0966999999999997
0.09980000000000024
0.1003000000000001
0.1009000000000002
0.10100000000000021
0.10230000000000028
0.1003999999999999
0.10229999999999996
0.10770000000000005
0.11010000000000005
0.11070000000000005
0.1123
0.1153
0.11669999999999996
0.11799999999999998
0.12130000000000002
0.12210000000000011
0.12240000000000023
0.12290000000000005
0.12260000000000004
0.12450000000000017
0.12440000000000011
0.12659999999999966
0.1261999999999998
0.12869999999999981
0.1297999999999999
0.1283999999999995
0.1261000000000001
0.12459999999999997
0.1251000000000003
0.12400000000000014
0.12119999999999996
0.12460000000000025
0.1258999999999999
0.12799999999999942
0.1274999999999992
0.12649999999999992
0.1291000000000005
0.1298000000000001
0.1296999999999994
0.1308
0.13370000000000037
0.1336000000000004
0.13749999999999996
0.136
0.13759999999999942
0.13930000000000023
0.13939999999999989
0.14020000000000044
0.14049999999999968
0.14580000000000004
0.14740000000000006
0.14749999999999946
0.14800000000000044
0.14800000000000038
0.15150000000000072
0.15390000000000054
0.15610000000000038
0.15840000000000012
0.15990000000000038
0.16029999999999991
0.16519999999999938
0.17049999999999987
0.1730000000000003
0.175
0.17640000000000008
0.17590000000000033
0.17750000000000024
0.18229999999999955
0.18539999999999984
0.18650000000000028
0.1917999999999997
0.19340000000000018
0.19270000000000026
0.19439999999999988
0.1946000000000002
0.1970000000000004
0.1999999999999999
0.20410000000000017
0.2066999999999999
0.2111000000000001
0.21320000000000044
0.21120000000000036
0.2106
0.21439999999999987
0.21720000000000036
0.21810000000000032
0.21980000000000005
0.2223
0.22240000000000054
0.2246000000000002
0.2260999999999999
0.2264000000000001
0.2307000000000001
0.2315
0.23029999999999973
0.23159999999999992
0.23239999999999986
0.23409999999999992
0.2356
0.2383000000000001
0.2418
0.24550000000000047
0.24730000000000046
0.24889999999999946
0.25009999999999966
0.24599999999999964
0.2502000000000001
0.2519000000000003
0.2539000000000014
0.2541999999999993
0.2544000000000003
0.25599999999999923
0.2552000000000001
0.253299999999999
0.2501000000000007
0.25369999999999837
0.2538999999999999
0.2574999999999985
0.25479999999999897
0.25360000000000005
0.25159999999999993
0.25089999999999957
0.2515000000000005
0.25259999999999805
0.2542999999999995
0.2544999999999994
