216.0
216.0
217.264
218.4157
219.8946
222.068
223.3865
225.3189
226.9967
229.1575
231.2911
233.5425
235.3188
237.1914
239.4739
242.2195
244.3957
246.9886
249.1673
251.922
254.233
256.8517
259.6076
262.535
265.1097
267.8472
270.7814
273.8969
277.2766
279.6557
282.6262
285.7669
289.1198
292.7023
296.0521
299.5123
303.5841
307.2737
310.5216
314.2261
317.8904
321.2107
325.4692
330.0028
333.8316
337.6632
340.7533
345.4515
348.9125
351.7624
356.5536
359.8884
364.8417
369.4792
376.0015
381.2091
387.0306
392.5997
397.3872
402.6134
408.9294
414.3115
419.6537
425.4243
431.3425
436.8517
442.2166
447.7839
452.7773
459.404
465.2806
472.0635
477.2923
482.575
488.3714
494.3943
500.4049
505.4802
511.2791
517.3718
522.9912
529.2608
535.306
541.209
547.5133
553.2418
559.0256
564.6174
571.0735
577.7716
583.5831
589.8079
596.2356
602.425
608.8442
615.2076
620.9282
627.7552
635.0817
640.8344
646.7185
652.182
657.4942
664.2678
669.9568
675.5874
681.2419
687.1744
691.9078
698.5218
704.1434
710.1361
717.3417
723.2344
729.8974
736.5311
742.1914
748.6495
755.0491
762.0802
768.8267
775.1433
781.7894
786.958
793.0381
799.9335
807.5499
812.6673
814.9174
818.8892
821.5889
824.0131
824.5295
828.9359
831.6069
835.5909
839.2093
841.2656
843.6174
845.9339
851.0542
852.8956
855.6651
856.9301
860.002
863.8104
865.1628
867.0883
869.5151
872.7355
876.7989
880.5945
883.7453
885.5504
887.6482
890.3824
894.0693
896.2088
897.7405
900.2993
901.5525
903.1622
905.3543
906.0977
909.81
912.1711
915.0892
919.0888
920.8768
922.7365
924.6536
926.2281
927.3176
929.1805
931.2998
933.9458
935.8038
938.2193
941.5325
943.9116
946.6798
950.2295
953.0909
955.5276
956.5481
959.5568
960.7242
963.2806
964.1635
966.2198
968.4885
970.4097
974.6914
975.5472
977.088
980.8908
982.1158
985.9333
989.3632
990.5352
