729.0
729.0
738.4324
747.2526
755.5431
763.0536
771.2872
778.5915
787.1376
795.3081
803.371
809.6713
816.9899
824.2885
830.6166
837.1311
843.6626
849.112
856.3283
863.3805
871.4289
876.7886
882.8872
890.3143
896.2694
900.8588
907.2903
914.7387
920.0112
925.6512
930.4862
936.1088
940.9719
946.57
951.8367
957.5275
963.188
969.6347
975.9142
980.445
985.7395
992.272
997.1821
1001.9844
1007.2647
1013.1199
1019.1349
1026.0673
1032.7097
1036.5439
1041.7977
1050.7416
1058.4685
1064.9546
1069.5444
1074.2717
1078.4897
1083.612
1087.3425
1091.8293
1096.5712
1102.0122
1109.448
1113.674
1119.316
1124.9766
1129.91
1135.1475
1140.3934
1145.8124
1151.1268
1156.0511
1163.0323
1169.9263
1175.5985
1183.0963
1187.9147
1193.5593
1199.4154
1205.7667
1212.0267
1218.2927
1224.3276
1231.5409
1237.7743
1244.4877
1250.85
1257.2886
1262.8421
1269.6051
1276.2298
1284.1629
1291.5436
1297.2326
1306.2795
1314.2229
1322.2408
1330.4261
1339.2007
1347.3623
1358.0169
1366.5194
1375.8254
1385.3196
1394.7367
1403.1016
1412.0346
1419.2334
1427.8428
1437.5719
1445.7975
1454.2087
1464.3851
1474.9478
1483.3148
1493.9339
1502.1832
1509.7565
1520.2617
1529.5461
1538.5324
1549.7231
1560.196
1570.3807
1584.1957
1593.2626
1604.0724
1619.6838
1638.5895
1653.6057
1671.1652
1690.6211
1707.4772
1724.8361
1741.4029
1761.9454
1779.5964
1796.1618
1814.1261
1833.1425
1850.0371
1868.9608
1886.9459
1905.4646
1925.2023
1943.0134
1962.446
1978.4885
1996.5951
2014.9381
2034.9778
2053.1818
2070.1832
2087.8384
2101.2587
2120.5952
2139.1253
2155.2819
2172.306
2192.0851
2209.3244
2231.2422
2249.3084
2268.513
2285.5825
2300.9881
2316.7307
2333.9526
2353.8576
2370.6322
2388.7666
2406.7307
2424.1137
2442.3977
2458.7919
2475.0207
2496.5918
2516.6689
2536.3333
2554.1982
2572.0711
2591.5452
2608.5381
2623.6511
2641.6263
2660.9331
2683.0699
2700.6757
2719.1896
2736.9345
2752.2649
2770.37
2784.2439
2804.1998
2822.392
2842.1049
2859.7168
2879.7883
2898.7581
2915.8326
