1728.0
1728.0
1693.1054
1658.2744
1626.6215
1594.4862
1560.9218
1529.6403
1499.2161
1471.3608
1442.8325
1414.136
1384.8885
1357.9818
1330.9095
1304.8119
1277.8512
1252.3161
1227.588
1201.1932
1178.4013
1154.548
1131.4529
1108.3931
1083.8345
1062.1072
1040.1226
1018.8507
996.018
974.3556
953.1362
932.119
912.6181
894.1806
875.3283
855.9975
835.983
818.0748
799.9039
782.3886
765.3363
748.7025
733.2186
717.3155
701.8188
687.2042
671.6879
658.4213
643.5251
628.6352
613.9789
599.7206
586.0424
572.8114
562.5137
551.9764
542.3017
533.3201
524.7765
515.561
506.2487
497.1887
488.145
479.8311
471.5249
462.4649
454.2431
446.371
438.5428
430.5985
422.5999
414.6235
406.6732
398.9874
391.3097
383.7109
376.8181
369.7332
362.9887
356.3757
349.3033
342.335
336.421
330.0821
323.8603
317.801
312.1496
305.6518
299.5048
293.7663
287.8623
282.6281
277.2617
272.1148
267.1103
261.5583
256.4165
250.854
245.4036
240.6764
235.7921
231.3098
227.0347
222.0694
217.6373
213.4722
208.555
204.0117
199.565
195.4623
191.2803
186.5995
182.6983
178.4001
175.0472
171.3679
167.6848
164.485
160.8559
157.3621
154.1608
151.1075
148.0162
144.8274
141.9471
138.5623
135.6442
132.6897
130.35
127.7312
125.8435
123.5102
121.1194
119.3195
116.9953
114.9939
113.1441
110.8637
108.9144
107.0511
105.0957
103.393
101.4088
99.3138
97.6592
95.9527
94.1256
92.264
90.451
88.6879
86.8915
85.114
83.3653
81.4807
80.0218
78.5114
77.1311
75.8079
74.353
72.6241
71.3861
69.8217
68.5186
67.2545
66.0317
64.558
63.3107
62.2378
61.1407
60.0649
58.854
57.8544
56.7002
55.4698
54.6118
53.5334
52.5141
51.5688
50.5152
49.7014
48.6465
47.8518
46.6613
45.5763
44.7919
43.8315
42.967
42.1377
41.1047
40.2069
39.3586
38.4446
37.7084
36.9381
36.0871
35.2799
34.6096
33.9101
33.3612
32.7296
