17.0
17.0
17.06409999999988
17.12790000000002
17.188599999999948
17.25839999999992
17.322299999999903
17.381299999999978
17.451600000000028
17.516600000000004
17.585400000000043
17.652000000000037
17.728900000000003
17.798399999999916
17.86490000000011
17.933299999999964
18.004799999999943
18.07549999999992
18.147099999999888
18.219699999999882
18.285000000000043
18.35279999999992
18.424100000000102
18.49120000000001
18.56590000000002
18.631799999999977
18.697400000000034
18.77280000000007
18.843700000000062
18.92330000000005
19.000800000000055
19.075099999999964
19.15190000000001
19.224000000000057
19.29440000000001
19.365600000000025
19.439699999999995
19.51420000000012
19.58889999999997
19.661299999999983
19.7449
19.82420000000008
19.901999999999887
19.978499999999944
20.050500000000014
20.121300000000023
20.197100000000052
20.27679999999995
20.355000000000032
20.430300000000067
20.508599999999948
20.58600000000003
20.663400000000063
20.73389999999995
20.79469999999998
20.842799999999915
20.895100000000078
20.939799999999966
20.99139999999996
21.03740000000007
21.092499999999937
21.14350000000001
21.190899999999996
21.240299999999955
21.285599999999967
21.335000000000047
21.384799999999963
21.42859999999997
21.47300000000005
21.518400000000074
21.559700000000017
21.60709999999996
21.654500000000002
21.69979999999998
21.742100000000082
21.790899999999944
21.833699999999972
21.8799
21.92060000000004
21.96479999999991
22.00799999999995
22.055300000000038
22.10100000000002
22.14210000000001
22.181200000000004
22.22419999999999
22.26629999999997
22.310699999999937
22.348699999999987
22.392400000000023
22.429600000000054
22.477200000000057
22.51199999999997
22.552899999999955
22.593499999999977
22.634699999999967
22.672199999999993
22.70709999999997
22.745700000000085
22.783500000000053
22.82120000000002
22.856900000000007
22.893999999999934
22.929000000000133
22.967700000000022
23.009000000000047
23.044399999999964
23.07899999999995
23.11640000000001
23.152400000000057
23.186900000000023
23.22439999999993
23.26070000000009
23.294000000000022
23.325300000000016
23.36290000000001
23.396400000000053
23.43380000000001
23.46690000000008
23.49900000000004
23.53129999999998
23.570900000000076
23.605700000000066
23.632499999999848
23.66670000000008
23.69920000000009
23.72769999999995
23.768599999999985
23.810300000000016
23.85129999999992
23.89589999999995
23.94130000000001
23.987700000000032
24.02769999999991
24.069999999999958
24.108300000000057
24.14879999999997
24.196899999999946
24.239799999999963
24.28289999999993
24.323599999999985
24.361700000000035
24.40430000000009
24.443200000000036
24.49010000000004
24.527599999999946
24.56970000000005
24.60999999999993
24.65080000000002
24.694200000000077
24.73129999999999
24.76609999999998
24.809499999999982
24.846200000000028
24.884599999999995
24.91960000000002
24.966200000000093
25.00110000000001
25.039500000000032
25.07809999999998
25.117499999999914
25.153099999999977
25.19070000000001
25.231000000000034
25.26509999999999
25.310899999999986
25.350300000000004
25.388199999999973
25.42700000000009
25.462599999999966
25.498099999999955
25.538500000000056
25.57890000000001
25.613500000000066
25.651100000000014
25.68779999999998
25.725599999999954
25.763499999999983
25.796900000000033
25.83320000000003
25.87329999999998
25.905800000000035
25.94269999999998
25.97969999999996
26.017999999999983
26.054400000000037
26.086299999999987
26.12119999999995
26.15329999999992
26.190900000000074
26.22829999999993
26.26209999999991
26.29100000000001
26.326400000000074
26.35990000000001
26.394900000000035
26.433699999999952
26.4705
26.5095
26.546699999999994
