4913.0
4913.0
4829.6793
4748.1213
4667.8794
4589.1026
4513.7117
4430.4655
4354.6165
4279.5149
4207.4271
4133.2355
4061.6984
3992.687
3919.0189
3847.0884
3777.5147
3710.1551
3642.8127
3577.3237
3513.2619
3447.874
3387.3942
3325.0065
3263.954
3202.867
3142.9257
3084.9178
3027.6484
2970.8818
2917.3917
2863.867
2808.1944
2750.9996
2700.4114
2646.4329
2593.7952
2544.1373
2495.1619
2447.7631
2397.9146
2348.9529
2301.5278
2256.5615
2212.7541
2169.815
2122.8823
2081.0664
2037.9727
1996.6671
1955.2252
1912.3859
1875.1848
1836.2472
1798.778
1761.1657
1723.7345
1687.1581
1651.8198
1617.6669
1583.0673
1549.0604
1514.5126
1482.1415
1451.2317
1419.1387
1386.6204
1357.1087
1327.3804
1298.5636
1269.0881
1241.1193
1212.8185
1186.8879
1158.606
1133.906
1109.3482
1083.7357
1058.3878
1034.2863
1011.1418
987.8869
963.4457
943.6192
920.5782
897.8803
876.7131
855.3224
833.9878
812.4353
792.4642
773.2999
753.8284
735.1348
715.2961
697.3919
679.4112
662.252
645.3731
628.1232
611.2903
595.3079
580.7189
566.9219
551.5855
536.2878
523.4602
509.2294
495.3883
483.0152
469.9473
457.5892
445.2605
433.325
421.9201
409.9348
398.6095
387.4342
376.6489
367.8239
357.9548
347.8199
338.3643
328.8296
319.7244
310.0459
300.875
293.4927
287.9466
283.2136
278.3929
273.9675
269.7723
265.3463
260.8474
257.1048
253.3155
249.2203
244.7954
240.8659
237.5718
233.5163
229.6691
226.1962
222.1944
218.602
215.7947
212.202
208.5068
205.5954
202.215
198.8641
196.148
192.4409
189.1458
185.9688
183.0383
180.2913
177.5861
174.6352
171.9451
168.8556
166.0668
163.2226
160.4295
157.1342
154.691
152.3973
149.6778
147.2931
144.5523
142.5609
139.7005
137.4789
134.9093
132.3663
129.7835
127.8033
125.6527
123.1492
121.1086
119.1597
117.096
114.5284
112.709
110.7779
109.1197
106.8662
104.7692
103.0506
101.6024
99.7847
98.0256
96.5512
94.8138
92.7539
91.3753
89.3739
87.7046
86.2447
