49.0
49.0
49.6877
50.4114
51.0808
51.7491
52.4498
53.0594
53.7582
54.4277
55.1163
55.7338
56.3852
57.0402
57.7382
58.3791
59.0019
59.6147
60.3244
60.9346
61.5635
62.1749
62.8329
63.5089
64.1503
64.8214
65.4364
66.0629
66.7099
67.306
67.9094
68.5417
69.1193
69.6966
70.3181
70.8757
71.451
72.0224
72.6041
73.1999
73.8243
74.4354
75.0063
75.5747
76.1513
76.7688
77.4144
77.9659
78.6086
79.2195
79.8078
80.3854
80.9868
81.547
82.0993
82.6148
83.1685
83.7026
84.2027
84.7308
85.2188
85.7345
86.2506
86.7955
87.3137
87.8726
88.3614
88.9009
89.5026
89.9987
90.5005
91.0491
91.6134
92.0837
92.6823
93.2233
93.7262
94.2396
94.6972
95.2321
95.754
96.2009
96.7413
97.2303
97.7547
98.268
98.7344
99.2046
99.6819
100.1781
100.6616
101.1416
101.6445
102.1487
102.689
103.1706
103.6633
104.1431
104.65
105.169
105.65
106.1957
106.7156
107.2262
107.7135
108.2511
108.7375
109.2444
109.7523
110.2252
110.6828
111.2042
111.717
112.2135
112.7596
113.249
113.7994
114.3204
114.8339
115.361
115.8448
116.3808
116.9112
117.4594
117.9829
118.5313
118.9765
119.4857
120.0532
120.6306
121.2498
121.7515
122.352
122.9083
123.498
124.106
124.7207
125.3098
125.9
126.5115
127.0895
127.7397
128.2769
128.8618
129.4542
130.0682
130.7125
131.3328
132.0094
132.5747
133.168
133.7957
134.4228
135.1487
135.7594
136.4168
137.0491
137.758
138.3977
139.019
139.6427
140.3292
140.9731
141.6184
142.2369
142.9016
143.6054
144.2144
144.8407
145.45
146.0673
146.6864
147.4038
148.118
148.7099
149.3158
150.0378
150.7012
151.3402
151.9857
152.7143
153.3657
153.9872
154.6279
155.2842
156.0076
156.6742
157.2713
157.9031
158.5108
159.3013
159.9636
160.6232
161.2842
161.928
162.5942
163.2226
163.9278
164.6049
165.3001
