4913.0
4913.0
4975.4377
5037.7629
5098.1164
5166.6168
5230.4991
5290.0109
5360.3838
5426.2874
5496.975
5565.735
5644.2259
5716.4706
5785.9325
5858.6015
5935.953
6012.7421
6089.7433
6168.1387
6239.316
6313.3692
6392.5409
6468.7024
6553.1905
6628.3554
6704.4812
6791.0034
6874.1503
6966.6749
7056.5886
7145.1179
7236.2615
7324.0266
7409.4224
7496.2932
7586.6475
7679.3956
7773.5317
7865.3057
7970.2447
8071.8164
8171.1696
8270.4063
8364.9639
8457.4515
8558.5151
8664.7546
8769.7668
8870.8569
8978.43
9085.2912
9192.6222
9294.3021
9380.6855
9449.6256
9523.7053
9588.2638
9663.2848
9730.1582
9809.6257
9884.1379
9953.9737
10030.5159
10098.141
10171.3874
10247.3348
10313.9222
10380.3296
10450.545
10514.4917
10586.7257
10660.6067
10732.3376
10796.1221
10873.2187
10940.8317
11014.2207
11078.606
11149.2372
11219.7408
11294.5451
11367.1872
11434.3527
11498.3782
11569.997
11638.2855
11709.9801
11770.5947
11842.6348
11905.4368
11985.5736
12044.0796
12113.2663
12181.7447
12254.1879
12317.679
12378.1615
12443.3787
12510.8793
12576.9398
12636.6359
12704.293
12766.1664
12834.3033
12906.7868
12969.305
13029.7314
13095.6572
13162.4876
13222.7465
13287.5564
13352.9201
13414.3238
13469.3577
13536.2395
13597.9542
13665.227
13725.5733
13785.126
13843.5995
13916.7419
13981.9181
14032.4463
14095.9137
14158.0234
14212.4053
14292.2978
14369.9417
14445.6073
14528.0067
14612.7697
14699.1783
14774.2027
14854.3672
14929.6263
15006.3276
15095.8645
15177.2512
15257.5569
15338.0564
15411.1541
15493.9763
15571.9732
15662.0375
15732.9422
15816.0651
15896.2906
15977.7262
16062.753
16136.0543
16207.1165
16292.3509
16365.0722
16440.5618
16511.566
16604.9294
16675.3425
16754.5995
16832.4737
16912.1457
16983.6671
17060.5983
17143.2988
17213.2341
17307.0353
17385.3603
17461.2298
17539.85
17613.3448
17686.1873
17773.6435
17859.9279
17934.5377
18012.7253
18090.7926
18168.501
18251.5243
18321.2081
18394.7678
18481.6801
18549.1376
18628.1015
18705.5733
18784.8506
18862.3794
18932.5315
19005.9896
19077.1673
19155.1923
19237.4753
19310.4715
19374.9668
19450.4018
19525.4677
19600.3773
19686.5131
19767.9597
19854.2487
19937.4435
