36.0
36.0
35.5281
35.1408
34.7256
34.3393
33.9775
33.6229
33.2631
32.8949
32.5351
32.2064
31.9215
31.5881
31.3047
30.9732
30.7388
30.4203
30.104
29.8122
29.5049
29.1876
28.9326
28.7372
28.4364
28.2019
27.9446
27.7204
27.487
27.2818
27.0582
26.7888
26.5809
26.3564
26.1573
25.8965
25.6915
25.4958
25.3145
25.0989
24.8887
24.67
24.4412
24.2486
24.0708
23.8381
23.6458
23.4468
23.2314
23.014
22.8372
22.6116
22.403
22.245
22.1139
21.9576
21.7899
21.5936
21.4199
21.2683
21.1353
20.9721
20.8368
20.6577
20.5292
20.314
20.1689
20.0006
19.8249
19.6354
19.4574
19.3094
19.1524
19.0232
18.8694
18.7135
18.5653
18.4104
18.2541
18.0943
17.9472
17.8061
17.6503
17.508
17.3233
17.1959
17.0693
16.9225
16.782
16.6026
16.3994
16.2271
16.0948
15.9629
15.8299
15.6704
15.5523
15.4302
15.2825
15.1659
15.0373
14.88
14.8037
14.6952
14.5832
14.4586
14.3406
14.1826
14.0592
13.9267
13.806
13.6703
13.5598
13.4395
13.317
13.1579
13.0509
12.9365
12.8132
12.7229
12.5937
12.4539
12.3355
12.214
12.1062
11.9716
11.8227
11.6854
11.5541
11.4496
11.3758
11.2918
11.1915
11.1169
11.0165
10.9537
10.8894
10.8181
10.7394
10.6368
10.5629
10.4778
10.3991
10.3443
10.2559
10.1869
10.1066
10.055
9.9957
9.9364
9.8589
9.8049
9.7369
9.7025
9.6871
9.6315
9.5671
9.5224
9.4831
9.455
9.427
9.374
9.3283
9.2762
9.2386
9.1963
9.1181
9.0634
8.9846
8.926
8.8809
8.819
8.7541
8.7065
8.6382
8.5691
8.509
8.4396
8.3851
8.3345
8.2768
8.2193
8.1775
8.1601
8.1344
8.0785
8.0433
8.007
7.9286
7.8773
7.8295
7.792
7.7383
7.6911
7.6474
7.6044
7.5727
7.5565
7.5151
7.4569
