289.0
289.0
286.5174
284.0045
281.0918
278.5064
275.8239
273.0975
270.2036
267.4908
264.7633
262.3142
260.0748
257.4668
254.9119
252.4634
249.8991
247.3156
244.6934
242.2302
239.8329
237.3817
235.0339
232.6578
230.1839
227.6837
225.3832
223.2186
220.681
218.3495
215.8402
213.5016
211.3493
209.0041
206.7903
204.5047
202.0328
199.8308
197.5545
195.2339
192.9564
190.7225
188.4732
186.0747
183.8053
181.608
179.3273
177.1225
174.8573
172.7443
170.6161
168.5228
166.4298
164.4054
163.0812
161.7863
160.6866
159.6713
158.5926
157.5721
156.5642
155.5321
154.5632
153.5766
152.5941
151.5662
150.4567
149.4093
148.5572
147.5964
146.4842
145.5145
144.5007
143.571
142.6754
141.8218
140.8511
139.9818
139.1139
138.1277
137.1085
136.3345
135.4233
134.5157
133.7145
132.7892
132.0077
131.195
130.3651
129.4735
128.5393
127.6293
126.7123
125.9573
125.1008
124.3182
123.5395
122.7516
121.9408
121.114
120.3207
119.5797
118.7726
118.1229
117.3754
116.5113
115.781
115.065
114.3572
113.614
112.9288
112.0554
111.3555
110.5759
109.884
109.084
108.3604
107.5179
106.7664
106.0069
105.3932
104.6332
103.921
103.2039
102.5846
101.8862
101.2331
100.5576
99.4958
98.3604
97.1924
96.0307
94.9243
93.7956
92.7749
91.8095
90.7787
89.791
88.7611
87.7912
86.9201
85.8412
84.9273
83.9119
82.9023
81.9478
80.9822
79.9495
78.9369
78.0342
77.0112
76.0513
75.0585
74.1215
73.181
72.289
71.3813
70.5141
69.5819
68.7545
67.8196
67.0039
66.1317
65.2266
64.4754
63.6746
62.8133
61.9631
61.1871
60.3889
59.6265
58.8559
58.1096
57.3811
56.5945
55.8345
55.1306
54.3519
53.6676
52.978
52.301
51.6042
50.945
50.3574
49.7138
49.074
48.4535
47.8118
47.2628
46.5943
45.8869
45.2697
44.6305
43.9978
43.3316
42.6919
42.0704
41.5864
40.9793
40.3784
