125.0
125.0
126.8649
128.6827
130.445
132.4364
134.367
136.6097
138.7025
140.5571
142.372
144.3322
146.677
148.6507
150.6809
152.6303
154.7896
156.5767
158.5755
160.5238
162.5462
164.1605
166.1689
168.2306
170.4495
172.2388
174.2456
176.0087
177.6955
179.6972
181.8561
183.9023
185.8794
188.2818
190.5318
192.8549
194.8047
197.2669
199.2929
201.5001
203.5715
205.9877
208.1079
209.9606
212.1087
214.4037
216.7625
218.7333
220.576
222.6988
224.7594
226.9658
229.2337
231.4478
232.1036
233.0577
234.5204
236.0015
236.6511
237.5745
239.0233
240.0038
241.0741
242.1737
242.8843
243.8753
245.309
246.863
247.6208
249.2926
250.3499
252.3566
253.2689
254.7889
256.1285
257.2095
258.9861
260.0538
262.0643
262.6808
264.2972
265.2068
266.5673
268.302
269.5021
270.4167
272.3183
273.8084
275.3014
276.8425
278.5896
280.1107
281.6362
282.6962
283.8854
285.7092
287.9594
289.2451
289.8542
292.1956
293.8236
294.9003
296.9238
298.0804
299.8201
301.0038
302.3103
303.6795
305.0903
307.0414
308.2799
310.0353
311.2559
312.3369
313.7994
315.618
317.0926
317.9548
318.8003
320.6417
322.1146
323.7318
325.0254
326.006
327.1269
329.2335
330.6626
332.379
333.2496
334.5788
334.7099
335.6313
336.5102
337.2521
337.959
338.7802
340.5513
341.7646
342.7758
343.9045
344.1463
345.2427
345.6373
346.2991
347.0819
347.5217
348.6321
349.4249
349.5193
350.1332
350.7219
351.5398
352.9362
353.4809
354.081
355.0121
356.2189
358.1292
359.3324
360.6278
361.5726
363.0641
363.2382
363.7408
365.0089
366.7434
368.1526
369.2473
369.8972
370.5286
370.8681
371.4887
372.6001
373.9039
375.1014
375.2394
376.3664
377.5414
378.122
378.7082
379.9018
380.7523
381.8201
383.026
383.7502
384.4262
385.3476
386.2314
386.5675
387.1876
387.6234
388.4268
389.5236
390.5921
391.444
392.1961
392.1756
392.7183
393.7829
395.1172
