10.0
10.0
9.99658265698419
9.995728321230235
9.998718496369085
9.988466467321665
9.9876121315677
9.985476292182831
9.975651431012386
9.982058949167033
9.982913284920967
9.974369927381453
9.976505766766342
9.970952584365667
9.959846219564296
9.959846219564296
9.951302862024773
9.946604015378051
9.94617684750108
9.944041008116189
9.944895343870163
9.940623665100386
9.9491670226399
9.948739854762929
9.949594190516867
9.953011533532687
9.957710380179424
9.964545066211022
9.96198205894917
9.963690730457063
9.956428876548479
9.955574540794546
9.955574540794546
9.947885519008967
9.954720205040577
9.959419051687304
9.964545066211027
9.967535241349847
9.975651431012396
9.985476292182836
9.982486117043988
9.986757795813753
9.989747970952589
9.989320803075595
10.003417343015814
10.004271678769765
9.999145664246067
10.008116189662543
10.008970525416494
10.028193079880396
10.02263989747972
10.031183255019224
10.036736437419904
10.048697137975225
10.058949167022638
10.081589064502353
10.094831268688608
10.127296027338751
10.157624946604011
10.181546347714647
10.206749252456218
10.22298163178129
10.252456215292622
10.265698419478875
10.2930371636053
10.314395557454084
10.341734301580512
10.359675352413516
10.38402392140109
10.405809483126864
10.424604869713797
10.440837249038857
10.464331482272542
10.495941905168728
10.524134985049129
10.546347714651876
10.571977787270397
10.597180692011941
10.63348996155489
10.660401537804363
10.689448953438683
10.717642033319102
10.746689448953441
10.771038017941061
10.8000854335754
10.830414352840666
10.858180264844078
10.888509184109331
10.923109782144389
10.946604015378057
10.972661255873536
10.998291328492094
11.020076890217865
11.052541648868017
11.08543357539512
11.111063648013683
11.144382742417777
11.1700128150363
11.20803075608713
11.228961982058951
11.253737718923531
11.29004698846647
11.326356258009396
11.358393848782583
11.384451089278073
11.422041862451941
11.449380606578382
11.481845365228525
11.510465612985913
11.540367364374186
11.572404955147354
11.608714224690305
11.643741990602305
11.676206749252453
11.72148654421188
11.756087142246907
11.78812473302008
11.819307988039311
11.84963690730458
11.876548483554032
11.919265271251597
11.941478000854344
11.97308842375053
11.996155489107226
12.033319094404105
12.073472874839805
12.104656129859034
12.137548056386171
12.179837676206748
12.225117471166167
12.25715506193934
12.296881674498065
12.334045279794948
12.379325074754373
12.424177701836825
12.476292182827844
12.523280649295168
12.567278940623673
12.602306706535666
12.653139683895786
12.699273814609148
12.734728748398123
12.779581375480559
12.821016659547189
12.85732592909013
12.901324220418617
12.93848782571552
12.984194788551905
13.021785561725766
13.057240495514732
13.101665954720225
13.156343442973087
13.19735155916275
13.239641178983346
13.27253310551045
13.317385732592907
13.3630926954293
13.403673643741993
13.445963263562568
13.483554036736445
13.525416488680046
13.565143101238787
13.610422896198205
13.64886800512601
13.692011960700546
13.738146091413912
13.774455360956862
13.812473302007696
13.851345578812463
13.889363519863293
13.935070482699702
13.979923109782145
14.029474583511323
14.063220845792397
14.108927808628794
14.152071764203335
14.192225544639031
14.237505339598462
14.280222127296028
14.332763776164045
14.377616403246476
14.413071337035449
14.456642460486972
14.499359248184536
14.537377189235375
14.596326356258006
14.644169158479283
14.687313114053824
14.728321230243473
14.778727039726615
14.819307988039293
14.866723622383603
14.904314395557455
14.94147800085433
14.994446817599323
15.038872276804785
15.090559589918833
15.136266552755233
15.194788551900894
15.244340025630073
