15.0
15.0
15.0
14.990033222591363
14.983388704318937
14.980066445182723
14.9734219269103
14.9734219269103
14.960132890365449
14.950166112956811
14.940199335548172
14.93687707641196
14.933554817275747
14.933554817275747
14.923588039867113
14.920265780730897
14.913621262458472
14.91029900332226
14.90033222591362
14.893687707641195
14.89036544850498
14.89036544850498
14.883720930232558
14.877076411960132
14.870431893687707
14.86046511627907
14.857142857142858
14.843853820598001
14.83388704318937
14.83388704318937
14.827242524916944
14.82392026578073
14.813953488372093
14.800664451827242
14.784053156146177
14.780730897009967
14.777408637873755
14.77076411960133
14.76079734219269
14.76079734219269
14.764119601328904
14.747508305647841
14.744186046511627
14.724252491694346
14.717607973421927
14.710963455149502
14.700996677740864
14.69767441860465
14.694352159468439
14.674418604651162
14.67109634551495
14.667774086378737
14.644518272425248
14.637873754152825
14.627906976744185
14.617940199335548
14.617940199335548
14.614617940199336
14.611295681063122
14.60797342192691
14.604651162790697
14.604651162790697
14.60797342192691
14.60797342192691
14.60797342192691
14.604651162790697
14.604651162790697
14.59468438538206
14.59468438538206
14.59468438538206
14.59468438538206
14.591362126245848
14.591362126245848
14.591362126245848
14.588039867109632
14.584717607973422
14.588039867109632
14.584717607973422
14.581395348837209
14.584717607973422
14.578073089700997
14.574750830564787
14.571428571428571
14.571428571428571
14.56810631229236
14.564784053156153
14.564784053156153
14.56146179401993
14.56146179401993
14.56146179401993
14.55813953488372
14.55813953488372
14.551495016611296
14.548172757475083
14.544850498338871
14.538205980066445
14.53156146179402
14.53156146179402
14.53156146179402
14.53156146179402
14.53156146179402
14.53156146179402
14.528239202657808
14.521594684385382
14.518272425249169
14.514950166112957
14.514950166112957
14.50498338870432
14.501661129568106
14.498338870431894
14.485049833887043
14.485049833887043
14.485049833887043
14.485049833887043
14.485049833887043
14.485049833887043
14.481727574750833
14.481727574750833
14.475083056478406
14.475083056478406
14.475083056478406
14.471760797342192
14.46843853820598
14.465116279069768
14.465116279069768
14.461794019933555
14.45847176079734
14.45847176079734
14.455149501661129
14.448504983388704
14.44186046511628
14.428571428571429
14.425249169435215
14.418604651162788
14.40199335548173
14.388704318936878
14.375415282392023
14.3687707641196
14.358803986710964
14.345514950166113
14.33554817275748
14.315614617940202
14.30232558139535
14.285714285714288
14.275747508305647
14.249169435215947
14.245847176079733
14.23920265780731
14.232558139534884
14.219269102990033
14.205980066445182
14.20265780730897
14.20265780730897
14.192691029900335
14.182724252491694
14.172757475083056
14.162790697674419
14.152823920265778
14.139534883720934
14.129568106312293
14.116279069767442
14.093023255813954
14.083056478405313
14.069767441860465
14.066445182724259
14.059800664451824
14.039867109634551
14.02990033222591
14.013289036544851
13.996677740863793
13.986710963455149
13.973421926910296
13.960132890365449
13.940199335548176
13.92691029900332
13.9202657807309
13.916943521594684
13.903654485049834
13.893687707641195
13.877076411960132
13.863787375415283
13.850498338870425
13.83388704318937
13.827242524916947
13.817275747508306
13.800664451827242
13.787375415282392
13.774086378737541
13.750830564784057
13.724252491694353
13.710963455149502
13.694352159468435
13.681063122923582
13.67109634551495
13.66112956810631
13.654485049833887
13.641196013289036
13.641196013289036
13.634551495016611
13.631229235880404
