6.0
6.0
5.988400000000002
5.971300000000002
5.955400000000005
5.940300000000014
5.924500000000007
5.906999999999995
5.893300000000019
5.881399999999983
5.869300000000007
5.857500000000012
5.844300000000012
5.834700000000026
5.82610000000001
5.812299999999988
5.801800000000015
5.790400000000002
5.778200000000015
5.770799999999997
5.759499999999998
5.747000000000012
5.743500000000006
5.735400000000009
5.7281999999999975
5.716500000000019
5.707899999999998
5.698599999999983
5.6931000000000065
5.682000000000005
5.672399999999995
5.661299999999997
5.649800000000018
5.642400000000005
5.631400000000014
5.624500000000005
5.614500000000007
5.601100000000015
5.594200000000026
5.587899999999994
5.580300000000013
5.5707
5.565199999999998
5.558899999999989
5.552699999999994
5.543499999999994
5.539200000000024
5.531300000000004
5.521799999999998
5.515999999999989
5.512899999999982
5.506300000000002
5.501600000000003
5.49820000000001
5.4895
5.486300000000012
5.479199999999984
5.476899999999992
5.4714
5.467100000000006
5.46249999999998
5.459099999999996
5.454400000000012
5.4475
5.4443000000000215
5.447700000000001
5.4407
5.434899999999992
5.433099999999993
5.430499999999997
5.428100000000013
5.421200000000014
5.414299999999993
5.408899999999997
5.401900000000005
5.396599999999997
5.3940999999999875
5.388699999999991
5.382700000000008
5.38070000000001
5.376300000000006
5.367399999999977
5.357800000000013
5.3508
5.34589999999998
5.33860000000001
5.3316
5.325300000000008
5.319800000000012
5.312899999999986
5.306400000000005
5.299499999999998
5.289800000000005
5.283400000000002
5.275200000000012
5.267800000000006
5.26089999999998
5.251100000000014
5.239799999999994
5.232399999999984
5.226800000000001
5.2175999999999965
5.212500000000004
5.211300000000012
5.205500000000009
5.196800000000001
5.185499999999999
5.179700000000002
5.174099999999973
5.165100000000027
5.157499999999982
5.146700000000001
5.133700000000013
5.125699999999985
5.115499999999992
5.1062999999999965
5.0981999999999905
5.094999999999974
5.087300000000016
5.0783000000000165
5.0716
5.065900000000019
5.062799999999989
5.0529999999999795
5.046099999999996
5.040200000000002
5.035000000000006
5.02650000000001
5.020599999999982
5.011200000000018
4.998900000000016
4.989900000000008
4.9806000000000274
4.973800000000004
4.9625
4.955400000000023
4.9465999999999815
4.939300000000005
4.927700000000018
4.919899999999982
4.911999999999993
4.905100000000005
4.8969999999999905
4.889000000000016
4.888700000000002
4.880500000000013
4.869400000000015
4.866499999999982
4.861000000000004
4.85500000000001
4.847699999999998
4.843400000000018
4.831600000000015
4.8201000000000125
4.809299999999989
4.804599999999989
4.795800000000015
4.787800000000004
4.776700000000008
4.765999999999997
4.7538999999999945
4.746900000000008
4.733100000000025
4.728400000000013
4.719100000000026
4.711999999999995
4.704799999999998
4.696800000000003
4.687200000000009
4.675800000000003
4.666099999999996
4.661899999999974
4.652400000000006
4.642899999999998
4.635300000000004
4.6286999999999825
4.620499999999997
4.610800000000005
4.60310000000001
4.593600000000022
4.584899999999993
4.578000000000023
4.570899999999982
4.564000000000002
4.555199999999969
4.545600000000005
4.534400000000025
4.526599999999997
4.521999999999985
4.513400000000007
4.505299999999998
4.499199999999981
4.494099999999979
4.486200000000017
4.478000000000015
4.465699999999986
4.462900000000004
4.459099999999992
4.450400000000016
4.441000000000014
