0.0
0.0
0.0045
0.0105
0.0152
0.0193
0.0226
0.0278
0.033
0.0386
0.0404
0.0489
0.0516
0.0511
0.055
0.059
0.0614
0.0626
0.0643
0.065
0.0716
0.0763
0.0739
0.0763
0.0767
0.0787
0.0852
0.0918
0.0945
0.1011
0.1044
0.1062
0.1064
0.1063
0.1087
0.1119
0.1126
0.1099
0.114
0.1177
0.1203
0.1231
0.1252
0.1272
0.1316
0.1312
0.1298
0.1344
0.1354
0.1429
0.138
0.1393
0.1401
0.1413
0.146
0.1539
0.1638
0.1729
0.1779
0.1825
0.1906
0.2004
0.2157
0.2285
0.2354
0.2356
0.2456
0.2531
0.2567
0.2569
0.2592
0.2651
0.2784
0.2839
0.2838
0.2952
0.3063
0.3204
0.3302
0.3499
0.3576
0.3569
0.3727
0.3868
0.3857
0.3974
0.4199
0.4272
0.4375
0.4428
0.4315
0.4431
0.4635
0.4695
0.4832
0.49
0.4955
0.5123
0.5252
0.5308
0.5331
0.5365
0.5326
0.5387
0.5628
0.5729
0.5843
0.5808
0.595
0.6026
0.6239
0.6264
0.6241
0.621
0.6338
0.6276
0.6293
0.6405
0.6465
0.658
0.6699
0.6655
0.6637
0.6717
0.6697
0.6814
0.6853
0.6966
0.7007
0.7126
0.7196
0.7405
0.7495
0.7779
0.805
0.8227
0.8498
0.8697
0.8907
0.8903
0.911
0.9139
0.902
0.9308
0.9468
1.0074
1.0135
1.0459
1.0624
1.0742
1.0674
1.0964
1.0978
1.1
1.1047
1.1071
1.1163
1.1359
1.1401
1.1383
1.1619
1.1712
1.1681
1.1892
1.1972
1.1988
1.2218
1.2081
1.2303
1.2742
1.3113
1.3551
1.355
1.3517
1.3463
1.3172
1.319
1.3375
1.3345
1.3502
1.3615
1.3732
1.3954
1.3764
1.4054
1.4056
1.4135
1.4404
1.4442
1.4697
1.502
1.5227
1.5297
1.5414
1.5507
1.5446
1.5527
1.5882
1.6203
1.6128
