12.0
12.0
11.963604472703354
11.928962946722212
11.897610173207633
11.867353650515247
11.831835123876342
11.804428853321644
11.774830081122564
11.743258057443565
11.710589782942344
11.677263757947802
11.647664985748746
11.60907695680775
11.577943433457573
11.544178908134196
11.513045384784025
11.483227362420504
11.45012058759045
11.422275816706888
11.395965796974323
11.364613023459764
11.330190747643048
11.298180223635171
11.264854198640654
11.229335672001767
11.197105897829422
11.167287875465904
11.135715851786898
11.099539574654695
11.069940802455623
11.041438281078744
11.012497259372948
10.98640648980489
10.948914711686047
10.917561938171442
10.883578162683614
10.855952641964484
10.823722867792124
10.790616092962106
10.758824819118614
10.725718044288518
10.69896952422714
10.667397500548143
10.62968647226485
10.596360447270328
10.563911422933565
10.527735145801351
10.493970620477953
10.461302345976764
10.424687568515663
10.386318789739077
10.350581012935741
10.31703573777684
10.288313966235476
10.262223196667374
10.238982679237017
10.21683841262879
10.194255645691754
10.178908134181105
10.160710370532748
10.143608857706626
10.125191843893889
10.10502082876562
10.088138566103927
10.067967550975666
10.048454286340723
10.030475772856832
10.011620258715201
9.989914492435872
9.971278228458663
9.950230212672647
9.932470949353208
9.911642183731658
9.894102170576613
9.87612365709274
9.860995395746567
9.848278886209176
9.834246875685144
9.81670686253014
9.80048235036175
9.783380837535628
9.762552071914063
9.74501205875906
9.72812979609735
9.713001534751122
9.699627274720468
9.681868011401
9.663670247752677
9.647007235255405
9.630344222758188
9.615215961411993
9.600306950230204
9.586494189870645
9.559745669809274
9.542205656654245
9.524665643499251
9.504933128699863
9.487173865380377
9.470949353212031
9.45450559087922
9.438719579039685
9.421837316378015
9.399473799605387
9.379741284805966
9.36110502082875
9.348827011620266
9.328655996492003
9.308265731199308
9.292479719359804
9.2714317035738
9.25191843893884
9.234159175619357
9.21552291164217
9.199517649638267
9.186801140100838
9.167726375794789
9.150844113133076
9.135277351458054
9.118614338960754
9.108090331067768
9.09383907037929
9.077614558210936
9.061390046042526
9.042315281736506
9.026967770225804
9.010524007892998
8.992545494409077
8.97478623108963
8.952641964481492
8.930278447708824
8.905941679456276
8.876781407586089
8.84893663670251
8.820653365490026
8.798070598552943
8.76978732734051
8.745231308923474
8.7202367901776
8.70050427537821
8.668713001534755
8.644595483446603
8.615435211576438
8.59329094496822
8.564569173426817
8.540451655338707
8.515676386757285
8.48980486735365
8.465687349265517
8.438281078710823
8.411751808813865
8.382591536943618
8.356062267046731
8.331067748300859
8.307169480377096
8.283709712782262
8.259811444858567
8.228897171672887
8.200175400131512
8.17211137908353
8.143608857706631
8.117956588467464
8.091208068406068
8.064898048673529
8.040999780749816
8.013155009866242
7.989037491778124
7.9596579697434775
7.933128699846525
7.903091427318571
7.87919315939487
7.855952641964482
7.826353869765402
7.8007016005262
7.774172330629247
7.748958561718921
7.72506029379522
7.696996272747205
7.666959000219253
7.639333479500106
7.615215961411974
7.588905941679457
7.559526419644815
7.5360666520499855
7.506906380179782
7.47796535847402
7.451436088577069
7.420960315720234
7.396842797632101
7.368121026090766
7.344222758167065
7.316816487612368
7.292918219688665
7.2655119491339635
7.234597675948257
7.20609515457136
7.178908134181094
7.156763867572907
7.133742600306952
7.106336329752241
