13.0
13.0
13.065316786414114
13.133246244284786
13.21946440235141
13.29261920313521
13.384715871979099
13.465055519268446
13.545395166557805
13.616590463749182
13.674069235793594
13.736773350751141
13.831482691051601
13.911169170476812
13.985630306988897
14.071848465055524
14.126714565643372
14.201175702155451
14.266492488569563
14.330502939255384
14.383409536250817
14.43958197256695
14.523840627041155
14.573481384715873
14.617896799477466
14.685173089483998
14.754408883082947
14.809274983670806
14.849771391247549
14.89679947746571
14.949706074461135
14.996080992815154
15.056825604180274
15.099934683213583
15.171129980404967
15.231221423905945
15.280862181580666
15.34291312867407
15.389941214892227
15.442194644023514
15.475506205094709
15.515349444807315
15.561071195297192
15.615937295885043
15.659046374918356
15.719137818419334
15.77465708687133
15.832789026779878
15.866753755715227
15.911169170476807
15.951665578053559
15.983670803396459
16.01436969301112
16.039190071848417
16.071848465055457
16.10973220117566
16.1639451338994
16.203135205747877
16.245591116917048
16.280209013716515
16.30894839973871
16.354670150228618
16.3886348791639
16.442194644023534
16.47419986936645
16.515349444807278
16.545395166557828
16.580666231221375
16.615284128020914
16.65382103200522
16.688438928804707
16.732201175702198
16.778576094056184
16.80666231221428
16.825604180274315
16.84454604833442
16.892227302416718
16.930764206401022
16.96668843892884
16.991508817766164
17.037883736120115
17.071195297191416
17.114957544088863
17.141737426518652
17.17700849118222
17.21162638798172
17.246897452645314
17.27171783148267
17.316786414108403
17.354670150228564
17.389941214892254
17.412148922273037
17.42651861528412
17.45199216198564
17.47877204441541
17.502286087524535
17.521881123448754
17.55649902024816
17.581319399085597
17.59568909209669
17.632919660352744
17.655780535597664
17.693011103853685
17.723709993468344
17.762246897452634
17.791639451338987
17.811887655127368
17.83736120182879
17.862834748530393
17.88308295231873
17.903984323971294
17.91835401698237
17.926845199216146
17.940561724363125
17.958850424559053
17.977792292619178
18.001959503592435
18.012410189418663
18.035271064663608
18.06009144350097
18.07903331156108
18.097975179621102
18.13128674069237
18.15022860875246
18.174395819725664
18.200522534291323
18.222730241672117
18.252775963422618
18.284781188765503
18.298497713912464
18.31482691051599
18.3383409536251
18.35467015022861
18.377531025473566
18.403004572175053
18.40757674722405
18.421946440235132
18.447419986936634
18.478118876551292
18.493794905290656
18.512083605486605
18.52188112344869
18.551926845199244
18.57348138471589
18.58850424559115
18.612018288700185
18.64337034617899
18.65708687132594
18.67537557152186
18.702155453951686
18.72958850424563
18.741345525800146
18.75571521881127
18.774003919007143
18.78837361201829
18.8060091443501
18.806662312214257
18.829523187459152
18.85630306988901
18.873285434356607
18.88700195950361
18.900065316786424
18.92945787067278
18.93337687785758
18.943827563683893
18.96276943174397
18.968647942521212
18.98954931417375
18.999999999999975
19.018288700195967
19.062704114957526
19.079686479425227
19.09928151534944
19.113651208360583
19.13781841933381
19.135858915741355
19.16590463749185
19.174395819725692
19.195950359242303
19.209666884389218
19.23252775963427
19.25342913128674
19.279555845852414
19.294578706727638
19.326583932070527
19.35858915741345
19.3690398432397
19.38994121489224
19.407576747224102
19.422599608099308
19.4454604833442
19.453951665578042
19.459830176355293
19.469627694317477
19.48922273024167
19.508817766165922
19.533638145003298
19.55780535597648
19.569562377531042
19.581319399085576
