4.0
4.0
4.298611964132171
4.590222331408918
4.912050116693281
5.210784915858003
5.517872497236212
5.8442451787249725
6.154772141014617
6.470949514801622
6.784424517872497
7.111902714654219
7.454489620439749
7.820906522540229
8.13487286574131
8.490480284977275
8.846333374278345
9.199238422798182
9.545756049625354
9.925684805306473
10.2728166072964
10.641076034885149
11.031814273430783
11.413585554600171
11.804446628178356
12.208942390369733
12.6028743397617
13.096425500552758
13.485444048642673
13.931458051836383
14.338042009581132
14.80948286451296
15.319493919665888
15.774966220366048
16.216926667485566
16.648446136838228
17.07063014371699
17.535560741923597
18.020636285468616
18.486426728903083
18.922736764525244
19.363468861319248
19.882692543913524
20.373909839086107
20.838840437292717
21.29541825328584
21.754821275027638
22.228841665643042
22.754821275027638
23.264709495148015
23.764893747696842
24.30622773615035
24.802358432624985
25.335093968799903
25.856897187077756
26.306719076280555
26.871146050853703
27.359538140277607
27.848175899766613
28.318879744503132
28.78098513696106
29.241370838963274
29.810097039675714
30.27441346271957
30.779633951602996
31.278221348728657
31.778405601277484
32.27551897801253
32.818326986856654
33.32539000122835
33.81881832698686
34.31998525979609
34.82864512959096
35.39454612455472
35.95111165704459
36.49539368627933
37.03144576833313
37.61589485321213
38.1432256479548
38.676821029357576
39.15710600663309
39.66797690701388
40.182287188306105
40.68738484215698
41.241739344060925
41.74069524628424
42.25991892887851
42.741309421447
43.25205748679523
43.748925193465176
44.25881341358556
44.79253163002088
45.30733325144331
45.79855054661589
46.35683576956148
46.904925684805306
47.499692912418624
48.02935757277976
48.59722392826434
49.145068173443065
49.66785407198133
50.217540842648326
50.80481513327601
51.32403881587029
51.901609138926425
52.48139049256848
53.03218277852844
53.60975310158457
54.153298120624
54.687630512222086
55.25353150718585
55.85456332145928
56.367031077263235
57.010932317897066
57.59218769192974
58.15686033656799
58.72546370224788
59.290382016951234
59.92593047537157
60.503623633460265
61.03992138557917
61.705073086844365
62.23915980837735
62.854317651394176
63.45252425991893
64.0529418990296
64.65790443434467
65.27858985382632
65.82962780985137
66.39442328952217
66.83724358186954
67.29984031445768
67.85284363100357
68.37378700405355
68.96425500552758
69.44896204397494
69.92752733079475
70.41051467878638
70.8174671416288
71.40977766859108
71.93096671170618
72.5360520820538
73.11177987962166
73.549686770667
74.0718584940425
74.46247389755558
75.06301437169881
75.61147279204029
76.12074683699791
76.68136592556198
77.23596609753102
77.73369364942882
78.30070015968555
79.06461122712197
79.73246529910331
80.30340253040167
80.97359046800148
81.40044220611719
81.99803463947917
82.6311263972485
83.23436924210785
83.84510502395283
84.41002333865619
85.00294804078123
85.68627932686402
86.46529910330426
87.13524137083897
87.70200221103059
88.34786881218524
89.07026163861933
89.69929984031445
90.21520697702985
90.85665151701265
91.44417147770544
92.1336445154158
92.81795848175899
93.47991647217786
94.06743643287065
94.68996437784055
95.30696474634566
95.93416042255251
96.62584449084879
97.28153789460754
97.95332268763052
98.7849158580027
99.27085124677558
99.97850386930352
100.76563075789215
101.42328952217173
102.01535437906891
102.55619702739222
103.22220857388527
104.01105515292961
104.69401793391475
105.40019653605208
106.01953077017565
106.58432624984646
107.30303402530402
108.0824223068419
108.75727797567866
