2.0
2.0
2.049502518118173
2.096425500552749
2.148507554354509
2.1956762068541877
2.2448102198747093
2.295295418253284
2.3427097408180635
2.390615403513074
2.4363100356221623
2.4859353887728814
2.5371575973467677
2.5878884657904506
2.632846087704219
2.6850509765385095
2.737501535437901
2.786021373295673
2.8355238914138314
2.887237440117919
2.9344060926176128
2.983294435573031
3.03451664414691
3.0851246775580394
3.134750030708756
3.1899029603242837
3.2408794988330687
3.3005773246529917
3.346886131924828
3.398845350694019
3.4450313229333043
3.4990787372558674
3.5575482127502736
3.610367276747329
3.6597469598329453
3.706792777300086
3.753838594767227
3.80481513327601
3.8584940425009213
3.907628055521435
3.9557793882815377
4.000000000000008
4.053924579290008
4.103427097408205
4.149735904680037
4.194570691561238
4.24321336445152
4.291978872374388
4.343569586045965
4.392335093968807
4.438521066208083
4.489988944847095
4.535315071858489
4.58334356958606
4.634197273062257
4.676206854194831
4.729394423289516
4.774106375138177
4.819555337182173
4.8630389387053246
4.905294189902946
4.947795111165693
4.998403144576818
5.038693035253666
5.082299471809369
5.126397248495277
5.1716005404741505
5.215452647094936
5.263726814887624
5.308684436801376
5.350571182901365
5.3923350939687955
5.434467510133891
5.479793637145309
5.5253654342218494
5.569954551037961
5.613438152561113
5.657658764279564
5.699299840314469
5.740818081316804
5.7774229210170756
5.816607296400932
5.856283011914996
5.894361872005901
5.934528927650167
5.972853457806159
6.01203783319002
6.049011177987955
6.088072718339272
6.123817712811697
6.161528067804945
6.201203783319015
6.237440117921628
6.272939442328949
6.312123817712812
6.35167669819432
6.393440609261749
6.4300454489620416
6.469966834541215
6.508291364697199
6.54415919420219
6.583589239651147
6.623264955165209
6.658764279572529
6.696597469598325
6.735659009949632
6.771526839454612
6.809360029480409
6.846087704213236
6.880235843262504
6.916717847930226
6.95295418253286
6.985628301191498
7.026409531998527
7.0620316914383965
7.096302665520212
7.131310649797325
7.169266674855667
7.206854194816364
7.243827539614295
7.276501658272938
7.317897064242722
7.348605822380542
7.3881587028620554
7.425254882692546
7.46333374278344
7.500798427711581
7.536297752118903
7.566269500061418
7.5950128976784175
7.618474388895712
7.642304385210662
7.671047782827662
7.6984399950865985
7.731236948777791
7.756049625353151
7.781599312123817
7.808868689350203
7.83061049011178
7.863530278835525
7.890431150964257
7.924333619948411
7.95393686279326
7.977889694140784
8.003316545878846
8.021496130696454
8.05281906399708
8.080456946321156
8.10748065348243
8.136715391229615
8.164353273553578
8.189411620194077
8.217172337550634
8.25758506326002
8.291856037341798
8.322073455349459
8.355730254268506
8.378209065225418
8.408057978135355
8.438766736273186
8.467387298857581
8.500061417516326
8.527699299840279
8.558776563075789
8.592310526962287
8.630389387053171
8.663063505711827
8.689841542808018
8.719567620685394
8.754329934897461
8.785898538263188
8.810219874708284
8.840191622650819
8.86758383490972
8.900626458666034
8.936371453138484
8.967694386439014
8.994349588502631
9.024567006510281
9.053187569094707
9.080948286451294
9.112516889817009
9.140277607173555
9.171109200343924
9.208451050239557
9.23105269622899
9.263358309789938
9.299226139294973
9.331654587888455
9.359415305245028
9.384596486918063
9.415796585186069
9.451910084756129
9.483601523154357
9.515907136715445
9.545141874462585
9.570691561233282
9.60447119518489
9.639233509396886
9.670187937599813
