17.0
17.0
17.06796116504854
17.156726768377286
17.235783633841894
17.288488210818304
17.368932038834956
17.428571428571427
17.504854368932016
17.574202496532592
17.671289875173372
17.754507628294018
17.841886269070745
17.91678224687931
17.977808599167837
18.04576976421638
18.120665742024936
18.196948682385546
18.25104022191402
18.367545076282966
18.452149791955605
18.536754507628295
18.61719833564494
18.71705963938971
18.793342579750327
18.864077669902905
18.966712898751737
19.0374479889043
19.102635228848815
19.185852981969504
19.251040221914
19.31345353675452
19.40776699029125
19.489597780859917
19.547850208044387
19.62274618585298
19.712898751733714
19.77531206657419
19.819694868238567
19.87933425797503
19.955617198335645
20.022191400832188
20.084604715672675
20.152565880721216
20.23162274618586
20.3009708737864
20.375866851595017
20.4757281553398
20.553398058252426
20.63661581137308
20.714285714285733
20.7988904299584
20.884882108183067
20.943134535367538
21.008321775312073
21.084604715672704
21.13453536754507
21.201109570041577
21.239944521497947
21.30097087378641
21.33841886269069
21.41608876560331
21.4632454923717
21.50346740638002
21.549237170596385
21.61026352288488
21.654646324549226
21.710124826629688
21.765603328710103
21.80443828016642
21.869625520110944
21.922330097087368
21.973647711511823
22.018030513176143
22.088765603328707
22.126213592233004
22.15811373092925
22.205270457697637
22.262135922330096
22.30097087378641
22.348127600554793
22.393897364771156
22.438280166435515
22.479889042995797
22.522884882108194
22.571428571428573
22.619972260748963
22.685159500693505
22.721220527045773
22.757281553398062
22.816920943134516
22.869625520110958
22.91262135922329
22.966712898751734
23.002773925104034
23.06518723994452
23.10263522884885
23.153952843273252
23.21359223300971
23.25936199722607
23.30374479889043
23.350901525658802
23.37864077669902
23.40499306518725
23.452149791955605
23.484049930651892
23.51733703190012
23.557558945908482
23.57975034674063
23.62135922330097
23.665742024965315
23.703190013869616
23.75173370319
23.801664355062425
23.841886269070756
23.9001386962552
23.944521497919546
23.980582524271824
24.020804438280166
24.090152565880732
24.122052704576966
24.162274618585297
24.206657420249652
24.256588072122053
24.296809986130395
24.353675450762818
24.391123439667133
24.43689320388349
24.49791955617198
24.564493758668526
24.615811373092946
24.650485436893177
24.714285714285726
24.76005547850207
24.7988904299584
24.84466019417476
24.88488210818307
24.951456310679617
24.994452149791947
25.05270457697641
25.0998613037448
25.140083217753116
25.194174757281555
25.25242718446602
25.299583911234397
25.35506241331483
25.38696255201109
25.447988904299574
25.475728155339787
25.53259361997226
25.590846047156717
25.629680998613036
25.667128987517337
25.719833564493747
25.753120665742035
25.793342579750338
25.840499306518733
25.8876560332871
25.915395284327325
25.94729542302357
26.012482662968104
26.04854368932038
26.094313453536756
26.148404993065178
26.198335644937607
26.249653259362006
26.312066574202497
26.359223300970893
26.38002773925104
26.424410540915385
26.470180305131752
26.51872399445213
26.564493758668497
26.601941747572816
26.629680998613026
26.678224687933426
26.72260748959778
26.764216366158113
26.803051317614415
26.852981969486834
26.8876560332871
26.934812760055458
26.981969486823857
27.019417475728172
27.044382801664355
27.085991678224694
27.128987517337038
27.180305131761457
27.22746185852982
27.260748959778088
27.303744798890435
27.33980582524271
27.410540915395273
27.453536754507635
27.477115117891817
27.528432732316226
27.576976421636616
27.614424410540916
27.669902912621364
27.701803051317604
