225.0
225.0
225.00664451827242
224.71760797342193
224.5249169435216
224.42857142857142
224.2358803986711
224.2358803986711
223.85714285714286
223.56810631229237
223.28571428571428
223.18936877076413
223.09302325581396
223.09302325581396
222.81063122923587
222.71428571428572
222.52159468438538
222.4252491694352
222.13621262458472
221.9435215946844
221.84717607973423
221.84717607973423
221.65448504983388
221.46179401993356
221.26910299003322
220.98006644518273
220.8970099667774
220.51162790697674
220.22259136212625
220.22259136212625
220.03654485049833
219.9401993355482
219.66445182724252
219.2923588039867
218.83056478405317
218.734219269103
218.63787375415282
218.4451827242525
218.1627906976744
218.16943521594683
218.27242524916943
217.7906976744186
217.69435215946845
217.11627906976744
216.9235880398671
216.73089700996678
216.44850498338872
216.35215946843854
216.25581395348837
215.69102990033224
215.59468438538207
215.51827242524917
214.86378737541528
214.66445182724252
214.38205980066445
214.09302325581396
214.09302325581396
213.9966777408638
213.90697674418604
213.81063122923587
213.71428571428572
213.71428571428572
213.81063122923587
213.81063122923587
213.81063122923587
213.734219269103
213.74086378737542
213.4717607973422
213.4717607973422
213.4717607973422
213.4717607973422
213.38205980066445
213.38205980066445
213.38205980066445
213.27906976744185
213.18272425249168
213.28571428571428
213.18936877076413
213.09966777408638
213.20265780730898
213.02325581395348
212.93355481727573
212.8372093023256
212.8372093023256
212.74086378737542
212.64451827242524
212.64451827242524
212.56146179401992
212.56146179401992
212.56146179401992
212.4717607973422
212.4717607973422
212.27906976744185
212.18272425249168
212.08637873754154
211.90033222591362
211.71428571428572
211.71428571428572
211.72093023255815
211.72093023255815
211.72093023255815
211.72757475083057
211.6312292358804
211.4451827242525
211.35548172757476
211.25913621262458
211.25913621262458
210.98338870431894
210.90033222591362
210.80398671096344
210.43189368770763
210.4252491694352
210.4252491694352
210.4252491694352
210.4252491694352
210.4252491694352
210.33554817275748
210.33554817275748
210.14285714285714
210.14285714285714
210.14285714285714
210.04651162790697
209.95681063122925
209.8671096345515
209.8671096345515
209.77076411960132
209.68106312292358
209.68106312292358
209.58471760797343
209.3920265780731
209.19933554817277
208.82724252491695
208.73089700996678
208.54485049833886
208.08305647840533
207.7043189368771
207.35215946843854
207.16611295681062
206.88372093023256
206.50498338870432
206.22923588039868
205.67774086378736
205.29900332225913
204.85049833887044
204.58139534883722
203.85049833887044
203.75415282392026
203.56810631229237
203.3953488372093
203.02325581395348
202.65116279069767
202.5548172757475
202.5548172757475
202.27242524916943
201.9966777408638
201.72093023255815
201.45182724252493
201.18272425249168
200.8372093023256
200.56810631229237
200.2093023255814
199.5747508305648
199.32558139534885
198.95348837209303
198.86378737541528
198.69767441860466
198.1594684385382
197.89036544850498
197.44850498338872
196.99335548172758
196.7109634551495
196.3388704318937
195.98006644518273
195.43521594684384
195.06312292358805
194.9235880398671
194.8405315614618
194.4750830564784
194.21926910299004
193.75083056478405
193.41196013289036
193.0730897009967
192.64451827242524
192.45847176079735
192.20265780730898
191.7607973421927
191.40863787375415
191.03654485049833
190.421926910299
189.72425249169436
189.34551495016612
188.89036544850498
188.53820598006644
188.2890365448505
188.0265780730897
187.8405315614618
187.48837209302326
187.51495016611295
187.32890365448506
187.2325581395349
