4913.0
4913.0
4889.650132999531
4863.544202785167
4838.740885620404
4810.396964481301
4777.437020810515
4758.686746987952
4730.483335941167
4699.141292442498
4670.846659364732
4643.905961508372
4614.490220622751
4581.7311844781725
4553.930370833985
4522.40134564231
4493.821467688937
4462.6250977937725
4432.877796901893
4402.968549522767
4366.901267407292
4331.969644813018
4297.531528712251
4264.7002034110465
4235.60647785949
4200.915349710531
4167.454388984509
4134.302300109529
4103.631669535284
4070.114223126271
4034.8344547019246
4004.2185886402754
3971.508527616961
3943.578939133156
3913.1505241746204
3883.556407447974
3850.8842121733687
3819.694726959787
3789.4536066343294
3762.4252855578156
3732.2483179471133
3702.9627601314346
3670.645908308559
3637.9918635581284
3612.8598028477545
3584.4532936942574
3554.5324675324673
3530.041151619465
3506.078547958066
3476.6549835706464
3443.393209200438
3412.1254889688626
3389.140666562353
3367.541542794555
3344.3365670474104
3329.774370208105
3313.681583476764
3298.3212329838834
3288.7253950868408
3273.747613831951
3261.026599906118
3251.220466280707
3236.6643717728057
3225.7972148333592
3216.749335002347
3206.763417305586
3195.921764982006
3181.0987325927085
3172.2306368330464
3166.7687372868095
3156.4534501642934
3144.7027069316227
3132.517289938977
3121.720857455797
3111.0327022375213
3105.117039586919
3095.9691754029104
3086.378970427163
3081.3578469723047
3069.684399937412
3059.772961977781
3052.5454545454545
3044.4986700046943
3034.1868252229697
3023.514160538257
3017.537631043655
3005.944922547332
2993.1780629009545
2984.982475355969
2976.1261148490066
2968.2592708496322
2958.287591926146
2947.3885150993583
2936.656078860898
2927.982475355969
2919.974182444062
2913.817712408074
2903.6496635894227
2895.553121577218
2888.5834767641995
2882.8613675481147
2876.4664371772806
2868.326709435143
2860.620873102801
2854.355343451729
2841.487717102175
2832.279924894383
2824.9518072289156
2813.5848849945237
2803.937881395713
2800.369895165076
2788.9247379126896
2780.145204193397
2774.090283210765
2768.263964950712
2760.2951024878735
2751.799561883899
2743.588170865279
2734.0868408699735
2725.284931935534
2721.267876701612
2711.4523548740417
2702.7685808167735
2694.226255672039
2688.1240807385384
2679.4961664841185
2671.620090752621
2662.1401971522455
2648.8358629322483
2633.7865748709123
2617.326709435143
2600.429510248787
2583.933500234705
2569.6646847128773
2549.7285244875607
2532.264277890784
2514.394460960726
2498.9751212642777
2481.066656235331
2469.2980754185573
2452.9150367704583
2435.409482084181
2422.6075731497417
2409.525582850884
2390.7293068377408
2372.1394148020654
2355.393365670474
2340.73713033954
2325.0959161320607
2309.7992489438275
2294.091691441089
2279.1109372555156
2259.197152245345
2242.2661555312156
2224.6387106869033
2209.5346581129716
2194.827413550305
2178.4165232358005
2163.6222813331246
2149.2339227038024
2132.4833359411673
2117.3223282741355
2106.550930996714
2093.2102957283682
2076.668127053669
2061.9469566578
2049.7668596463777
2033.4902206227507
2019.066030355187
2005.2680331716476
1990.1132843060554
1978.2076357377562
1964.923486152402
1955.0708809263026
1942.0086058519794
1925.6097637302457
1908.7490220622751
1898.4899076826787
1885.0206540447505
1875.0220622750744
1866.9791894852135
1853.7939289626036
1839.1431700829291
1825.1412924424972
1812.7549679236427
1799.6013143483024
1785.0445939602566
1772.15834767642
1760.6349554060398
1746.6351118760758
1736.1667970583633
1724.658425911438
1710.4900641527147
1698.722109216085
1687.1664841182912
1674.4184008762322
1661.0070411516194
1650.7017681114066
1635.6405883273353
1622.7375997496479
