81.0
81.0
82.4936954413191
83.8748787584869
85.07662463627545
86.11154219204656
87.58874878758486
88.9980601357905
90.21047526673132
91.09505334626576
92.05819592628517
93.47623666343355
94.9078564500485
95.97866149369544
97.1231813773036
98.37148399612028
99.72162948593598
100.81280310378274
102.08632395732299
103.72259941804074
104.92046556741028
106.2890397672163
107.40446168768186
108.5838991270611
109.64500484966052
111.01260911736179
112.6023278370514
113.95926285160039
115.10475266731329
116.77206595538313
117.9447138700291
119.2764306498545
120.24636275460718
121.29000969932105
122.5635305528613
123.84384093113482
125.15712900096993
125.93404461687682
127.25703200775946
128.82541222114452
130.31134820562562
131.33947623666344
132.733268671193
134.3792434529583
135.70999030067895
137.14064015518915
138.80989330746849
140.2395732298739
141.82250242483028
142.90106692531523
144.3870029097963
145.3540252182347
147.08923375363725
148.64500484966052
150.5693501454898
151.80213385063047
153.9282250242483
155.39282250242482
156.66731328806983
158.04267701260912
159.12027158098934
160.1105722599418
161.26770126091174
162.5897187196896
163.70223084384094
165.1862269641125
166.7623666343356
167.90009699321047
168.94180407371485
170.07468477206595
171.360814742968
172.54122211445198
173.4219204655674
174.46847720659554
175.5509214354995
176.61008729388942
177.91464597478176
178.7681862269641
180.08826382153248
181.02424830261882
181.99224054316198
183.51891367604267
184.71871968962174
185.7992240543162
186.9776915615907
187.93307468477207
188.8137730358875
190.02715809893309
191.19786614936953
191.8690591658584
193.00678952473328
194.0106692531523
195.40931134820562
196.35596508244424
197.84287099903005
198.74005819592628
199.99127061105722
201.07080504364694
202.26285160038796
203.40252182347237
204.60135790494667
205.30649854510185
206.39670223084383
207.15033947623667
208.3520853540252
209.49272550921435
210.9815712900097
211.94568380213386
212.77982541222116
213.5965082444229
214.2909796314258
215.36954413191077
216.54413191076625
217.77788554801165
218.30455868089234
219.41707080504364
220.5509214354995
221.57032007759457
222.78370514064017
224.09990300678953
225.13482056256063
226.04655674102813
227.2279340446169
227.9941804073715
229.13579049466537
230.2192046556741
231.37148399612028
232.03394762366634
232.54801163918526
233.47914645974782
234.52473326867118
235.33559650824444
236.0184287099903
236.91949563530554
238.31813773035887
239.36566440349176
240.07274490785645
240.6498545101843
241.4219204655674
241.89039767216295
242.50339476236664
243.30455868089234
243.93501454898157
244.63433559650824
245.5509214354995
246.16488845780796
246.99224054316198
247.5431619786615
248.32492725509215
249.33365664403493
250.16876818622697
251.003879728419
251.99127061105722
252.94956353055287
253.9873908826382
254.7458777885548
255.63045586808923
256.6935014548982
257.23666343355967
258.11154219204656
258.721629485936
259.5208535402522
260.19495635305526
261.458777885548
262.1134820562561
262.33462657613967
262.7992240543162
263.4888457807953
264.1202715809893
264.76818622696413
265.3753637245393
266.2153249272551
267.1396702230844
267.5063045586809
268.3171677982541
268.95053346265763
269.6023278370514
269.905916585839
270.70223084384094
271.4413191076625
272.2599418040737
272.98642095053344
273.6857419980601
274.3627546071775
275.0067895247333
275.39573229873906
276.1377303588749
276.66731328806986
277.2172647914646
277.7235693501455
278.56450048496606
279.63627546071774
280.19980601357906
280.83123181377306
281.6721629485936
282.25509214355
282.69932104752667
283.35305528613
284.1891367604268
284.8060135790495
