19.0
19.0
18.90042056708724
18.809252475919145
18.715371048704245
18.629900963234274
18.53344186677532
18.444987111653827
18.36141636141645
18.279202279202174
18.181250847917575
18.09849409849413
18.01248134581456
17.930945597612286
17.858363858363766
17.77126577126576
17.697463030796342
17.618369285035936
17.546058879392234
17.470221136887954
17.39126305792983
17.3185456518791
17.233618233618266
17.162121828788557
17.090082756749318
17.005969339302695
16.93135259801932
16.854836521503138
16.785239451906214
16.715371048704316
16.638990638990677
16.56640889974227
16.49152082485423
16.415683082349783
16.346900013566636
16.26821326821313
16.1921041921042
16.12508479175147
16.05969339302667
15.996065662732246
15.914394247727577
15.851173517840184
15.784561117894452
15.720255053588387
15.65784832451499
15.588522588522588
15.517975851309185
15.454076787410118
15.382173382173383
15.318816985483652
15.242979242979242
15.169990503323836
15.09740876407543
15.033509700176369
14.985076651743322
14.955501288834625
14.9335232668566
14.90747524080857
14.88088454755121
14.858499525166192
14.839370506037175
14.819020485687156
14.782526115859449
14.772893772893774
14.746303079636412
14.710758377425048
14.686745353412016
14.661375661375658
14.634242300908964
14.610771944105274
14.585266585266586
14.558404558404558
14.531542531542527
14.504951838285175
14.474562474562482
14.442545109211768
14.426400759734092
14.397775064441745
14.374576041242712
14.354633021299678
14.325600325600321
14.30226563559896
14.280558947225622
14.253425586758922
14.22588522588523
14.204992538325868
14.173382173382173
14.150183150183155
14.121828788495456
14.092524759191427
14.064713064713061
14.043956043956031
14.01858635191968
13.995251661918333
13.981277981277982
13.955908289241627
13.935558268891599
13.908153574820245
13.877899877899875
13.858635191968533
13.838963505630176
13.819970153303494
13.787681454348114
13.764482431149101
13.735449735449743
13.70465337132003
13.681861348528018
13.660290326957002
13.63451363451364
13.616605616605616
13.593135259801919
13.56722290055623
13.545244878578211
13.521096187762847
13.497625830959173
13.470628137294796
13.446615113281773
13.41229141229142
13.386379053045708
13.36630036630035
13.35531135531136
13.32315832315834
13.290869624202966
13.263329263329275
13.23511056844389
13.214082214082222
13.185727852394523
13.164835164835159
13.152489485822803
13.151946818613485
13.160629493962835
13.169312169312176
13.171482838149524
13.188169854836524
13.18708452041786
13.194003527336852
13.194953194953188
13.204856871523539
13.205263871930555
13.220729887396555
13.224799891466574
13.232668566001916
13.241758241758237
13.258309591642929
13.26102292768957
13.274453941120596
13.283679283679296
13.292768959435621
13.309998643331983
13.322072988739672
13.326821326821323
13.335097001763664
13.337946004612663
13.354226020892686
13.367521367521368
13.37213403880071
13.381223714557056
13.396011396011389
13.41866775200109
13.42721476054809
13.442545109211775
13.459096459096463
13.473205806539148
13.479446479446485
13.497761497761498
13.509021842355173
13.514312847646197
13.534255867589199
13.549721883055218
13.564102564102573
13.577533577533577
13.591778591778594
13.599647266313925
13.617283950617296
13.628815628815627
13.638854972188312
13.662596662596677
13.678605345272004
13.691629358296021
13.70085470085469
13.707502374169035
13.722018722018714
13.724053724053716
13.742097408764076
13.75376475376475
13.756071089404427
13.766517433184106
13.779270112603445
13.796635463302128
13.809659476326143
13.819156152489494
13.826210826210819
13.84778184778184
13.85754985754985
13.877764211097553
13.888074888074888
13.89512956179624
13.902455569122237
13.911545244878585
13.921991588658257
