729.0
729.0
709.9084
692.3132
676.5306
658.9526
644.0496
627.4867
612.5055
597.8676
584.1548
570.9556
559.0642
545.7982
533.633
521.5392
509.3926
497.9729
487.5326
476.2455
466.9355
456.8846
448.0109
437.1273
427.7304
419.5354
410.9778
402.1585
394.6272
387.061
378.6871
371.0278
364.1434
356.704
349.6166
343.2569
337.2661
330.4982
323.9542
317.6334
311.6171
306.6695
301.3507
295.5441
289.8689
284.7168
279.0039
274.09
268.6453
264.1414
259.7122
254.8154
250.2779
245.3499
243.3891
244.0096
244.2967
245.3279
245.7024
245.672
245.9363
246.4253
246.7626
246.6847
246.6995
247.4906
247.1707
247.7132
247.4585
248.5407
248.1279
248.6064
248.8018
248.9773
248.2592
249.1089
249.338
249.2462
249.6694
249.1124
249.8475
250.4906
250.4826
250.4169
250.8087
250.8185
251.5514
251.7373
252.1193
252.2063
252.2639
252.3395
252.9395
253.2035
253.4539
253.6505
253.8469
253.9715
254.091
254.1582
254.926
254.9886
254.9598
255.0773
256.4397
257.1496
257.0399
257.5446
258.1189
258.4858
258.1347
258.0012
258.3758
257.9851
258.121
258.8922
259.4329
260.1099
260.5166
261.1632
261.3814
261.8504
263.0316
263.7415
264.6956
264.9116
265.1932
265.7985
266.648
267.1169
267.1084
267.5425
267.1882
267.5621
267.7476
268.074
268.3298
269.0452
268.2887
268.638
268.8665
269.4025
269.6245
269.6662
269.9726
270.3762
270.3213
271.2337
270.6603
270.9383
270.6721
270.4701
271.6164
272.2899
272.5197
272.7377
272.9622
271.9638
272.1287
272.0133
273.0264
272.2424
271.9514
271.595
272.4311
272.3949
271.861
272.0785
271.8018
271.647
272.8768
272.9396
273.198
273.4466
273.5398
273.7971
273.5289
273.5835
273.636
274.6206
275.3927
274.5924
274.7201
274.3136
274.4938
274.7564
274.6774
274.5049
274.8589
275.4818
274.84
274.4824
274.4304
274.7025
274.6594
274.9069
275.7471
275.7811
276.3979
276.6474
