343.0
343.0
343.47691656077933
345.4303261329945
346.5188479457857
347.99152901313005
350.5705209656925
352.4210080474375
353.26895383312154
354.4527742481999
356.6310885218128
358.137653536637
358.47437526471833
360.5705209656925
362.67852604828465
365.0330368487929
368.1482422702245
369.95679796696317
372.1999152901313
373.89326556543836
375.8894536213469
376.56035578144855
378.5561202880136
378.9796696315121
382.09572215163064
383.3506988564168
385.3337568826768
387.3456162642948
389.6323591698433
392.3964421855146
395.0021177467175
396.8585345192715
398.9754341380771
401.9102075391783
404.4057602710716
408.26895383312154
410.96611605252014
414.34942820838626
416.12621770436255
420.07454468445576
422.7687420584498
425.8805590851334
428.12664125370605
431.04489623041087
434.2613299449386
438.13384159254554
439.99618805590853
443.8369335027531
448.1829733163914
450.9351969504447
453.8170266836086
457.288013553579
458.80855569673867
460.13934773401104
463.70055061414655
467.5141889030072
471.8390512494706
474.7687420584498
478.49978822532825
482.7064803049555
485.0279542566709
488.24099957645063
490.8919949174079
495.143583227446
499.20669207962726
501.37907666243115
504.66285472257516
509.18339686573484
512.7628123676408
516.3731469716222
520.3138500635324
524.6416772554003
529.1715374841169
533.3765353663701
537.1825497670478
541.7911901736552
545.3447691656078
550.1770436255824
554.571791613723
559.0775095298602
563.1838204150783
568.7649301143583
574.4705633206269
579.3515459551038
584.0614146548073
589.6450656501482
594.8195679796696
598.8763235916985
604.0097416349005
608.8576874205845
613.3460398136383
619.2325285895807
624.561626429479
629.6370182126218
635.0550614146548
640.4032189750106
644.1893265565438
650.0652265988988
655.5620499788225
660.4544684455739
665.0931808555697
672.1020753917832
676.851334180432
682.2477763659466
686.6526895383312
691.433290978399
697.286319356205
703.2990258365099
709.7395171537485
715.7958492164337
720.0258365099534
726.3981363828887
732.3828886065227
736.300720033884
742.8030495552732
748.6039813638289
753.1257941550191
760.0991105463786
765.9678102498941
771.0711562897078
776.2935196950444
781.8746293943244
788.4430326132995
794.3820415078357
802.0940279542567
808.7191867852605
815.3960186361711
821.4845404489623
827.1482422702245
831.2621770436256
837.1838204150783
843.6399830580262
849.3879711986447
854.7839898348158
861.3892418466752
868.3765353663701
872.5264718339687
881.4125370605675
887.7157983905125
897.4438797119865
903.576027107158
910.7488352393054
915.3714527742482
923.2486234646336
929.8610758153325
936.9682337992376
943.310885218128
948.3337568826769
952.7141041931385
961.0652265988988
970.1850910631089
976.9326556543838
984.881829733164
993.3396865734858
1001.0804743752648
1007.7721304531977
1014.407878017789
1022.1033460398137
1029.1202880135536
1034.9843286742905
1041.961033460398
1048.237187632359
1056.0580262600593
1063.8060144006777
1070.9309614570097
1076.598898771707
1085.6531130876747
1090.5023295213891
1097.8098263447691
1104.0546378653114
1112.9682337992376
1122.5463786531132
1131.039813638289
1137.4794578568403
1144.3646759847522
1150.9161372299873
1160.122405760271
1167.8407454468445
1174.0004235493434
1181.2083862770012
1189.4328674290555
1196.2689538331215
1203.6018636171113
1212.130876747141
1220.6577721304532
1229.9445150360018
1237.1008047437526
1245.295637441762
1253.5294366793732
1266.0330368487928
1274.541296060991
1284.6238881829734
1292.7590004235494
1300.4798814061837
1311.4684455739093
1320.7318932655655
1331.0732740364253
1338.4777636594663
1350.0910631088523
1360.844557390936
