225.0
225.0
225.4109330819981
226.30348727615458
227.0320452403393
227.68049010367577
228.25918944392083
229.21394910461828
229.94533459000942
231.23939679547595
231.73044297832234
232.70782280867107
233.27049952874646
234.26201696512723
235.16211121583413
235.97549481621112
236.07917059377945
236.85202639019792
237.85579641847315
238.57304429783224
239.2177191328935
240.12064090480678
240.5560791705938
241.32422243166823
241.92836946277097
242.22808671065033
242.82375117813385
243.23279924599436
243.60697455230914
244.13006597549483
244.67860508953817
245.01602262016965
245.7775683317625
246.18284637134778
246.51932139491046
246.76248821866164
247.27615457115928
248.30631479736098
248.55136663524976
248.86804901036757
249.51555136663524
249.99245994344957
250.3119698397738
250.66823751178134
250.90009425070687
251.16305372290293
251.502356267672
251.68991517436382
252.18096135721018
252.32704995287466
252.63713477851084
253.1555136663525
253.5617342130066
253.96229971724787
254.59754948162112
255.11310084825635
255.5381715362865
256.1781338360038
256.44392082940624
256.73327049952877
257.4005655042413
258.04147031102735
258.9340245051838
259.22148916116873
259.5296889726673
260.1253534401508
260.5918944392083
260.8491988689915
261.45428840716306
261.8953817153629
262.6578699340245
262.91705937794535
263.5607917059378
263.8444863336475
264.2422243166824
264.45334590009423
264.8482563619227
265.3364750235627
265.57210179076344
266.2177191328935
266.564561734213
267.10744580584355
267.492931196984
267.73892554194157
267.8972667295005
268.4363807728558
268.8953817153629
269.44203581526864
269.7794533459001
270.320452403393
270.60226201696514
271.26107445805843
271.44957587181904
271.8473138548539
272.4571159283695
272.8840716305372
273.076343072573
273.6616399622997
273.7841658812441
273.9538171536287
273.9142318567389
274.1885014137606
274.80678605089537
274.9613572101791
275.2770970782281
275.83506126295947
275.8699340245052
276.196041470311
276.5834118755891
276.8482563619227
277.0442978322337
277.5409990574929
277.9321394910462
278.16588124410936
278.46182846371346
278.8218661639962
279.26390197926486
279.2450518378888
278.98680490103675
279.19886899151743
279.5636192271442
280.07163053722905
280.2789820923657
280.70122525918947
281.05089538171535
281.2761545711593
281.22997172478796
281.5626767200754
281.4269557021678
281.38642789820926
281.10933081998115
281.09519321394913
280.9820923656927
281.1621112158341
280.92459943449575
281.2808671065033
281.2148916116871
280.83034872761544
280.44580584354384
280.59849198868994
280.63430725730444
280.67295004712537
280.6540999057493
280.59849198868994
280.2544769085768
279.9764373232799
279.6578699340245
279.6672950047125
279.3666352497644
279.22148916116873
278.86710650329877
278.6333647502356
278.32987747408106
278.5014137606032
278.4731385485391
278.49010367577756
278.8501413760603
278.67012252591894
278.55796418473136
278.4787935909519
278.48539114043353
278.35909519321393
278.32610744580586
277.9820923656927
278.00942507068805
277.9538171536287
277.50612629594724
277.51649387370406
277.3402450518379
277.22714420358153
276.6371347785108
276.66823751178134
276.3770028275212
276.26955702167766
276.04901036757775
276.0499528746466
276.0424128180961
275.5711592836946
275.64278982092367
275.16305372290293
274.70122525918947
274.36757775683316
274.69462770970785
274.88501413760605
275.10367577756836
274.94721960414705
274.70311027332707
274.0961357210179
273.9641847313855
273.7719132893497
273.26295947219603
273.5918944392083
273.3986804901037
273.33364750235626
273.13572101790766
273.1017907634307
272.76625824693684
272.1847313854854
271.9877474081056
271.9415645617342
