529.0
529.0
528.3228346456693
527.9790026246719
527.2860892388452
528.1601049868766
528.3044619422573
528.1049868766404
528.9737532808399
528.2808398950132
529.1916010498687
528.9606299212599
529.7165354330708
529.8818897637796
530.1338582677165
530.4120734908137
531.8976377952756
532.4173228346457
533.0498687664042
533.4514435695538
533.2309711286089
533.1338582677165
533.0419947506562
533.4383202099738
533.7480314960629
534.0419947506562
533.6981627296587
533.9711286089239
534.490813648294
533.7821522309712
533.0787401574803
533.5328083989501
533.6509186351706
534.5196850393701
534.1811023622047
534.7112860892388
535.1128608923884
535.005249343832
536.1469816272966
536.4199475065617
535.9632545931759
537.3884514435696
537.8110236220473
538.2545931758531
538.0498687664042
538.8057742782153
538.2362204724409
538.7611548556431
539.4146981627297
539.5958005249344
539.9711286089239
540.0892388451443
540.6141732283464
542.1469816272966
542.3070866141733
542.1023622047244
542.8215223097113
543.6141732283464
544.2572178477691
545.2493438320209
545.5223097112861
546.3595800524935
546.2992125984252
546.485564304462
547.005249343832
547.5406824146982
548.2047244094488
548.0
547.8923884514436
549.2362204724409
549.3202099737533
549.9475065616798
550.2729658792651
549.9343832020998
550.1049868766404
550.0393700787401
550.8477690288714
551.1837270341207
552.4750656167979
552.3779527559055
552.3123359580053
552.3228346456693
552.7349081364829
553.4409448818898
554.1758530183727
553.6220472440945
554.3464566929134
554.9790026246719
556.2493438320209
557.6377952755905
557.2624671916011
556.9028871391076
557.2834645669292
558.3884514435696
558.4356955380578
558.2204724409448
559.1049868766404
559.2388451443569
559.3674540682415
559.9081364829397
560.3569553805775
560.3018372703413
560.9291338582677
560.4251968503937
561.1653543307086
561.7165354330708
561.8608923884515
562.1391076115485
561.6561679790026
561.8713910761155
562.6272965879265
562.8425196850394
562.9265091863517
563.7742782152231
564.4461942257218
564.6010498687664
565.1784776902887
565.4566929133858
566.9081364829397
566.9291338582677
566.7585301837271
566.5223097112861
566.4199475065617
566.4041994750656
566.4146981627297
566.3280839895014
567.0734908136483
567.1102362204724
567.1049868766404
567.9186351706037
568.4593175853018
568.1102362204724
567.997375328084
567.6535433070866
567.9107611548557
568.3910761154856
568.4015748031496
568.1443569553805
568.3149606299213
567.7086614173228
567.4409448818898
568.1811023622047
569.0446194225722
569.5590551181102
568.9055118110236
568.1443569553805
568.1916010498687
567.9238845144357
568.0209973753281
568.503937007874
568.7664041994751
569.2204724409448
569.4304461942257
570.2257217847769
570.4120734908137
570.2782152230972
570.0157480314961
570.2992125984252
570.2545931758531
569.6430446194225
569.1128608923884
568.3674540682415
568.2598425196851
568.4304461942257
568.5800524934383
568.0603674540682
569.3097112860893
569.4383202099738
569.5511811023622
569.8031496062993
569.5354330708661
569.4540682414698
570.1233595800525
570.5958005249344
569.8713910761155
570.3805774278215
570.7769028871392
570.7165354330708
570.1469816272966
570.4199475065617
570.5748031496063
570.5196850393701
569.7191601049868
569.2467191601049
568.7480314960629
569.498687664042
568.994750656168
568.6824146981627
568.3044619422573
568.8766404199475
569.8792650918635
569.2125984251968
569.7690288713911
570.1758530183727
569.9527559055118
569.8582677165355
570.3149606299213
570.6902887139107
570.9790026246719
571.0209973753281
