9.0
9.0
8.908000000000046
8.820799999999984
8.740199999999968
8.649800000000027
8.569799999999999
8.480499999999967
8.3967
8.314200000000023
8.232799999999951
8.153199999999996
8.081200000000015
7.998999999999995
7.9226
7.8462
7.7656
7.686499999999997
7.6124
7.535100000000004
7.465699999999994
7.390400000000003
7.321100000000003
7.240499999999995
7.163999999999999
7.094800000000003
7.022999999999997
6.952299999999993
6.884400000000001
6.813399999999995
6.737499999999995
6.668200000000009
6.598600000000017
6.528399999999992
6.460400000000003
6.394699999999999
6.331899999999997
6.263600000000013
6.1917999999999935
6.121800000000008
6.054499999999982
5.991499999999983
5.930500000000003
5.861699999999998
5.79469999999999
5.731199999999989
5.660099999999971
5.600199999999982
5.532099999999976
5.4754000000000085
5.4142000000000055
5.3510000000000035
5.291899999999999
5.232300000000002
5.201100000000025
5.190400000000021
5.181699999999994
5.177299999999999
5.1696
5.160200000000011
5.152699999999973
5.14370000000002
5.1359999999999895
5.124100000000026
5.117300000000008
5.118200000000001
5.108500000000009
5.100800000000012
5.09330000000001
5.087700000000008
5.07929999999997
5.07120000000002
5.0607999999999995
5.052099999999991
5.03660000000001
5.0306999999999515
5.019799999999982
5.010200000000011
5.002000000000017
4.989799999999992
4.984499999999976
4.977800000000004
4.9668
4.955699999999986
4.952100000000008
4.939699999999989
4.939400000000004
4.932099999999967
4.926499999999982
4.914499999999984
4.9085000000000045
4.898299999999979
4.8941000000000034
4.889899999999971
4.886500000000005
4.882099999999982
4.873899999999974
4.868299999999985
4.863600000000015
4.855200000000007
4.852000000000005
4.844399999999988
4.831799999999998
4.823900000000013
4.821299999999986
4.817199999999997
4.813699999999997
4.809
4.8024999999999975
4.794400000000014
4.786500000000018
4.777200000000012
4.773199999999967
4.763500000000021
4.761400000000013
4.756799999999992
4.750300000000007
4.745100000000035
4.739600000000012
4.7394000000000105
4.7350000000000065
4.733000000000013
4.73220000000001
4.730499999999991
4.7276
4.726399999999992
4.72479999999998
4.722299999999998
4.719800000000001
4.714699999999996
4.7085999999999855
4.701699999999998
4.693000000000017
4.690100000000001
4.679999999999976
4.675800000000012
4.66819999999999
4.668399999999975
4.657099999999973
4.654800000000015
4.646299999999986
4.645299999999991
4.6357000000000035
4.630599999999999
4.6237999999999895
4.620599999999997
4.6124999999999865
4.608700000000023
4.599899999999998
4.594699999999988
4.58650000000004
4.578299999999958
4.573199999999999
4.5698999999999685
4.565100000000001
4.560499999999992
4.557599999999984
4.549200000000008
4.543099999999996
4.535099999999974
4.531800000000004
4.520599999999994
4.51579999999998
4.505599999999993
4.500499999999983
4.49309999999999
4.488399999999997
4.477300000000003
4.466400000000017
4.459799999999984
4.4559999999999675
4.451000000000008
4.446000000000016
4.441999999999994
4.437399999999998
4.4300999999999595
4.424700000000006
4.424700000000042
4.422000000000001
4.4207999999999785
4.421300000000006
4.418400000000004
4.414699999999981
4.413199999999999
4.405600000000013
4.401800000000006
4.399000000000009
4.397500000000006
4.396899999999989
4.394599999999994
4.391800000000012
4.3888000000000105
4.383599999999997
4.382099999999994
4.376800000000004
4.3783
4.375500000000014
4.370500000000008
4.36929999999999
4.368000000000029
