169.0
169.0
169.35921674544227
169.95476029709656
170.4550979068197
171.0803511141121
171.5077650236327
172.01485482781905
172.19716407832544
172.85347738014855
173.29844699527345
174.28359216745443
174.80216070222824
175.50438892640108
176.58474004051317
177.30857528696828
178.02835921674543
178.59419311276164
179.31465226198515
180.1654287643484
180.90141796083728
181.72586090479405
182.7677245104659
183.82579338284944
184.5962187711006
185.4888588791357
186.15395003376096
186.98041863605673
188.01417960837273
188.93112761647535
189.932478055368
190.86090479405806
192.10263335584065
193.1377447670493
194.18230925050642
194.84334908845375
195.8419986495611
197.28629304523972
198.2559081701553
199.47535449020933
200.5793382849426
201.5388251181634
202.47670492910197
203.33760972316003
204.41931127616476
205.71505739365293
206.8419986495611
207.90141796083728
209.25725860904794
209.91019581363943
211.24713031735314
212.62120189061446
214.02903443619175
215.2093180283592
216.57326130992573
218.06482106684672
219.1316677920324
220.56853477380147
221.93855503038486
223.70492910195813
224.96421336934503
226.7643484132343
228.22619851451722
229.48345712356516
230.71843349088454
232.016880486158
233.60027008777854
235.33760972316003
236.51316677920323
237.66711681296422
239.64145847400405
241.24375422012153
242.83389601620527
244.29372045914923
245.44429439567858
247.15327481431464
248.49628629304524
250.31060094530721
251.85145172180958
253.83794733288318
255.38892640108034
257.236326806212
258.87035786630656
260.3281566509115
262.38892640108037
263.9020931802836
265.677245104659
267.3328831870358
269.59014179608374
271.4983119513842
272.98109385550305
274.7407157326131
276.5962187711006
278.12153950033763
280.31127616475356
282.63808237677245
283.9547602970966
285.6063470627954
286.98919648885885
288.60094530722483
290.12694125590815
291.98784604996627
294.26198514517216
296.08575286968266
297.6866981769075
299.49358541526
301.1647535449021
302.58474004051317
304.2586090479406
306.2491559756921
307.73801485482784
309.1174881836597
310.761647535449
312.6900742741391
314.6225523295071
316.7798784604997
318.44699527346387
319.9574611748818
322.4753544902093
324.56313301823093
326.9594868332208
328.7143821742066
330.84604996623904
333.25658338960164
334.91357191087104
337.32748143146523
339.0472653612424
340.947332883187
343.07224848075623
344.9925725860905
347.4665766374072
350.48210668467254
352.8149898717083
354.3869007427414
356.6468602295746
358.63538149898716
360.64753544902095
363.0371370695476
364.94328156650914
366.86630654962863
369.2187711006077
371.25455773126265
373.82984469952737
376.05536799459827
378.22957461174883
380.58811613774475
382.9844699527346
384.8973666441594
387.44699527346387
390.22754895340984
392.9898717083052
395.21404456448346
397.9095205941931
399.98784604996627
402.6664415935179
405.54085077650234
407.78595543551654
410.3389601620527
412.438892640108
414.71775827143824
416.8669817690749
419.01890614449695
421.33693450371374
422.7846049966239
424.9952734638758
427.1809588116138
429.5786630654963
432.5118163403106
435.3301823092505
437.7265361242404
440.46320054017554
443.288993923025
445.5658338960162
448.33963538149897
451.0600945307225
453.1100607697502
455.9675894665766
459.2255232950709
461.43281566509114
463.4760297096556
466.32410533423365
469.45914922349766
472.4105334233626
475.1073598919649
477.22417285617826
480.44902093180286
483.0871033085753
485.8690074274139
488.9088453747468
491.66306549628626
494.0270087778528
495.9068197164078
498.7819041188386
501.508440243079
504.4962862930452
506.66239027684
508.6698176907495
511.0054017555706
512.8548278190411
515.7738014854827
