7.0
7.0
6.999152901313003
7.008470986869971
7.0118593816179615
7.018212621770427
7.03049555273189
7.03854299025837
7.040237187632362
7.044896230410843
7.0554849639983015
7.062685302837777
7.061414654807285
7.07115628970775
7.080050825921223
7.091486658195683
7.106310885218125
7.113087674714107
7.122405760271073
7.130876747141045
7.1397712833545075
7.139771283354511
7.148242270224486
7.147395171537484
7.1605252011859415
7.165184243964422
7.173655230834393
7.1804320203303735
7.190173655230835
7.20203303684879
7.213045319779754
7.219398559932235
7.229563744176197
7.2418466751376505
7.252011859381618
7.270224481152054
7.281236764083015
7.29479034307497
7.300296484540452
7.319779754341381
7.33036848792884
7.344345616264294
7.354087251164761
7.367640830156713
7.3820415078356625
7.399407030919102
7.406607369758577
7.425243540872511
7.443456162642945
7.456162642947904
7.466327827191868
7.481152054214316
7.487081745023294
7.49131723845828
7.507412113511221
7.526895383312158
7.546802202456589
7.561626429479038
7.579839051249469
7.598475222363408
7.609911054637865
7.623464633629818
7.634053367217281
7.6518424396442155
7.671749258788648
7.681490893689115
7.694620923337569
7.714527742481999
7.7310461668784445
7.747988140618382
7.764930114358324
7.785260482846252
7.801778907242694
7.821262177043626
7.838204150783566
7.857263871241
7.870817450232952
7.889877170690387
7.908513341804318
7.928843710292252
7.9487505294366825
7.9720457433290965
7.995340957221518
8.017365523083434
8.036001694197363
8.059296908089816
8.080050825921218
8.098686997035143
8.119017365523053
8.138500635324007
8.156713257094422
8.180432020330356
8.200762388818323
8.21897501058873
8.239305379076658
8.260906395595075
8.275730622617525
8.299025836509948
8.321897501058878
8.34265141889034
8.361287590004212
8.386700550614139
8.404066073697582
8.420584498094023
8.439220669207984
8.45997458703941
8.480728504870813
8.501058873358742
8.522236340533658
8.545531554426079
8.562049978822536
8.586192291401936
8.606522659889869
8.620923337568836
8.645489199491704
8.667513765353654
8.686149936467581
8.71410419313851
8.73528166031343
8.753494282083881
8.771283354510823
8.78949597628126
8.814061838204152
8.834392206692073
8.861499364675979
8.881829733163887
8.90300720033884
8.922914019483303
8.942397289284187
8.954680220245658
8.975434138077093
8.99703515459551
9.016941973739963
9.033036848792888
9.051249470563334
9.072850487081748
9.085556967386706
9.112664125370626
9.131300296484547
9.164337145277415
9.182126217704356
9.203727234222798
9.221516306649724
9.246082168572666
9.266412537060551
9.285895806861499
9.308343922066928
9.324862346463368
9.339263024142303
9.36255823803476
9.392206692079634
9.41296060991106
9.435832274459994
9.461668784413371
9.484540448962294
9.507835662854708
9.526048284625144
9.546802202456565
9.567556120288023
9.58407454468446
9.602710715798413
9.622193985599342
9.641253706056743
9.663701821262187
9.683185091063118
9.704362558238039
9.72935196950444
9.747564591274902
9.76916560779331
9.787801778907225
9.811944091486644
9.837357052096555
9.860652265988998
9.880982634476888
9.90216010165187
9.917407878017777
9.941973739940716
9.962727657772142
9.980093180855558
10.001270648030498
10.022448115205414
10.040237187632366
10.059296908089786
10.082592121982191
10.10631088521811
10.130029648454054
10.150360016941981
10.17238458280389
10.192714951291796
10.226175349428225
10.249047013977146
10.275730622617548
10.296484540448954
10.317238458280393
10.345192714951285
10.368487928843711
10.392206692079629
10.411689961880567
10.44176196526894
10.468445573909356
