6859.0
6859.0
6765.336725003392
6682.241079907747
6596.224528557862
6519.7874101207435
6433.844797178131
6355.812508479175
6283.279609279609
6216.319088319088
6131.816578483245
6062.760276760277
5992.887532220866
5925.64360331027
5868.009768009768
5797.005291005291
5741.292090625424
5678.522724189391
5623.1260344593675
5565.285442952109
5505.37905304572
5450.986433319767
5383.591778591778
5332.862569529236
5278.572378239045
5215.834622167956
5163.803147469815
5112.891466558133
5067.467372134039
5019.837064170398
4965.813593813594
4917.4544837878175
4869.730430063763
4821.652150318817
4778.753086419753
4724.2299552299555
4677.5677655677655
4636.9244335911
4598.479717813051
4559.297652964319
4508.069054402387
4468.948446615113
4429.160222493556
4389.308370641704
4348.123456790124
4309.17501017501
4269.202957536291
4235.16510649844
4192.115588115588
4156.192239858907
4113.197395197395
4068.1500474833806
4028.5023741690406
3995.941934608601
3973.808845475512
3962.8008411341743
3955.4658797992133
3948.248948582282
3938.2077058743726
3928.4327770994437
3920.2736399403066
3913.1617148283817
3893.0250983584315
3894.935693935694
3883.614841948175
3866.582960249627
3859.0563017229683
3849.940170940171
3841.392077058744
3837.9131732465066
3827.5181115181117
3817.6825396825398
3809.5498575498577
3800.492741826075
3786.796906796907
3771.9508886175554
3768.345814679148
3758.0119386786055
3752.678198344865
3748.3269569936238
3738.19129019129
3731.40930674264
3721.9435626102295
3709.644552977886
3698.2364672364674
3694.0242843576175
3682.286528286528
3673.4558404558406
3661.779134445801
3649.0221136887803
3638.2128612128613
3632.100936100936
3621.0824854158186
3613.60290326957
3611.7932437932436
3601.9062542395877
3596.5305928639264
3585.9130375797045
3573.263329263329
3566.6701940035273
3564.568308234975
3560.518382851716
3547.7567494234163
3536.805589472256
3526.828652828653
3518.388414055081
3507.683489350156
3502.0143806810474
3491.2714692714694
3489.4253154253156
3481.641161307828
3473.7332790666123
3464.9746303079637
3460.667209333876
3455.267263600597
3447.2825939492604
3436.2370099036766
3421.4253154253156
3412.660290326957
3404.676027676028
3405.949531949532
3393.3052503052504
3379.5627458960794
3368.770044770045
3359.550942884276
3353.6902726902726
3344.0705467372136
3340.01221001221
3341.1817935151266
3348.841812508479
3362.9123592456926
3373.3915343915346
3381.50929317596
3396.963505630172
3401.8407271740607
3412.6876950210285
3417.3634513634515
3433.2154388821054
3437.811694478361
3455.972052638719
3465.896350563017
3478.182607515941
3492.2169312169312
3505.266449599783
3513.707909374576
3528.584995251662
3541.5295075295076
3551.4653371320037
3563.9579432912765
3580.3680640347307
3591.6353276353275
3602.4396961063626
3611.2394519061186
3626.2927689594358
3640.218966218966
3647.749016415683
3661.379595712929
3674.3939763939766
3695.579839913173
3705.525708859042
3717.2146248812915
3734.5409035409034
3746.6307149640484
3754.2047212047214
3774.4289784289786
3785.9518382851716
3794.5928639261974
3814.542802876136
3832.09184642518
3847.28897028897
3863.6043956043954
3877.6870166870167
3884.524352191019
3902.0055623388957
3914.263736263736
3926.279473612807
3944.421245421245
3954.556912223579
3971.1853208519874
3981.5177045177047
3990.71279337946
4007.938542938543
4016.28897028897
4035.903269569936
4046.5474155474158
4055.125220458554
4065.829195495862
4081.166327499661
4101.89594356261
4114.219915886582
4121.497625830959
4130.004477004477
4150.796906796907
4163.3007733007735
4181.497625830959
4194.216931216931
4206.655406322073
4217.272418939086
4229.645366978701
4248.476326142993
