25.0
25.0
24.8916
24.8111
24.704
24.5878
24.4662
24.2988
24.13
24.0368
23.9571
23.8465
23.7229
23.6206
23.5353
23.4501
23.307
23.215
23.1378
23.0536
22.9992
22.9126
22.8354
22.7739
22.6886
22.6432
22.6112
22.5565
22.5196
22.4178
22.3626
22.2633
22.2005
22.1349
22.051
21.9486
21.898
21.859
21.7714
21.6953
21.6121
21.5404
21.4629
21.3815
21.3258
21.292
21.2569
21.1784
21.1171
21.0364
20.9854
20.9198
20.8928
20.8493
20.8653
20.9291
20.962
20.9511
20.9386
20.9248
20.9845
21.0417
21.0715
21.0817
21.0696
21.0631
21.1105
21.127
21.1811
21.2244
21.2142
21.2172
21.2636
21.292
21.3164
21.3218
21.3327
21.3132
21.3591
21.382
21.4211
21.4828
21.5669
21.6067
21.6761
21.6998
21.6883
21.6821
21.7259
21.7651
21.7852
21.8256
21.8614
21.8892
21.8846
21.9281
21.9184
21.9848
22.0234
22.0403
22.0567
22.0749
22.0673
22.0825
22.116
22.1168
22.1825
22.2435
22.2527
22.2573
22.2492
22.2794
22.369
22.4286
22.4914
22.5158
22.5568
22.6106
22.5798
22.5948
22.6438
22.6475
22.6841
22.7508
22.8119
22.8291
22.8323
22.8787
22.9129
22.9358
22.9125
22.9318
22.9574
22.9567
22.9948
23.027
23.0293
23.01
22.9612
22.9833
22.9439
22.9635
22.9327
22.9051
22.8889
22.9141
22.9291
22.8983
22.8962
22.8877
22.8922
22.8929
22.8192
22.805
22.8301
22.8094
22.7561
22.7765
22.7829
22.7792
22.7346
22.7309
22.7061
22.6423
22.6487
22.629
22.6474
22.6311
22.5913
22.5359
22.4931
22.4944
22.4522
22.4571
22.4801
22.4562
22.4588
22.4438
22.3977
22.3875
22.3435
22.2878
22.3028
22.3072
22.2826
22.2794
22.2647
22.2439
22.2539
22.1854
22.159
22.1738
22.1462
22.0913
22.0321
22.0297
21.9821
21.9333
21.8815
21.8848
