3.0
3.0
2.993516784325023
2.98847428324449
2.9851606396772814
2.9776689237862053
2.97478749459732
2.973634922921771
2.9729145656245444
2.9716179224895543
2.975507851894542
2.979974067137301
2.9769485664889768
2.97421120875954
2.9806944244345175
2.983287710704516
2.9854487825961593
2.9897709263794834
2.996254142054462
3.001296643134997
3.0070595015127504
3.013686788647167
3.0198818614032623
3.027661720213227
3.034144935888198
3.0458147241031552
3.053738654372563
3.058637083993653
3.067137300100853
3.073764587235268
3.0770782308024716
3.0847140181530017
3.0919175911251906
3.1032992364212686
3.1149690246362205
3.128079527445616
3.1374441723094706
3.148105460308313
3.1590548912260514
3.1734620371704376
3.1818181818181785
3.1904624693848116
3.2001152571675555
3.213369831436395
3.2273447630024528
3.239302694136292
3.2539979829995644
3.2666762714306334
3.281947846131681
3.2983719925082853
3.3098977092637947
3.3240167122892967
3.338135715314796
3.3516784325025193
3.373433222878549
3.400230514335109
3.4238582336839065
3.4427315948710557
3.462757527733753
3.4819190318397935
3.5009364644863883
3.5232675407001888
3.544734188157325
3.563319406425589
3.5844979109638366
3.609422273447628
3.630600777985881
3.652355568361907
3.6700763578735063
3.6872208615473268
3.7104163665177934
3.7323152283532637
3.7545022331076225
3.774095951591988
3.794410027373578
3.8174614608845983
3.841665466071171
3.8642846852038604
3.8900734764443166
3.911684195360899
3.930125342169716
3.950151275032416
3.9739230658406584
3.995533784757213
4.017432646592717
4.036161936320417
4.056908226480326
4.079095231234719
4.103731450799606
4.127503241607838
4.150266532199959
4.171300965278787
4.192191326898116
4.217836046679152
4.240887480190171
4.263794842241729
4.2885751332661135
4.31349949574989
4.3388560726120184
4.356432790664152
4.377035009364655
4.4041204437401325
4.428036306007777
4.4510877395187896
4.470969600922053
4.4966143207030616
4.5248523267540675
4.5492004034001035
4.568938193343883
4.588099697449924
4.612015559717608
4.636219564904188
4.656677712145229
4.677856216683468
4.702060221870026
4.723094654948846
4.747874945973209
4.77481630888919
4.800461028670235
4.822071747586807
4.842673966287268
4.8693271862843845
4.895692263362636
4.919608125630285
4.945396916870758
4.968304278922334
4.992076069730587
5.016856360754943
5.046535081400365
5.071315372424715
5.101570378907935
5.128079527445609
5.1561734620371436
5.188013254574263
5.21970897565192
5.24693848148683
5.279354559861685
5.308168851750475
5.343898573692522
5.3724247226624575
5.4022475147673354
5.433222878547755
5.465638956922628
5.50151275032415
5.5346491859962565
5.562887192047257
5.592709984152134
5.6259904912836705
5.658550641118003
5.689958219276753
5.72352686932719
5.755942947702052
5.784180953753069
5.81602074629017
5.846996110070602
5.883158046391023
5.920328482927526
5.954761561734617
5.990923498055035
6.021178504538236
6.059789655669218
6.095663449070738
6.127071027229504
6.1564616049560605
6.189742112087602
6.2231666906785765
6.255294626134569
6.28771070450945
6.321567497478745
6.3554242904480605
6.3941795130384715
6.430197377899435
6.466935600057637
6.495605820486968
6.5273015415646265
6.559141334101716
6.588387840368816
6.619795418527594
6.649330067713585
6.6791528598184655
6.714450367382219
6.7527733755942885
6.787926811698607
6.82423281947846
6.8553522547183405
6.888056476012104
6.919608125630313
6.956058204869616
6.990491283676701
7.023051433511026
7.061806656101425
7.096383806367954
7.12908802766172
7.162512606252704
7.192479469817028
7.227488834461892
7.259904912836765
7.295058348941075
7.328626998991499
7.3614752917447035
