169.0
169.0
170.85760940561724
172.80404964075768
175.23644676681909
177.3291966035271
179.98693664271718
182.30502939255388
184.6374918354017
186.72044415414763
188.40300457217504
190.24885695623774
193.00718484650554
195.35858915741346
197.5532331809275
200.06401045068583
201.736120182887
203.98040496407577
205.9764859568909
207.9477465708687
209.55258001306336
211.30960156760287
213.89549314173743
215.45264532984976
216.80339647289352
218.9634225996081
221.1384715871979
222.89549314173743
224.25016329196603
225.75636838667538
227.40300457217504
228.85238406270412
230.75898105813195
232.1841933376878
234.421293272371
236.3337687785761
237.88047028086217
239.91247550620508
241.48269105160026
243.17439581972567
244.22534291312869
245.57282821685172
247.07642064010452
248.90137165251468
250.33964728935337
252.29392553886348
254.14043109079034
256.0953625081646
257.28543435662965
258.7263226649249
260.2194644023514
261.3631613324624
262.40627041149577
263.268451992162
264.4415414761594
265.7230568256042
267.5617243631613
268.9124755062051
270.43370346178966
271.6518615284128
272.643370346179
274.20966688438926
275.4245591116917
277.254735467015
278.3030698889615
279.7341606792946
280.745264532985
281.9248856956238
283.0881776616591
284.4278249510124
285.676028739386
287.2246897452645
288.82560418027435
289.8726322664925
290.56956237753104
291.2364467668191
292.860875244938
294.21227955584584
295.55062050947095
296.42064010450684
298.0333115610712
299.2148922273024
300.7635532331809
301.7596342259961
303.0502939255389
304.38994121489225
305.7446113651208
306.61593729588503
308.2403657740039
309.6028739386022
310.9562377531025
311.74657086871326
312.3305029392554
313.25342913128674
314.23252775963425
315.0842586544742
315.7596342259961
316.97256694970605
317.944480731548
318.5244937949053
319.8837361201829
320.81319399085567
322.23775310254734
323.365774003919
324.85434356629656
326.0189418680601
326.77988242978444
327.7563683866754
328.7419986936643
329.5839320705421
330.37949052906595
330.9242325277596
331.27629000653167
331.8791639451339
332.5898105813194
333.39255388634876
334.40169823644675
334.80535597648594
335.68256041802744
336.56303069888963
337.40235140431093
338.13063357282823
339.43762246897455
340.23775310254734
341.1515349444807
342.1508817766166
343.02090137165254
344.2488569562378
345.43435662965385
346.0790333115611
346.83213585891576
347.6472893533638
348.27237099934683
349.2240365774004
350.1796211626388
350.49640757674723
351.18745917700846
352.2436316133246
353.3533638145003
353.9425212279556
354.67015022860875
355.14892227302414
356.2436316133246
357.046374918354
357.7537557152188
358.6485956890921
359.84650555192684
360.30437622468975
361.0698889614631
362.05813193990855
363.1175702155454
363.6022207707381
364.2710646636186
365.0783801436969
365.5564990202482
366.2521227955585
366.33899412148924
367.2462442847812
368.3154800783801
369.0378837361202
369.6564337034618
370.1737426518615
371.2939255388635
371.54082299150883
372.05813193990855
372.8451992161986
373.1241018941868
373.9222730241672
374.37687785760943
375.16459830176353
376.8197256694971
377.45068582625737
378.2305682560418
378.93729588504243
379.85630306988895
379.88438928804703
381.1463096015676
381.6146309601568
382.5101241018942
383.21227955584584
384.0333115610712
384.8641410842587
385.9170476812541
386.5055519268452
387.84781188765515
389.14696276943175
389.76224689745266
390.62573481384715
391.4036577400392
392.05617243631616
392.9281515349445
393.26322664924885
393.53037230568253
394.07054212932724
394.83736120182886
395.70476812540824
396.72240365774
397.65708687132593
398.1286740692358
398.5702155453952
