324.0
324.0
322.7889447236181
321.7381645067442
320.5929648241206
319.6789209203914
318.5353081195451
317.2890769637662
316.02010050251255
315.00502512562815
314.02274530547476
313.2282464956361
312.1777307590585
311.1372652737371
310.2139645596403
309.13091774662786
308.19888918275586
306.95477386934675
306.0737900026448
305.08754297804813
304.02089394340123
302.8320550119016
302.08304681301246
301.08648505686324
300.13197566781275
299.0658555937583
298.12457021951866
296.9690558053425
296.2687119809574
295.1206030150754
293.95186458608833
292.8714625760381
291.76170325310767
290.47923829674687
289.47976725733935
288.3110288283523
287.03782068235915
286.12298333774135
285.0309441946575
284.16318434276644
283.2300978577096
282.2557524464427
281.645596403068
280.66516794498807
279.70827823327164
278.8614123247818
277.90081988891825
276.9513356254959
276.0748479238297
275.25178524199947
274.28987040465483
273.45173234594023
272.44512033853476
271.36022216344884
270.2377677862999
268.93890505157367
267.6183549325575
266.21660936260247
264.76805078021687
263.486643745041
261.96852684475004
260.4176143877281
258.925945517059
257.37688442211055
256.1864586088336
254.84316318434276
253.60063475271093
252.31049986775986
251.06691351494314
249.8230626818302
248.37476857974082
247.01930706162392
245.72679185400688
244.63792647447764
243.45622851097593
242.33086485056864
240.99233007140967
239.9867759851891
238.8024332187252
237.55197037820682
236.20629463104999
234.78868024332186
233.62126421581593
232.1446707220312
230.9748743718593
229.91113462047076
228.5456228510976
227.14123247818037
225.75773604866438
224.47421317111875
223.34858503041522
221.99074318963238
220.88600899233006
219.8011108172441
218.50833112933086
217.27373710658557
215.92277175350438
214.70722031208675
213.57894736842104
212.40597725469453
211.31896323723882
210.16265538217402
209.08965882041787
207.5987833906374
206.4437979370537
205.16609362602486
203.91536630521026
202.76514149695848
201.61227188574452
200.47103940756415
199.40174556995504
198.49457815392753
197.3718592964824
196.07299656175616
194.98492462311557
193.78206823591643
192.76064533192277
191.49642951600106
190.39910076699286
189.22295688971172
188.07617032531076
187.03491139910076
186.02697699021422
185.135942872256
183.91034117958213
182.91959798994975
181.62893414440623
180.74715683681566
179.9156307855065
179.22798201533985
178.39434012166095
177.65987833906374
176.69240941549853
175.8185665167945
174.81089658820417
173.9896852684475
173.28669664110024
172.7032531076435
172.10420523670987
171.38772811425548
170.82650092568105
170.06268183020364
169.24570219518645
168.8997619677334
168.31896323723882
167.7918540068765
167.14493520232742
166.55699550383497
165.8984395662523
165.36101560433747
164.64824120603015
164.06717799523935
163.14837344617825
162.44459137794234
161.6900290928326
161.21846072467602
160.63686855329277
159.72361809045225
159.2332716212642
158.82808780745833
158.37053689500132
157.68209468394605
157.0132240148109
156.62523142025918
156.19545093890505
155.6900290928326
155.01719121925416
154.47765141496959
153.88336418936788
153.4160275059508
152.80216873842897
152.08013752975404
151.29886273472627
150.78206823591643
150.2126421581592
149.5191748214758
148.79687913250464
148.11293308648504
147.4543771489024
146.91510182491405
146.65591113462048
146.27215022480826
145.76011637133033
145.29727585294896
144.6358106321079
144.23089129859827
143.71859296482413
143.13673631314467
142.49801639777837
142.2404125892621
141.8730494578154
141.26897646125363
140.73631314467073
140.40306797143612
139.9026712509918
139.51362073525522
139.20232742660673
138.57894736842104
138.1401745569955
137.6947897381645
