11.0
11.0
10.969408692408068
10.945532549897374
10.916993098302553
10.88864017907108
10.863458310016755
10.836224584965521
10.803954486103342
10.777653422868871
10.749860100727487
10.724864764036576
10.699869427345636
10.677485543741824
10.653422868867747
10.626935273269925
10.5959709009513
10.571162096623738
10.542063047938788
10.516321581794445
10.494870360007468
10.470807685133353
10.451221786980039
10.430703227009916
10.404775228502128
10.380899085991429
10.349375116582701
10.322514456258126
10.300503637381071
10.278119753777256
10.254057078903195
10.236896101473613
10.211527700055951
10.18653236336502
10.161350494310799
10.141578063794054
10.121805633277399
10.099981346763697
10.077970527886583
10.05614624137286
10.038798731579927
10.02145122178697
10.00373064726731
9.982465957843678
9.967170304047754
9.944972952807293
9.919791083753022
9.89535534415221
9.880246222719652
9.862152583473236
9.83734377914569
9.817011751538907
9.799850774109258
9.7821301995896
9.76422309270661
9.750979294907685
9.739041223652327
9.729341540757336
9.719455325498972
9.707330721880238
9.698750233165459
9.695206118261561
9.688117888453656
9.679723932102233
9.67226263756763
9.66666666666669
9.66051109867559
9.652863271777674
9.643350121246051
9.63626189143814
9.626375676179837
9.615743331468027
9.605484051482927
9.598395821675032
9.591680656593923
9.58030218242867
9.57358701734753
9.566498787539658
9.558104831188192
9.551389666107088
9.544301436299195
9.537213206491323
9.529938444320086
9.528632717776523
9.519679164335047
9.512404402163767
9.50792762544298
9.49990673381829
9.491699309830237
9.484238015295702
9.479947770938232
9.467077037866039
9.460175340421559
9.455138966610724
9.443573960082086
9.433501212460373
9.430889759373233
9.423241932475278
9.416899832120867
9.404215631412049
9.396008207423982
9.38705465398246
9.376981906360731
9.370826338369683
9.363365043835094
9.353292296213391
9.348442454765902
9.340794627867952
9.332773736243237
9.326058571162116
9.31934340608095
9.311509046819639
9.304047752285022
9.294721134116786
9.289311695579181
9.278119753777274
9.270658459242659
9.265995150158556
9.253870546539822
9.242865137101276
9.234844245476593
9.221973512404377
9.216377541503451
9.209662376422317
9.205558664428287
9.200522290617437
9.195672449169932
9.187651557545205
9.180749860100734
9.172169371385943
9.160231300130558
9.146241372878215
9.133557172169384
9.117888453646673
9.106136914754721
9.088043275508273
9.072561089349009
9.06062301809366
9.038612199216564
9.018093639246413
9.005036373810817
8.9839582167506
8.969968289498212
8.953553441522086
8.937511658272749
8.921283342659942
8.900578250326413
8.884349934713638
8.869613878007826
8.848908785674329
8.83566498787537
8.813654168998365
8.796120126841979
8.77485543741845
8.75806752471554
8.740906547285958
8.719641857862339
8.70826338369707
8.689423614997208
8.66759932848348
8.64987875396379
8.626935273269929
8.609214698750243
8.59317291550083
8.574706211527673
8.558850960641669
8.546166759932865
8.528632717776585
8.50755456071628
8.488714792016415
8.473605670583831
8.452340981160216
8.435926133184093
8.419138220481202
8.396940869240785
8.378660697631053
8.358142137660911
8.332773736243213
8.311695579183038
8.290803954486078
8.270844991606017
8.25181869054282
8.232978921842951
8.210408505875737
8.190636075359077
8.168998321208731
8.151091214325668
8.133184107442629
8.110800223838803
8.090095131505318
8.068830442081746
8.048311882111577
8.032270098862094
8.01231113598209
7.993657899645589
7.970900951315053
7.948144002984518
7.932475284461854
7.915687371759001
7.894422682335385
