49.0
49.0
49.01694197373994
49.17450232952139
49.24989411266412
49.36382888606523
49.571791613723
49.715374841168995
49.76704786107582
49.855569673867
50.032189750105886
50.15374841168996
50.160948750529435
50.32740364252435
50.48792884371029
50.67810249894113
50.92757306226175
51.0588733587463
51.229140194832695
51.36806437950021
51.52435408725116
51.55569673867006
51.70817450232952
51.72172808132147
51.95933926302414
52.05124947056332
52.202033036848796
52.34434561626429
52.518424396442185
52.730199068191446
52.928420160948754
53.05929690808979
53.2295637441762
53.45108005082592
53.636594663278274
53.9428208386277
54.143583227445994
54.39178314273613
54.510800508259216
54.8284625158831
55.02626005929691
55.267259635747564
55.44049131723846
55.67005506141466
55.9157136806438
56.213468869123254
56.35112240576027
56.65861922914019
56.98263447691656
57.197797543413806
57.39686573485811
57.6581956797967
57.770859805167305
57.86065226598899
58.13426514188903
58.44515036001694
58.781024989411264
59.01948326980093
59.31808555696739
59.639135959339264
59.82507412113511
60.06395595086828
60.2575180008471
60.57009741634901
60.89411266412537
61.06056755612029
61.29817873782296
61.636594663278274
61.9148665819568
62.19610334603981
62.49258788648878
62.829733163913595
63.14612452350699
63.47310461668784
63.762812367640834
64.09953409572215
64.35027530707328
64.69631512071156
65.02414231257941
65.3697585768742
65.69377382465058
66.10419313850063
66.51969504447268
66.88987717069038
67.22448115205421
67.6315120711563
68.00465904277848
68.3146971622194
68.68403218975011
69.03388394747988
69.36044049131723
69.78229563744176
70.15332486234647
70.50021177467175
70.87801778907243
71.26641253706057
71.53451927149513
71.95171537484117
72.35408725116476
72.71706903854299
73.05167301990681
73.53113087674714
73.8602287166455
74.2003388394748
74.52393053790766
74.87928843710293
75.27700127064803
75.67259635747564
76.09106310885218
76.5133418043202
76.81279119017366
77.2587886488776
77.6535366370182
77.92121982210928
78.37441761965269
78.78271918678526
79.1139347734011
79.61457009741635
80.01101228293096
80.35620499788226
80.70266836086404
81.06480304955528
81.52223634053367
81.9144430326133
82.43202033036849
82.84879288437102
83.27827191867853
83.67598475222363
84.05379076662432
84.3134265141889
84.71283354510801
85.13595933926302
85.52181279119017
85.858958068615
86.25243540872512
86.69504447268106
86.95595086827615
87.5133418043202
87.90046590427785
88.54002541296062
88.9135959339263
89.36637018212622
89.68996188055908
90.18720880982634
90.6014400677679
91.02329521389242
91.44896230410843
91.77636594663278
92.05929690808979
92.55527318932656
93.14315967810249
93.56713257094451
94.04574332909785
94.57306226175349
95.04913172384583
95.49851757729776
95.89284201609487
96.34985175772978
96.77975434138077
97.13426514188903
97.5451080050826
97.93816179584921
98.37992376111816
98.85387547649302
99.27318932655655
99.66454891994917
100.2011859381618
100.52943667937315
100.9711986446421
101.35832274459975
101.87717069038543
102.43286742905549
102.93646759847522
103.3439220669208
103.77678949597627
104.13850063532402
104.67556120288013
105.12918254976705
105.49639983058026
105.93773824650572
106.41973739940703
106.80940279542567
107.23252858958068
107.72935196950445
108.23591698432867
108.76704786107581
109.20076238881829
109.68191444303261
110.14697162219399
110.87759423972892
111.37568826768319
111.96145700974164
112.42947903430749
112.87886488775942
113.50656501482423
114.03218975010589
114.59551037695891
115.02414231257941
115.69462092333757
116.30749682337992
