9.0
9.0
8.971
8.9332
8.8925
8.8535
8.8215
8.7937
8.7593
8.7276
8.7097
8.6965
8.6773
8.6754
8.658
8.6573
8.659
8.6266
8.5994
8.5884
8.583
8.5684
8.5772
8.5737
8.5847
8.596
8.6071
8.6284
8.624
8.6268
8.6367
8.635
8.6267
8.6287
8.6457
8.6551
8.6798
8.6985
8.7176
8.7353
8.7774
8.8019
8.8057
8.8239
8.8468
8.8418
8.858
8.8554
8.884
8.9033
8.9364
8.9836
8.9943
9.0101
9.0418
9.0812
9.1194
9.1601
9.2121
9.2598
9.3075
9.3497
9.3997
9.4378
9.4719
9.5086
9.5643
9.6126
9.67
9.7104
9.7685
9.8178
9.8612
9.9074
9.9474
9.9945
10.0482
10.0929
10.1418
10.1889
10.2372
10.2968
10.3551
10.4008
10.4622
10.5021
10.5568
10.6038
10.6414
10.6875
10.7265
10.7685
10.8284
10.8744
10.9343
10.9802
11.0342
11.0953
11.1431
11.2093
11.2798
11.3594
11.4238
11.4945
11.5371
11.6129
11.6664
11.7055
11.7824
11.8372
11.913
11.9623
12.0274
12.0873
12.161
12.2381
12.2878
12.3301
12.3894
12.4635
12.5458
12.6071
12.6495
12.7167
12.7747
12.8491
12.8986
12.9712
13.0493
13.1108
13.1803
13.2387
13.2993
13.3664
13.4237
13.4855
13.5563
13.606
13.6907
13.7297
13.77
13.8224
13.8657
13.9102
13.967
14.0142
14.0722
14.1553
14.2128
14.2841
14.322
14.3502
14.4223
14.4646
14.5372
14.5863
14.666
14.7122
14.7659
14.8212
14.8875
14.9425
14.9889
15.058
15.1209
15.1915
15.237
15.2874
15.3254
15.405
15.472
15.5329
15.5953
15.6711
15.7259
15.7734
15.8406
15.8832
15.9221
15.9728
16.0158
16.0834
16.1379
16.1973
16.257
16.3455
16.3896
16.4166
16.4706
16.5284
16.5876
16.6307
16.6935
16.7297
16.7699
16.8254
16.8756
16.9435
17.0238
17.067
