6.0
6.0
6.015281015281015
6.039109039109044
6.064232064232053
6.085988085988086
6.101010101010103
6.125097125097127
6.151256151256152
6.179228179228181
6.199948199948196
6.226366226366224
6.252784252784254
6.283605283605276
6.306656306656311
6.332815332815331
6.364931364931368
6.3913493913493875
6.41129241129241
6.435379435379436
6.457912457912463
6.484071484071485
6.509453509453511
6.532504532504534
6.566174566174566
6.591556591556589
6.623413623413618
6.649572649572655
6.677803677803683
6.71043771043771
6.736078736078737
6.760683760683765
6.788655788655789
6.815591815591818
6.849779849779848
6.886039886039888
6.915565915565917
6.94794094794095
6.970732970732974
7.003367003367007
7.044289044289041
7.083657083657085
7.109557109557106
7.14633514633515
7.184408184408186
7.217301217301219
7.253561253561254
7.285677285677287
7.325045325045327
7.363118363118363
7.392126392126395
7.4237244237244235
7.455581455581456
7.487179487179487
7.522144522144522
7.558145558145557
7.5837865837865825
7.622118622118621
7.6573426573426575
7.688163688163688
7.723905723905723
7.7622377622377625
7.799533799533799
7.834757834757835
7.870758870758871
7.911680911680912
7.9445739445739445
7.982905982905981
8.016576016576002
8.052318052318048
8.082362082362115
8.118104118104139
8.151256151256154
8.184667184667225
8.218337218337266
8.256410256410273
8.287749287749326
8.312354312354332
8.338513338513343
8.366744366744374
8.3903133903134
8.42553742553746
8.455063455063437
8.48251748251749
8.515151515151501
8.552188552188548
8.588707588707576
8.622377622377638
8.653457653457677
8.682724682724704
8.709401709401693
8.735560735560714
8.76534576534576
8.797461797461764
8.828282828282813
8.85910385910386
8.889147889147939
8.915565915565933
8.947681947681907
8.973581973581968
9.009842009841972
9.041440041440023
9.075628075628057
9.098938098938113
9.123543123543127
9.149184149184192
9.183890183890155
9.21004921004923
9.236726236726232
9.253820253820239
9.281792281792272
9.314944314944292
9.348096348096345
9.378399378399388
9.407407407407453
9.433048433048429
9.456617456617433
9.483553483553454
9.515410515410522
9.545454545454565
9.57264957264958
9.59725459725461
9.6267806267806
9.654752654752675
9.68117068117066
9.710437710437693
9.736078736078724
9.759906759906764
9.77829577829576
9.79513079513078
9.820512820512821
9.84718984718984
9.867650867650882
9.879564879564873
9.906759906759877
9.93473193473192
9.954415954415959
9.97513597513598
9.997409997409987
10.01269101269101
10.031598031598001
10.052318052318055
10.070966070966074
10.08831908831909
10.10774410774409
10.124061124061116
10.147112147112129
10.163429163429159
10.180264180264189
10.198912198912202
10.221963221963218
10.239316239316254
10.257187257187265
10.277389277389277
10.29370629370629
10.313390313390332
10.33255633255633
10.345247345247333
10.356643356643374
10.382025382025379
10.397047397047384
10.416731416731421
10.437451437451465
10.459725459725453
10.477337477337477
10.493395493395516
10.510489510489492
10.527583527583543
10.547526547526566
10.56306656306656
10.569282569282592
10.593369593369582
10.611499611499623
10.629888629888615
10.644133644133651
10.655270655270666
10.67132867132864
10.68842268842267
10.70940170940173
10.724682724682724
10.739445739445745
10.75394975394972
10.773374773374766
10.78969178969177
10.803936803936795
10.818181818181825
10.83631183631183
10.846153846153857
10.860916860916841
10.879305879305894
10.887852887852889
10.910903910903906
10.92333592333592
10.940947940947956
10.953379953379962
10.965811965811945
10.969696969696974
10.986531986531979
10.999222999222996
11.01502201502202
