12167.0
12167.0
12137.246682279469
12104.142076502732
12072.101483216238
12048.487900078064
12023.125683060109
11981.387978142076
11940.249024199844
11913.44730679157
11903.60343481655
11882.744730679156
11864.744730679156
11836.559718969555
11803.417642466822
11778.781420765028
11763.2006245121
11738.507416081187
11698.905542544886
11678.192037470726
11652.060109289618
11620.473067915691
11588.632318501172
11583.8024980484
11548.75175644028
11513.577673692427
11497.803278688525
11496.905542544886
11477.883684621389
11461.618266978923
11446.412958626073
11405.475409836066
11380.669789227166
11348.299765807962
11339.171740827478
11319.701014832162
11302.07962529274
11265.978922716627
11230.47775175644
11219.780640124902
11189.051522248243
11150.43793911007
11115.5925058548
11106.750975800156
11080.341920374707
11069.187353629977
11053.507416081187
11038.04293520687
11019.67837626854
10991.887587822013
10967.19281811085
10954.933645589383
10940.940671350507
10911.001561280249
10905.599531615924
10884.850897736143
10865.725214676035
10855.52068696331
10837.548790007806
10825.706479313038
10827.042154566745
10817.825136612022
10793.422326307573
10784.08743169399
10771.11943793911
10748.903981264637
10745.985948477752
10748.884465261515
10758.264637002341
10748.882903981264
10741.521467603436
10728.15300546448
10704.029664324746
10691.16081186573
10708.227946916471
10704.67369242779
10670.892271662764
10668.11475409836
10675.017174082748
10672.126463700235
10662.56206088993
10641.017174082748
10614.498048399688
10602.014832162373
10602.45042935207
10600.260733801717
10589.639344262296
10583.614363778299
10555.75175644028
10532.654957064793
10510.08430913349
10499.647150663544
10492.949258391882
10487.306791569086
10471.139734582357
10469.971896955503
10456.798594847774
10460.951600312255
10451.533177205309
10429.926619828258
10414.830601092895
10403.900858704137
10386.9968774395
10380.446526151443
10379.305230288837
10353.659640905542
10322.188134270102
10315.389539422325
10304.454332552694
10314.687743950039
10311.126463700235
10303.59406713505
10287.181889149102
10271.005464480875
10284.542544886806
10289.053864168618
10276.907884465261
10267.346604215456
10245.436377829821
10237.173302107729
10227.23887587822
10215.204527712724
10199.790788446526
10188.758782201405
10165.596409055426
10144.91881342701
10124.743950039032
10111.0
10072.548009367682
10051.625292740047
10011.046838407494
9973.255269320844
9924.685402029665
9872.811865729898
9841.387197501952
9788.87587822014
9745.666666666666
9709.333333333334
9684.772833723653
9665.519906323185
9653.500390320063
9619.302107728337
9586.491803278688
9555.75800156128
9538.405152224825
9495.226385636222
9443.896174863388
9413.947697111631
9391.882903981264
9351.814207650274
9302.924277907885
9253.416081186573
9224.36924277908
9174.379391100703
9136.392661982825
9126.351288056207
9085.563622170179
9045.348946135831
9003.619047619048
8967.669008587041
8922.336455893834
8873.168618266978
8818.398907103825
8772.47775175644
8730.544106167057
8721.15925058548
8682.47150663544
8660.085089773615
8635.488680718188
8608.564402810305
8593.202966432475
8560.623731459797
8516.771272443404
8500.545667447306
8476.234972677596
8456.220921155347
8420.924277907885
8387.423887587822
8344.773614363778
8328.822014051522
8299.096799375488
8267.145979703357
8236.327868852459
8214.110070257611
8179.455113192818
8154.56049960968
8123.705698672912
8078.778298204527
8046.296643247463
8001.745511319282
7979.696330991413
7948.926619828259
7909.184231069477
7873.31850117096
7819.9789227166275
7778.790788446526
7758.733801717408
7731.371584699454
7710.277907884465
7685.049180327869
