225.0
225.0
227.3145400593472
229.5786350148368
231.5618199802176
233.82987141444116
235.85657764589516
237.23145400593472
238.91988130563797
240.13649851632047
241.58852621167162
242.63402571711177
243.56676557863503
244.6211671612265
245.99109792284867
247.64094955489614
248.57171117705244
249.17012858555884
250.83382789317508
251.74381800197824
252.69040553907024
253.74777448071217
254.49851632047478
255.33135509396638
256.31454005934717
257.38773491592485
258.215628090999
258.80316518298713
259.54302670623144
259.85459940652817
260.42037586547974
261.17705242334324
261.7260138476756
262.5084075173096
263.3560830860534
263.8209693372898
264.8160237388724
265.72205736894165
266.23639960435213
266.73293768545994
267.1998021760633
268.08704253214637
268.8466864490603
269.53709198813056
270.43620178041544
271.1790306627102
271.9792284866469
272.32542037586546
272.3610286844708
272.49950544015826
273.5410484668645
273.8684470820969
274.38674579624137
274.5192878338279
275.23442136498517
275.4371909000989
275.97626112759644
276.60138476755685
277.01285855588526
277.0524233432245
277.8041543026706
278.17210682492583
278.47279920870426
278.782393669634
278.9149357072206
279.4747774480712
279.8813056379822
280.2205736894164
280.6646884272997
280.728981206726
281.25123639960435
281.5895153313551
281.677546983185
282.2581602373887
282.5776458951533
282.61819980217604
282.9366963402572
283.5568743818002
283.7240356083086
283.90009891196837
283.91097922848667
284.1325420375866
284.3006923837784
284.47279920870426
285.1839762611276
285.42631058358063
285.73293768545994
286.1473788328388
286.4807121661721
286.5242334322453
286.81899109792283
287.08704253214637
287.08209693372896
287.4124629080119
287.85558852621165
288.10979228486644
288.3847675568744
288.91295746785363
288.757665677547
288.7665677546983
288.72106824925817
288.8486646884273
289.0306627101879
289.5885262116716
289.8486646884273
290.1473788328388
290.43620178041544
291.3194856577646
291.215628090999
291.4055390702275
291.6083086053412
292.2225519287834
292.3076162215628
292.74777448071217
293.44213649851633
293.7715133531157
293.81800197823935
293.98120672601385
293.9901088031652
293.93372898120674
294.24431256182
294.0642927794263
294.1177052423343
294.1177052423343
294.4925816023739
294.5459940652819
294.76360039564787
295.0751730959446
294.7260138476756
294.5252225519288
294.6617210682493
294.6597428288823
294.5499505440158
294.4609297725025
294.1117705242334
293.48862512363996
293.5182987141444
293.30563798219583
293.1127596439169
293.2116716122651
292.8486646884273
292.4124629080119
292.01285855588526
291.9772502472799
291.72700296735906
291.08209693372896
290.5717111770524
290.1790306627102
289.6389713155292
289.33630069238376
289.16617210682494
288.93768545994067
288.58555885262115
287.97626112759644
288.0316518298714
287.6092977250247
287.2660731948566
287.1226508407517
287.02967359050444
286.6933728981207
286.30563798219583
286.31454005934717
285.84371909000987
285.324431256182
284.8822947576657
284.4025717111771
284.2334322453017
283.7260138476756
282.93768545994067
282.6666666666667
282.3620178041543
282.4124629080119
281.91097922848667
281.45697329376856
281.2106824925816
281.2591493570722
280.76953511374876
280.0642927794263
279.98120672601385
279.41345202769537
278.6805143422354
278.351137487636
277.8575667655786
277.66271018793276
277.704253214639
277.41345202769537
277.18298714144413
276.57566765578633
276.406528189911
276.17210682492583
275.7883283877349
275.29376854599406
274.58555885262115
274.10880316518296
273.7616221562809
273.0959446092977
272.75568743818
272.4272997032641
271.73887240356083
271.03461918892185
