81.0
81.0
81.38689374305812
81.8489448352462
82.32617549055905
82.89559422436135
83.19955572010366
83.52536097741577
83.90929285449833
84.46316179192891
84.94927804516846
85.36319881525361
85.84228063680118
86.28248796741947
86.77600888559793
87.40688633839319
87.92669381710478
88.55757126990004
89.13772676786375
89.56830803406146
90.20844131803035
90.77378748611625
91.48389485375787
92.23472787856349
92.8830062939652
93.68271010736764
94.3095149944465
94.9333580155498
95.52462051092188
96.14920399851907
96.99148463532025
97.66567937800815
98.33320992225102
98.9788967049241
99.58385783043317
100.35875601629026
100.88633839318771
101.61569788967049
102.32654572380599
103.1340244353943
103.69122547204739
104.55868196964087
105.25768233987412
106.17586079229915
107.04035542391706
107.74935209181784
108.77267678637541
109.63680118474639
110.2469455757127
110.9366901147723
111.75601629026286
112.6864124398371
113.50166604961126
114.3720844131803
115.34320621991854
115.9707515734913
117.0299888930026
117.73602369492781
118.66345797852647
119.54387263976305
120.8034061458719
121.77304701962237
122.68826360607183
123.73232136245835
124.73787486116254
125.86967789707516
127.08071084783414
128.14587189929657
129.23028507960015
130.05294335431321
131.20992225101813
132.21954831543871
133.27841540170309
134.13624583487598
135.11662347278786
136.3680118474639
137.18696778970752
138.03221029248425
139.1306923361718
140.122547204739
141.13624583487598
142.16956682710108
142.8918918918919
143.76305072195484
144.870788596816
145.92002961865975
147.05775638652352
148.54239170677528
149.6612365790448
150.77119585338764
152.02554609403924
153.34468715290632
154.5149944465013
155.90188818955943
157.13698630136986
158.32913735653463
159.25879303961497
160.51536467974825
161.6060718252499
163.01554979637172
164.46390225842282
165.63643095149945
166.94446501295818
168.08256201406886
169.35098111810441
170.51351351351352
171.93854128100705
173.31321732691595
174.37874861162533
175.6005183265457
176.81118104405775
177.93446871529062
179.5449833395039
181.1517956312477
182.5116623472788
183.96334690855238
185.32469455757126
186.52943354313217
187.89633469085524
189.08626434653831
190.55053683820807
191.73047019622362
193.013698630137
194.13291373565346
195.58941132913736
197.02406516105145
198.0788596815994
199.61347649018882
201.2958163643095
202.96149574231765
204.38800444279897
205.69974083672713
207.19955572010366
208.62125138837467
210.02295446131063
211.35801554979636
213.05553498704182
214.79896334690855
216.49055905220288
218.06442058496853
219.64383561643837
221.1414291003332
222.7326915957053
224.17660125879303
225.53831914105888
227.67160310995928
228.97704553868937
230.69677897075158
232.0503517215846
233.7271380970011
234.96149574231765
236.48648648648648
237.7400962606442
239.20992225101813
240.6456867826731
242.4328026656794
244.0055534987042
245.6904850055535
247.29063309885228
248.63828211773418
250.06849315068493
251.5216586449463
253.00777489818586
254.48130322102924
256.07108478341354
257.8807848944835
259.3495001851166
261.0647908182155
262.761940022214
264.340244353943
265.69566827101073
267.4738985560903
268.965938541281
270.31951129211404
271.8800444279896
273.1747500925583
274.4313217326916
276.2573121066272
277.9585338763421
279.1651240281377
280.78933728248796
282.1462421325435
283.6708626434654
284.9096630877453
286.31469825990376
287.9977786005183
289.8052573121066
291.40651610514624
293.00999629766756
294.8552388004443
296.5427619400222
298.1284709366901
299.51647537948907
301.2595335061088
303.2554609403924
305.1406886338393
307.0048130322103
308.877823028508
310.6556830803406
312.18400592373195
