6.0
6.0
5.980169633257674
5.958786285987331
5.93895591924501
5.9202006928682405
5.900131406044674
5.876836698124474
5.853541990204269
5.836100824274286
5.812925576394702
5.790228168677564
5.769800501732171
5.74973121490862
5.729303547963206
5.709353721180255
5.689284434356705
5.668140007167624
5.646278819734793
5.629434954007893
5.609365667184315
5.587982319913992
5.568271413212271
5.5465296858201105
5.529327439971318
5.5057938119699115
5.488472106080509
5.468522279297565
5.450364353123876
5.432923187193879
5.414884721060794
5.392904073587382
5.378927248835267
5.361366622864654
5.345239517381436
5.324453470314196
5.30593716401864
5.287898697885549
5.269979691793097
5.2528969059849535
5.237128180623567
5.220164854856048
5.205710189941478
5.189583084458257
5.173575439015648
5.156492653207519
5.141679608171063
5.119937880778882
5.104646995579969
5.084577708756425
5.069286823557507
5.04921753673397
5.032015290885195
5.0144546649146005
5.00430056146219
4.998685939553228
4.994026997969181
4.992593477481763
4.9913988770756115
4.990562656791303
4.991637797156839
4.991518337116239
4.996177278700286
4.999522159837544
5.002389200812318
5.003344881137278
5.008003822721311
5.008003822721301
5.00872058296499
5.01110978377733
5.011587623939788
5.011348703858565
5.011826544021026
5.014574124955215
5.018396846254937
5.021024967148471
5.023055787838953
5.026878509138708
5.030342850316582
5.03488233185998
5.038227212997273
5.0403774937283385
5.0444391351093065
5.0470672560028715
5.048261856409014
5.0547126986023185
5.058177039780194
5.063433281567309
5.068808983395064
5.075140365547717
5.0800382272129765
5.081949587862869
5.0886393501373695
5.096045872655577
5.099151833711631
5.105124835742441
5.111097837773252
5.120415720941359
5.126627643053399
5.134273085652854
5.13929040735873
5.147294230080028
5.151236411420391
5.156373193166885
5.166288376538055
5.170469477959615
5.175247879584278
5.178234380599693
5.186954963564691
5.189941464580117
5.196272846732779
5.201409628479272
5.206546410225771
5.212280492175363
5.219328634571733
5.2273324572930235
5.232588699080161
5.23808386094851
5.24477362322305
5.250627165213244
5.258033687731459
5.262573169274881
5.269262931549399
5.273085652849132
5.27714729423008
5.282403536017206
5.286704097479401
5.292916019591457
5.296499820809956
5.2978138812567055
5.296499820809935
5.295305220403762
5.293871699916379
5.293871699916375
5.291363039063437
5.28945167841357
5.287659777804321
5.282642456098432
5.278222434595627
5.273802413092804
5.271413212280493
5.267112650818304
5.261975869071794
5.254927726675413
5.250388245131996
5.242384422410719
5.237128180623564
5.23211085891768
5.227212997252426
5.221837295424686
5.217058893800022
5.211085891769207
5.204396129494679
5.196989606976461
5.18946362441762
5.182415482021269
5.173455978975033
5.165093776131878
5.161509974913373
5.154939672679494
5.149802890932993
5.142993668617829
5.13319794528732
5.127105483215866
5.118026520129017
5.106916736351693
5.100107514036548
5.095806952574367
5.090072870624773
5.080516067375444
5.0732290048978745
5.067017082785821
5.061760840998696
5.0528013379524515
5.043363994743758
5.032254210966425
5.02592282881375
5.019710906701696
5.008481662883757
5.00203082069047
4.9930713176442545
4.984709114801091
4.972763110739465
4.962967387408901
4.953649504240825
4.946123521682004
4.941942420260433
4.930832636483098
4.921634213355643
4.909329829172126
4.899175725719724
4.888902162226742
4.877672918408786
4.869549635646889
4.86070959264127
4.851511169513788
4.843507346792492
4.832994863218234
4.824274280253253
4.815075857125793
