3375.0
3375.0
3375.299003322259
3369.009966777409
3364.817275747508
3362.720930232558
3358.528239202658
3358.528239202658
3350.421926910299
3344.1328903654485
3338.12292358804
3336.0265780730897
3333.9302325581393
3333.9302325581393
3327.920265780731
3325.8239202657805
3321.6312292358803
3319.5348837209303
3313.2458471760797
3309.0531561461794
3306.956810631229
3306.956810631229
3302.7641196013287
3298.5714285714284
3294.378737541528
3288.089700996678
3286.531561461794
3278.1461794019933
3271.8571428571427
3271.8571428571427
3267.943521594684
3265.8471760797343
3260.1162790697676
3252.2890365448507
3242.624584717608
3240.528239202658
3238.4318936877075
3234.2392026578073
3228.229235880399
3228.528239202658
3230.923588039867
3220.4418604651164
3218.345514950166
3205.767441860465
3201.574750830565
3197.3820598006646
3191.3720930232557
3189.275747508306
3187.1794019933554
3175.159468438538
3173.0631229235883
3171.7441860465115
3157.906976744186
3153.4152823920267
3147.405315614618
3141.1162790697676
3141.1162790697676
3139.0199335548173
3137.202657807309
3135.106312292359
3133.009966777409
3133.009966777409
3135.106312292359
3135.106312292359
3135.106312292359
3133.7873754152824
3134.0863787375415
3128.6146179401994
3128.6146179401994
3128.6146179401994
3128.6146179401994
3126.797342192691
3126.797342192691
3126.797342192691
3124.401993355482
3122.3056478405315
3124.700996677741
3122.6046511627906
3120.7873754152824
3123.182724252492
3119.528239202658
3117.7109634551493
3115.6146179401994
3115.6146179401994
3113.518272425249
3111.421926910299
3111.421926910299
3109.863787375415
3109.863787375415
3109.863787375415
3108.046511627907
3108.046511627907
3103.8538205980067
3101.7574750830563
3099.6611295681064
3095.747508305648
3091.8338870431894
3091.8338870431894
3092.1328903654485
3092.1328903654485
3092.1328903654485
3092.4119601328903
3090.3156146179404
3086.401993355482
3084.5847176079733
3082.4883720930234
3082.4883720930234
3076.737541528239
3075.1794019933554
3073.0830564784055
3065.2558139534885
3064.9767441860463
3064.9767441860463
3064.9767441860463
3064.9767441860463
3064.9767441860463
3063.159468438538
3063.159468438538
3058.966777408638
3058.966777408638
3058.966777408638
3056.8704318936875
3055.0531561461794
3053.2358803986713
3053.2358803986713
3051.139534883721
3049.34219269103
3049.34219269103
3047.2458471760797
3043.0531561461794
3038.860465116279
3031.033222591362
3028.9368770764117
3025.0232558139537
3015.358803986711
3007.252491694352
3000.2225913621264
2996.308970099668
2990.299003322259
2982.1926910299003
2976.4617940199337
2964.940199335548
2956.8338870431894
2947.6478405315615
2942.1960132890367
2927.079734219269
2924.9833887043187
2921.0697674418607
2917.6943521594685
2909.8671096345515
2902.0398671096345
2899.943521594684
2899.943521594684
2893.9335548172758
2888.182724252492
2882.451827242525
2876.9800664451827
2871.5083056478406
2864.7574750830563
2859.285714285714
2851.9966777408636
2838.9368770764117
2834.2425249169437
2826.4152823920267
2824.598006644518
2821.5215946843855
2810.5382059800663
2805.0664451827242
2796.21926910299
2786.8538205980067
2780.843853820598
2773.0166112956813
2765.747508305648
2754.405315614618
2746.578073089701
2744.518272425249
2743.0
2735.5116279069766
2730.578073089701
2720.5548172757476
2714.0033222591364
2707.5116279069766
2699.182724252492
2695.2691029900334
2690.3355481727576
2681.448504983389
2674.4186046511627
2666.5913621262457
2654.2691029900334
2640.468438538206
2632.3621262458473
2622.9767441860463
2615.966777408638
2611.2724252491694
2606.059800664452
2602.1461794019933
2595.0963455149504
2596.252491694352
2592.299003322259
2590.202657807309
