4.0
4.0
4.093469514082317
4.195295574125637
4.2825750541628045
4.373259052924801
4.465181058495818
4.5484370164035735
4.636645001547529
4.718043949241729
4.794800371402018
4.8799133395233705
4.963788300835648
5.050139275766014
5.117301145156291
5.198081089445983
5.276385020117607
5.356855462705052
5.43082636954503
5.5119158155369865
5.599195295574128
5.669452181987012
5.738780563293089
5.802537913958519
5.8811513463324
5.958836273599509
6.03033116682142
6.099659548127519
6.171463943051681
6.240482822655524
6.308882698854848
6.399257195914572
6.4562055091303
6.5242958836273575
6.597957288765093
6.677189724543481
6.760136180748994
6.838130609718349
6.909935004642524
6.97369235530796
7.043330238316315
7.103683070256884
7.166821417517799
7.22965026307645
7.291550603528321
7.360259981429896
7.42216032188177
7.487774682760757
7.553698545342
7.617146394305167
7.691117301145156
7.760445682451254
7.815227483751161
7.8811513463324046
7.952336737852058
8.015165583410703
8.064066852367702
8.123181677499199
8.18291550603528
8.241411327762293
8.292479108635089
8.348808418446287
8.410708758898188
8.471371092541013
8.533890436397403
8.593005261528967
8.649025069637899
8.706282884555867
8.75766016713092
8.820179510987314
8.875270813989502
8.945218198700124
9.007118539151941
9.072732900030946
9.133085731971532
9.198081089446017
9.259052924791106
9.326524295883646
9.397400185701022
9.465181058495839
9.526462395543165
9.594552770040247
9.656143608789868
9.730114515629818
9.805632930981137
9.866914268028468
9.939028164654886
9.99257195914577
10.066852367688002
10.149179820489021
10.222531723924478
10.298359640978033
10.370164035902198
10.433921386567613
10.515629835964079
10.573197152584326
10.642835035592709
10.714948932219132
10.787062828845531
10.855462705044896
10.929433611884857
10.994119467657073
11.068090374497038
11.135252243887328
11.214175177963465
11.287836583101203
11.355307954193748
11.434540389972149
11.516558341070875
11.592695759826695
11.663262147941817
11.733209532652426
11.799133395233675
11.877437325905301
11.950789229340778
12.026307644692052
12.10801609408851
12.186629526462381
12.266171463943042
12.341380377592074
12.422469823584034
12.491179201485613
12.563602599814299
12.647477561126593
12.733828536056942
12.812441968430813
12.885793871866296
12.953884246363366
13.032497678737226
13.0891364902507
13.172701949860734
13.234292788610338
13.297121634168988
13.349736923553085
13.401114206128147
13.470752089136486
13.536675951717735
13.591148251315387
13.66450015475085
13.723305478180128
13.776539770968743
13.84896316929743
13.911792014856072
13.983596409780255
14.053234292788602
14.119158155369863
14.176415970287843
14.238935314144223
14.303621169916426
14.365521510368303
14.428350355926955
14.483441658929124
14.538532961931299
14.588981739399571
14.646239554317548
14.697926338594865
14.748375116063135
14.802537913958531
14.871866295264619
14.91767254719901
14.975858867223769
15.041473228102753
15.097183534509444
15.138656762612195
15.18415351284432
15.230888269885485
15.277313525224388
15.33549984524915
15.377592076756422
15.422469823584029
15.473537604456823
15.52429588362736
15.566697616836892
15.620550913030021
15.678118229650263
15.725162488393686
15.78582482203652
15.831940575673165
15.882389353141443
15.939647168059421
15.989167440421001
16.028783658310157
16.070566388115097
16.114206128133755
16.18198700092854
16.22284122562668
16.2689569792634
16.317239244815827
16.37016403590222
16.415351284432106
16.446920458062532
16.478799133395334
16.526152893840873
16.567626121943636
16.611265861962192
16.65645311049209
16.690188796038335
16.723924481584707
16.769730733519022
16.809037449706015
