169.0
169.0
168.3537
167.8634
167.1716
166.4135
165.5805
164.8678
164.0049
163.0399
162.2054
161.1924
160.1473
159.0379
157.9821
156.9335
155.9173
154.9185
153.9406
153.0158
152.0688
151.0827
149.8261
148.8201
147.7057
146.5684
145.3766
144.2443
143.2159
142.176
141.1496
140.0888
138.9869
137.7975
136.8128
135.6872
134.6652
133.6199
132.4885
131.4838
130.3745
129.2639
128.2757
127.1428
126.1764
125.1224
124.1462
123.145
121.9729
120.9233
119.8589
118.7865
117.6962
116.6049
115.8721
115.1544
114.5865
114.15
113.6257
113.0582
112.4279
111.8417
111.2613
110.5815
109.9831
109.3784
108.7124
108.0605
107.4071
106.7013
106.0261
105.3831
104.6803
103.9873
103.3189
102.7324
102.1705
101.4606
100.8154
100.1126
99.453
98.844
98.0541
97.3548
96.6522
95.9914
95.302
94.6017
93.8927
93.2364
92.5662
91.8426
91.0638
90.3854
89.7292
88.9354
88.2113
87.4828
86.7983
86.0999
85.4069
84.7604
84.0727
83.4258
82.765
82.0723
81.3335
80.6718
80.0161
79.3673
78.7101
78.0302
77.3664
76.6222
75.9686
75.3664
74.683
73.9716
73.3258
72.7153
72.0755
71.4358
70.8047
70.241
69.6101
69.0052
68.3835
67.7465
67.2982
66.9169
66.5927
66.2344
65.8204
65.4114
65.0292
64.7121
64.3618
64.0441
63.7516
63.3924
63.0925
62.7716
62.4421
62.1551
61.8594
61.5395
61.227
60.9086
60.6114
60.3175
60.0405
59.6907
59.4127
59.0941
58.8226
58.5743
58.3297
58.0522
57.7028
57.4462
57.1695
56.9253
56.5828
56.3204
56.06
55.7598
55.4703
55.219
54.9407
54.6634
54.3755
54.1232
53.8637
53.6082
53.3938
53.1628
52.9251
52.7199
52.4713
52.2492
51.9818
51.7816
51.4857
51.2045
50.9297
50.6802
50.5111
50.2787
50.0928
49.879
49.6506
49.3985
49.1616
48.9273
48.7385
48.5561
48.3463
48.1148
47.881
47.663
