7.0
7.0
6.899599999999978
6.7993999999999915
6.6938
6.596200000000016
6.494799999999987
6.396200000000013
6.293900000000014
6.193299999999995
6.095900000000001
5.998699999999982
5.900800000000008
5.802700000000007
5.704400000000013
5.606599999999992
5.508000000000019
5.410900000000001
5.315400000000002
5.215800000000011
5.1238000000000135
5.024999999999997
4.922000000000008
4.819899999999999
4.724200000000002
4.626400000000018
4.526100000000004
4.431499999999977
4.336400000000012
4.2410000000000165
4.153899999999962
4.06089999999999
3.969700000000007
3.8779
3.7918999999999987
3.7017
3.6156999999999986
3.5266
3.4331
3.3459000000000017
3.263000000000003
3.1769000000000034
3.0949999999999984
3.0102999999999955
2.933699999999996
2.862000000000003
2.7817000000000074
2.7078999999999938
2.6362999999999963
2.5613000000000037
2.4848999999999952
2.4179999999999984
2.3498999999999977
2.2891999999999904
2.2505999999999946
2.226100000000009
2.2138000000000053
2.204800000000007
2.1954000000000033
2.1871999999999967
2.179599999999997
2.1766000000000045
2.1712000000000016
2.163999999999988
2.1579000000000033
2.150999999999988
2.1470000000000007
2.141499999999996
2.133600000000005
2.1279999999999926
2.124600000000001
2.122600000000008
2.1135000000000095
2.1066999999999814
2.101100000000005
2.095399999999996
2.084400000000009
2.0786000000000033
2.074500000000009
2.069299999999997
2.058600000000008
2.0488000000000133
2.0422000000000056
2.0351999999999966
2.0307999999999997
2.0252999999999934
2.0223000000000027
2.0138000000000087
2.008999999999997
2.000999999999998
1.9946999999999997
1.9873999999999956
1.982700000000009
1.9732999999999894
1.9624000000000072
1.9594000000000018
1.952299999999998
1.9434000000000005
1.9375
1.932600000000001
1.9259000000000008
1.9167000000000012
1.9065
1.8995
1.8934
1.8850999999999993
1.8761
1.8662999999999992
1.8629
1.8558000000000008
1.8484000000000007
1.8428000000000015
1.8385000000000022
1.8271999999999993
1.8174000000000008
1.813
1.8029000000000008
1.7963000000000011
1.7893000000000037
1.7839000000000007
1.7766999999999988
1.7683999999999986
1.7624000000000037
1.7568999999999986
1.7510000000000003
1.7453999999999992
1.7359999999999993
1.7252999999999992
1.7093000000000018
1.6900999999999993
1.671399999999997
1.6512
1.6288999999999993
1.6104999999999985
1.5921999999999965
1.573400000000004
1.5528000000000015
1.536399999999999
1.5196000000000038
1.499700000000002
1.4744999999999964
1.4588000000000003
1.436499999999999
1.419799999999995
1.4048999999999978
1.3886000000000027
1.3683999999999974
1.3491000000000017
1.3308000000000009
1.3140000000000043
1.2970000000000015
1.2800999999999965
1.2640000000000027
1.2471999999999979
1.2309999999999977
1.2135999999999991
1.2035000000000065
1.1877000000000013
1.1686000000000045
1.1552999999999993
1.1411000000000004
1.1279000000000048
1.1127999999999987
1.0992999999999944
1.0877000000000017
1.0764000000000002
1.064099999999997
1.0534000000000077
1.0402999999999991
1.0271999999999983
1.019100000000001
1.0098999999999987
0.9975000000000002
0.9841000000000008
0.9716000000000011
0.9626999999999998
0.9537000000000002
0.9406999999999993
0.9321999999999993
0.9176000000000002
0.9061000000000001
0.8960000000000004
0.889700000000001
0.8787000000000009
0.8678
0.8576000000000007
0.8490999999999989
0.8400000000000019
0.8307999999999993
0.8231999999999996
0.8146999999999985
0.8069000000000028
0.7967999999999997
0.7877999999999995
0.7819999999999991
0.7720000000000004
0.7648000000000006
0.7605000000000015
0.7567999999999989
0.7465000000000026
