16.0
16.0
15.5643
15.1462
14.7065
14.3279
13.9083
13.5456
13.1943
12.8602
12.51
12.1431
11.818
11.5228
11.2059
10.8788
10.5822
10.2613
9.9797
9.6932
9.3815
9.1166
8.8308
8.5779
8.3337
8.0882
7.8441
7.6089
7.3867
7.1448
6.9334
6.7316
6.5233
6.3404
6.1636
6.0168
5.8251
5.6664
5.5125
5.3422
5.1889
5.0411
4.9021
4.7729
4.6126
4.4942
4.3752
4.2278
4.1139
3.9894
3.8782
3.7851
3.685
3.5977
3.5433
3.4951
3.463
3.4475
3.4541
3.4395
3.4351
3.4393
3.4276
3.4164
3.4195
3.4157
3.4274
3.4459
3.4384
3.455
3.4721
3.4819
3.4965
3.4981
3.5095
3.5268
3.5345
3.55
3.5641
3.5628
3.5771
3.5782
3.5813
3.587
3.5915
3.6051
3.6201
3.6277
3.6498
3.649
3.6524
3.6742
3.688
3.7028
3.7249
3.7486
3.7579
3.7608
3.7792
3.7939
3.8183
3.8463
3.8637
3.885
3.9177
3.9445
3.963
3.9799
3.9988
4.0216
4.0302
4.047
4.0684
4.0815
4.1034
4.1187
4.1395
4.1584
4.1793
4.2017
4.2172
4.2303
4.2624
4.2923
4.3195
4.3481
4.369
4.4005
4.4139
4.3918
4.369
4.3677
4.3276
4.2964
4.265
4.224
4.1968
4.1529
4.1109
4.0869
4.0733
4.0542
4.0233
3.9728
3.9535
3.9362
3.9102
3.8903
3.8697
3.851
3.8203
3.8226
3.7927
3.7667
3.7492
3.7341
3.7354
3.7103
3.7012
3.6932
3.6875
3.6631
3.6343
3.6291
3.599
3.5782
3.5766
3.559
3.5373
3.5277
3.4989
3.4913
3.4755
3.4628
3.4579
3.4567
3.4309
3.4145
3.3874
3.3751
3.3426
3.319
3.3037
3.2697
3.2519
3.2385
3.2214
3.199
3.1778
3.1453
3.1256
3.093
3.0889
3.086
3.0748
3.0495
3.0295
3.0098
2.9936
2.9776
