12167.0
12167.0
12145.236220472441
12134.0
12111.181102362205
12142.34908136483
12148.146981627297
12142.72440944882
12173.530183727034
12150.679790026246
12184.383202099738
12176.75590551181
12203.92125984252
12211.167979002625
12220.228346456694
12231.083989501312
12283.666666666666
12302.889763779527
12325.769028871391
12341.052493438321
12334.181102362205
12331.643044619423
12329.498687664041
12344.419947506562
12357.606299212599
12369.580052493438
12358.359580052493
12368.805774278215
12388.028871391076
12364.060367454069
12340.53280839895
12359.517060367454
12363.472440944883
12394.293963254593
12383.278215223098
12403.20997375328
12418.461942257218
12415.293963254593
12456.703412073492
12467.259842519685
12452.304461942258
12505.041994750656
12521.79002624672
12540.034120734908
12534.280839895013
12561.41469816273
12542.944881889764
12562.435695538057
12586.842519685038
12595.254593175852
12608.74278215223
12612.745406824148
12632.314960629921
12688.377952755905
12695.404199475066
12689.477690288713
12714.028871391076
12743.981627296587
12767.648293963255
12802.992125984252
12813.343832020997
12842.11811023622
12842.20997375328
12851.0
12870.333333333334
12890.832020997375
12915.79002624672
12909.784776902887
12906.522309711287
12958.028871391076
12963.61942257218
12986.167979002625
13000.28346456693
12989.456692913385
12997.049868766404
12996.71653543307
13027.677165354331
13042.832020997375
13090.606299212599
13088.162729658792
13087.782152230971
13088.459317585302
13104.46719160105
13132.63779527559
13158.48031496063
13140.860892388451
13166.02624671916
13189.0
13235.38845144357
13285.511811023622
13272.055118110236
13259.732283464567
13273.251968503937
13312.251968503937
13315.496062992126
13309.002624671915
13341.036745406824
13346.173228346457
13350.758530183726
13371.587926509186
13390.33595800525
13390.616797900262
13413.338582677165
13395.09186351706
13421.391076115486
13443.102362204725
13448.979002624672
13460.007874015748
13443.131233595801
13449.451443569555
13476.758530183726
13483.36220472441
13489.267716535433
13519.223097112861
13540.687664041994
13547.17847769029
13570.653543307086
13581.666666666666
13636.278215223098
13637.758530183726
13629.88188976378
13621.892388451444
13619.086614173228
13618.07874015748
13618.787401574804
13616.958005249344
13643.57217847769
13645.981627296587
13645.351706036745
13676.863517060367
13697.409448818898
13685.700787401574
13682.123359580053
13670.713910761155
13680.02624671916
13700.900262467192
13701.62467191601
13691.965879265092
13699.732283464567
13678.396325459318
13668.312335958006
13694.517060367454
13725.27559055118
13744.451443569555
13719.761154855643
13691.965879265092
13695.367454068242
13685.110236220473
13687.538057742782
13704.20997375328
13714.199475065618
13733.167979002625
13739.44094488189
13765.160104986877
13773.871391076116
13768.782152230971
13758.950131233596
13770.451443569555
13771.818897637795
13750.262467191602
13730.031496062993
13703.433070866142
13700.217847769029
13707.92125984252
13714.081364829397
13694.732283464567
13739.498687664041
13744.320209973754
13747.944881889764
13757.099737532808
13746.763779527559
13745.028871391076
13770.238845144357
13786.123359580053
13760.92650918635
13779.535433070867
13794.51968503937
13794.564304461943
13775.858267716536
13786.052493438321
13792.685039370079
13792.965879265092
13766.805774278215
13750.685039370079
13732.706036745407
13759.776902887139
13741.46719160105
13732.057742782152
13722.015748031496
13744.419947506562
13780.125984251968
13758.614173228347
13780.561679790026
13795.971128608924
13792.782152230971
13786.62467191601
13801.658792650918
13815.020997375328
13826.333333333334
13829.10498687664
