216.0
216.0
218.6974876974877
222.46024346024345
226.4045584045584
229.983423983424
232.88888888888889
236.81662781662783
241.13960113960113
245.52810152810153
249.4136234136234
253.7974617974618
258.1222481222481
263.1320901320901
267.18311318311316
271.4889924889925
276.63221963221963
281.1916601916602
284.7951307951308
289.007252007252
292.92255892255895
297.82828282828285
302.6089096089096
307.15410515410514
313.17378917378915
317.6032116032116
323.2652162652163
327.91142191142194
333.13468013468014
338.80367780367783
343.4058534058534
348.44211344211345
354.2540792540793
359.2693602693603
365.5832685832686
372.6311836311836
378.3172753172753
384.6029526029526
389.6078736078736
396.5091945091945
404.63092463092465
411.964775964776
417.55089355089353
425.2240352240352
432.2737632737633
439.4208754208754
447.04221704221703
453.6835016835017
462.2823102823103
470.3312613312613
476.7083657083657
483.6210826210826
491.36700336700335
498.53146853146853
505.72727272727275
513.3079513079513
519.1781921781921
527.7371147371148
535.2501942501942
542.3190883190883
550.9717689717689
559.6798756798756
569.014763014763
577.6778036778037
586.6104636104636
596.4260554260554
604.3175343175343
613.964257964258
621.6964516964517
630.4672364672365
637.3240093240094
646.1165501165501
654.3517223517224
662.8995078995079
672.3970473970473
681.2059052059052
689.7516187516187
696.3698523698524
703.2880082880083
710.969696969697
718.101269101269
727.4356384356385
734.7829577829577
742.4918414918415
751.3931623931624
761.1349391349391
771.2880082880083
779.7878787878788
788.979797979798
798.0549080549081
805.1631701631702
812.960890960891
821.0979020979021
830.5628075628075
839.7637917637918
848.8249158249158
858.031339031339
865.9023569023569
875.2926702926703
883.3403263403263
894.5467495467495
903.7500647500648
913.7624967624968
922.5161875161875
929.9176379176379
937.8888888888889
948.6384356384357
956.5293965293965
966.0510230510231
971.6236726236726
980.6881636881637
990.968401968402
1001.5563325563326
1011.4980574980575
1020.6956746956747
1029.907018907019
1037.4426314426314
1047.0950530950531
1058.1478891478891
1068.6363636363637
1077.1872571872573
1085.3610463610464
1096.2825692825693
1106.1908831908831
1115.880082880083
1126.01813001813
1136.7663817663818
1145.5703185703185
1154.02072002072
1159.941206941207
1170.0800310800312
1180.5449365449365
1188.6415436415436
1194.2556332556333
1206.2097902097903
1218.7350427350427
1227.3872053872053
1236.949494949495
1245.8016058016058
1253.6894586894587
1260.5692825692827
1269.2830872830873
1277.6187516187517
1284.2592592592594
1293.84977984978
1301.2538202538203
1310.3460243460243
1317.7143227143226
1325.5275835275836
1334.952602952603
1345.019166019166
1352.8842268842268
1361.8873348873349
1371.5951825951827
1378.8764568764568
1387.88603988604
1396.5656565656566
1402.4695674695674
1408.7466977466977
1419.1885521885522
1426.3799533799533
1436.3747733747734
1444.958041958042
1456.7270137270136
1464.6793576793577
1471.5205905205905
1478.5944055944055
1486.075369075369
1494.1994301994303
1502.166796166796
1508.124838124838
1519.3159803159804
1527.3201243201243
1536.8054908054908
1543.4087024087023
1551.5053095053095
1560.879564879565
1569.850815850816
1579.2486402486402
1586.2880082880083
1593.4169904169905
1601.1020461020462
1609.3157213157212
1616.858067858068
1624.993524993525
1632.108003108003
1642.057757057757
1648.7047397047397
1656.941724941725
1666.7332297332298
1672.6609686609686
1682.6498316498316
1690.000259000259
1699.8080808080808
1706.8648018648018
1713.845376845377
1716.5470085470085
1725.2444962444963
1732.158508158508
1742.8207718207718
