9.0
9.0
9.015179563124754
9.035172158459845
9.056275453535736
9.082191780821933
9.092928544983327
9.10477600888562
9.119955572010378
9.144390966308796
9.165494261384685
9.181784524250258
9.203258052573124
9.221399481673453
9.242502776749348
9.272861902998875
9.29433543132172
9.323213624583495
9.348759718622736
9.366160681229186
9.395409107737857
9.420955201777113
9.45279526101445
9.487597186227319
9.51684561273603
9.550907071455034
9.577934098482043
9.604961125509067
9.630507219548337
9.658274713069199
9.697889670492424
9.72639763050722
9.754905590522021
9.784524250277686
9.811181044057754
9.8448722695298
9.866716031099607
9.899296556830786
9.932617549055896
9.967789707515722
9.991854868567197
10.028507960014782
10.058126619770471
10.098852276934458
10.135505368382095
10.166975194372466
10.212143650499812
10.24990744168826
10.275083302480539
10.302110329507586
10.33876342095519
10.376897445390583
10.410958904109597
10.448352462051092
10.488707885968143
10.513513513513525
10.557571269900038
10.58681969640873
10.62569418733802
10.664198445020354
10.718252499074437
10.757126990003707
10.794890781192146
10.83635690485004
10.87930396149573
10.924842650870016
10.974824139207689
11.020362828582009
11.062939651980733
11.097001110699726
11.141799333580156
11.183635690484998
11.227323213624585
11.262495372084423
11.303221029248428
11.352832284339168
11.38245094409478
11.414661236579054
11.45871899296557
11.49537208441316
11.538319141058865
11.578674564975922
11.605701592002964
11.63865235098111
11.680858941132907
11.722325064790814
11.766382821177357
11.826360607182542
11.86930766382822
11.908552388004422
11.958904109589058
12.008145131432805
12.05220288781935
12.104035542391681
12.147723065531284
12.189929655683096
12.227323213624588
12.273972602739745
12.313957793409854
12.363939281747506
12.41873380229543
12.460570159200275
12.509070714550145
12.550536838208071
12.594964827841542
12.635690485005572
12.687152906330983
12.737134394668653
12.774898185857095
12.81932617549056
12.86375416512403
12.905220288781921
12.962236208811532
13.020733061828958
13.070714550166615
13.122917437985937
13.172158459829697
13.212143650499812
13.260273972602713
13.300999629766748
13.353942984079971
13.392817475009256
13.435764531654943
13.474639022584217
13.522769344687159
13.569788967049242
13.604961125509082
13.659385412810078
13.719363198815254
13.77526841910403
13.82450944094779
13.867086264346543
13.918548685671976
13.967419474268794
14.013328396890046
14.057756386523515
14.116623472787856
14.175490559052198
14.23139577934098
14.282858200666418
14.335431321732687
14.386153276564233
14.438726397630507
14.482413920770082
14.524620510921881
14.593483894853755
14.634950018511669
14.691595705294342
14.734542761940025
14.790447982228804
14.828952239911144
14.87745279526102
14.915957052943355
14.963346908552383
15.007774898185854
15.062199185486858
15.11255090707145
15.165494261384673
15.21584598296927
15.258793039614957
15.302850796001481
15.346908552388005
15.392077008515365
15.438726397630507
15.48611625323954
15.540170307293595
15.587189929655683
15.63939281747501
15.690485005553498
15.736764161421696
15.778600518326545
15.831543872639763
15.875231395779338
15.91373565346168
15.960014809329897
15.996667900777496
16.035912624953728
16.08848574601994
16.137726767863743
16.172898926323608
16.21843761569788
16.25657164013329
16.301740096260644
16.33802295446133
16.380599777860084
16.427249166975205
16.479081821547602
16.523880044427955
16.569418733802255
16.624953720844136
16.67308404294708
16.71936319881521
16.761940022214
16.810070344316923
16.864494631617983
16.915586819696404
16.969270640503513
17.019992595335086
17.067382450944077
17.111069974083687
