289.0
289.0
291.44244105409155
294.5991678224688
297.4410540915395
299.3855755894591
302.3148404993065
304.5242718446602
307.2995839112344
309.8127600554785
313.377253814147
316.43966712898754
319.63106796116506
322.36615811373093
324.7212205270458
327.28016643550626
330.1040221914008
332.99306518723995
335.0166435506241
339.4355062413315
342.5880721220527
345.8682385575589
348.96948682385573
352.9472954230236
355.89736477115116
358.6754507628294
362.63384188626907
365.43134535367545
368.00138696255203
371.2995839112344
374.0166435506241
376.48127600554784
380.2122052704577
383.5228848821082
385.90846047156725
388.8959778085992
392.5839112343967
395.20388349514565
397.03467406380025
399.4660194174757
402.60748959778084
405.3287101248266
407.99583911234396
410.8543689320388
414.1456310679612
417.10263522884884
420.25936199722605
424.3231622746186
427.6435506241331
431.12760055478503
434.4757281553398
438.14147018030513
441.7836338418863
444.4687933425798
447.31622746185855
450.53536754507627
452.6879334257975
455.5700416088766
457.2787794729542
459.9278779472954
461.5742024965326
464.9805825242718
467.05547850208046
468.8349514563107
470.8224687933426
473.56033287101246
475.52704576976424
477.96532593619975
480.40638002773926
482.126213592233
485.0485436893204
487.3619972260749
489.7877947295423
491.8266296809986
494.98474341192787
496.7836338418863
498.2219140083218
500.377253814147
503.0138696255201
504.7753120665742
506.91955617198334
508.9098474341193
510.9237170596394
512.9292649098475
514.8529819694868
516.9791955617198
519.24133148405
522.1803051317614
523.869625520111
525.5284327323162
528.2871012482663
530.7697642163662
532.8044382801664
535.2968099861304
537.0416088765603
539.9916782246879
541.7933425797504
544.24133148405
547.2246879334258
549.3841886269071
551.4313453536754
553.6671289875173
555.0762829403606
556.3925104022192
558.6504854368932
560.2246879334258
561.8557558945909
563.8238557558946
565.0499306518724
567.1026352288488
569.2302357836338
571.0846047156726
573.5325936199723
575.8321775312066
577.8307905686546
580.7267683772538
582.876560332871
584.6796116504854
586.7558945908461
590.1539528432733
591.8363384188627
593.740638002774
595.9570041608877
598.4091539528433
600.3273231622746
603.1608876560333
604.9708737864078
607.3190013869626
610.381414701803
613.6657420249653
616.2718446601941
618.0568654646324
621.3217753120666
623.742024965326
625.6504854368932
627.9264909847434
629.9500693481276
633.4202496532594
635.624133148405
638.5367545076283
640.8307905686546
642.9486823855756
645.8515950069348
648.880721220527
651.3938973647712
654.2205270457698
655.8169209431345
659.0097087378641
660.499306518724
663.4327323162274
666.3841886269071
668.4895977808599
670.4743411927878
673.123439667129
674.9098474341192
677.0166435506242
679.5298196948683
681.9847434119279
683.3134535367545
685.0929264909847
688.4147018030513
690.4008321775312
692.7877947295423
695.5991678224688
698.2205270457698
701.1400832177532
704.4452149791956
707.0221914008322
708.2357836338418
710.6823855755895
713.1997226074895
715.75866851595
718.2676837725381
720.3578363384189
721.9778085991678
724.6588072122053
727.24133148405
729.4632454923717
731.6546463245493
734.3509015256589
736.2191400832178
738.9264909847434
741.4895977808599
743.6601941747573
745.0859916782247
747.2857142857143
749.6948682385575
752.4507628294036
755.0693481276005
756.8585298196949
759.1983356449376
761.2565880721221
765.1719833564493
767.5617198335644
768.9029126213592
771.8391123439667
774.5423023578363
776.6934812760055
779.6366158113731
781.493758668516
