25.0
25.0
25.2017
25.3925
25.5752
25.7906
25.9946
26.2369
26.4573
26.6473
26.8376
27.047
27.3012
27.5093
27.7235
27.9303
28.155
28.3371
28.5509
28.7518
28.9616
29.1285
29.3273
29.54
29.7653
29.9442
30.1476
30.3275
30.4953
30.7046
30.9243
31.1353
31.3282
31.562
31.7866
32.0141
32.1997
32.4461
32.6459
32.8629
33.0579
33.3019
33.5045
33.6832
33.8873
34.1017
34.3249
34.5091
34.6686
34.865
35.0534
35.2472
35.4615
35.673
35.7078
35.7671
35.895
36.0013
36.0297
36.0849
36.2055
36.2704
36.3401
36.3943
36.4221
36.4799
36.581
36.6926
36.7446
36.8804
36.9537
37.1034
37.1549
37.2787
37.3771
37.4447
37.5803
37.6546
37.8031
37.8346
37.9508
38.0164
38.1025
38.2202
38.3149
38.3743
38.5167
38.6352
38.7464
38.8473
38.9576
39.0645
39.185
39.2364
39.3252
39.4512
39.6158
39.7085
39.739
39.91
40.02
40.0979
40.2546
40.3288
40.4435
40.5186
40.6141
40.6999
40.7987
40.954
41.0553
41.1871
41.2569
41.3291
41.4198
41.5556
41.6528
41.7056
41.7593
41.8813
41.9762
42.088
42.176
42.227
42.2907
42.4451
42.5566
42.6718
42.6942
42.7644
42.7457
42.7943
42.825
42.8321
42.8428
42.868
42.9805
43.0298
43.0546
43.1029
43.0819
43.1333
43.1353
43.1369
43.1765
43.1879
43.2355
43.2649
43.2301
43.2434
43.2707
43.294
43.3482
43.3521
43.3596
43.4077
43.4677
43.5926
43.6484
43.73
43.7452
43.8291
43.8096
43.8092
43.8657
43.9706
44.0394
44.1001
44.1156
44.1308
44.1193
44.1375
44.1903
44.2473
44.276
44.246
44.2952
44.3412
44.3446
44.3738
44.441
44.4685
44.5233
44.5704
44.5724
44.61
44.6466
44.683
44.6681
44.6732
44.6548
44.6906
44.7548
44.7941
44.8128
44.8487
44.8152
44.8289
44.8807
44.9332
