49.0
49.0
49.668012108980825
50.230070635721496
50.884964682139255
51.62563067608476
52.496468213925326
53.230070635721496
53.851664984863774
54.61856710393542
55.33097880928355
56.11402623612513
56.69828456104945
57.199798183652874
57.77295660948537
58.48738647830474
59.08274470232089
59.70332996972755
60.196770938446015
60.67406659939455
61.22199798183653
62.00706357214934
62.766902119071645
63.38647830474268
64.07669021190716
64.76892028254288
65.5590312815338
66.45509586276488
67.10595358224016
67.78203834510596
68.4066599394551
69.19778002018164
69.7396569122099
70.34106962663975
71.05247225025226
71.61453077699294
72.15438950554994
72.970736629667
73.52270433905146
74.02825428859738
74.67810292633703
75.43087790111
75.99192734611503
76.7840565085772
77.29465186680122
78.09384460141271
78.60645812310797
79.18163471241171
79.94550958627649
80.87184661957619
81.42482341069626
82.00605449041372
82.69223007063572
83.27144298688194
83.74167507568113
84.32593340060545
84.89808274470232
85.58022199798184
86.05449041372351
86.64278506559032
87.06155398587286
87.40464177598385
88.06659939455096
88.6125126135217
89.2744702320888
89.82643794147326
90.30070635721493
90.80221997981836
91.24924318869829
91.86881937436932
92.4752774974773
93.02119071644803
93.49747729566094
93.86579212916246
94.42684157416751
94.82643794147326
95.42078708375378
96.00706357214935
96.67406659939455
97.26135216952574
97.76589303733603
98.47124117053481
98.95963673057517
99.44399596367306
100.16649848637739
100.52068617558022
101.04742684157416
101.744702320888
102.10696266397578
102.6760847628658
103.50151362260343
104.18466195761857
104.73763874873865
105.40464177598385
106.02018163471242
106.44399596367306
107.1765893037336
107.71342078708375
108.45408678102926
109.15338042381433
109.71947527749748
110.12916246215943
110.70332996972755
111.3380423814329
112.0100908173562
112.48637739656913
112.9808274470232
113.41372351160445
113.91523713420787
114.35216952573158
114.90817356205852
115.42785065590313
115.90918264379415
116.45812310797174
117.12008072653884
117.80827447023209
118.37638748738648
118.86680121089809
119.51564076690212
119.95156407669022
120.45005045408678
120.95459132189707
121.42885973763875
121.78203834510596
122.36024217961655
122.93037336024219
123.5489404641776
124.0686175580222
124.60040363269425
125.34611503531787
125.97780020181635
126.60040363269425
127.31483350151362
128.01210898082743
128.65085771947528
129.19778002018163
129.94651866801212
130.6962663975782
131.19878910191724
131.57214934409689
132.19172552976792
132.71342078708375
133.3622603430878
133.7699293642785
134.33299697275478
134.9616548940464
135.4752774974773
136.02320887991928
136.66801210898083
137.29263370332998
138.14833501513624
138.63975782038344
139.29465186680122
139.96871846619575
140.65085771947528
141.31483350151362
141.85469223007064
142.32088799192735
142.8920282542886
143.51664984863774
144.33097880928355
145.0484359233098
145.73965691220988
146.20484359233097
146.8284561049445
147.43087790111
147.89101917255297
148.42381432896065
149.12310797174572
149.75378405650858
150.41372351160445
151.19172552976792
151.82139253279516
152.49344096871846
153.07063572149343
153.86377396569122
154.40060544904136
155.0928355196771
155.72351160443995
156.42381432896065
156.94450050454085
157.6226034308779
158.24217961654895
158.83249243188698
159.59535822401614
160.20181634712412
160.81634712411704
161.42885973763876
162.02724520686175
162.84964682139253
163.3380423814329
163.74974772956608
164.2452068617558
164.81735620585266
165.29667003027245
166.11604439959638
166.91927346115034
167.6760847628658
168.5590312815338
169.1715438950555
