4913.0
4913.0
4862.0618
4812.08
4750.2665
4695.1112
4636.0182
4584.4628
4521.9281
4470.2548
4412.152
4356.1034
4302.0946
4246.1138
4192.9645
4138.6185
4080.8235
4027.0975
3975.1407
3922.7968
3867.7916
3811.0149
3756.9531
3704.4647
3652.4114
3596.3964
3542.5819
3492.3237
3437.2663
3387.5877
3338.2405
3285.4509
3234.3116
3185.5618
3138.5906
3087.1544
3036.0481
2985.6831
2936.7303
2890.2685
2844.6864
2797.3154
2751.208
2705.6193
2658.0309
2610.5464
2565.7414
2520.173
2477.2894
2435.1185
2392.9206
2351.5098
2308.0314
2267.6206
2237.2322
2214.272
2189.5657
2169.3268
2146.7313
2126.4195
2107.6431
2086.0378
2066.132
2043.726
2021.2667
1997.6778
1973.1881
1949.4565
1929.6205
1908.9641
1886.6635
1863.9334
1842.0675
1824.8427
1804.5019
1782.5025
1760.6048
1738.9078
1716.7253
1696.2486
1674.2092
1653.9283
1633.0169
1612.1132
1592.745
1573.6493
1553.6739
1533.7875
1517.4563
1499.9102
1481.5172
1464.2018
1446.1135
1428.5653
1410.6872
1393.0382
1376.3253
1358.378
1340.4416
1322.8783
1302.9872
1287.2659
1269.9647
1253.3903
1237.5219
1219.2882
1202.261
1186.7835
1171.0608
1154.6955
1140.2594
1123.8119
1108.9956
1093.1287
1079.0135
1065.2369
1051.034
1036.8804
1024.5136
1010.6056
997.1954
984.1034
969.8635
956.7289
941.3292
930.085
918.112
906.0649
894.355
882.822
871.4549
860.1356
849.8473
839.0398
828.3503
817.9732
809.081
798.9834
790.6101
780.5289
770.0246
760.52
751.1089
741.4496
732.7212
725.4531
717.5686
710.2224
702.309
695.1066
687.843
680.7442
672.5837
665.3067
658.5044
651.9296
644.9023
638.4404
631.5944
624.0283
616.7415
610.1736
603.6587
597.6332
590.1669
583.6737
577.4694
570.7446
564.7962
559.5122
553.5952
548.5309
542.0161
536.2568
530.9245
525.2688
518.7893
512.7405
507.4365
502.0483
496.0653
490.5558
485.2678
479.6479
473.9597
469.1885
465.044
460.5161
455.9679
451.7978
447.7607
441.8288
437.9757
433.8373
428.0627
424.4249
420.1357
415.2636
410.9155
407.2033
