3.0
3.0
2.990399999999998
2.9790000000000076
2.967299999999998
2.956100000000006
2.945699999999995
2.9357000000000038
2.9245000000000156
2.9131999999999953
2.9048999999999987
2.8971000000000005
2.8878999999999913
2.8827999999999943
2.8740000000000125
2.8689000000000013
2.8628000000000013
2.8518000000000114
2.8416000000000046
2.8347999999999924
2.8276000000000003
2.8194000000000017
2.8152000000000035
2.808100000000007
2.803500000000003
2.799000000000002
2.794099999999998
2.791800000000006
2.784600000000002
2.7792000000000083
2.7748999999999944
2.770599999999997
2.7635000000000107
2.7580999999999936
2.7563000000000004
2.7517000000000063
2.750200000000002
2.7476999999999947
2.7457999999999934
2.7426999999999904
2.7447999999999957
2.743099999999994
2.737700000000009
2.7355000000000116
2.7338000000000107
2.7266000000000057
2.723800000000006
2.7179999999999973
2.7173999999999894
2.7151000000000023
2.7144000000000026
2.715799999999991
2.7116999999999982
2.7085000000000132
2.708599999999994
2.7122000000000077
2.7161999999999993
2.7193000000000107
2.724300000000003
2.728399999999989
2.7335000000000056
2.7353000000000014
2.740700000000005
2.7449999999999988
2.7468999999999943
2.750000000000001
2.7561000000000013
2.7611999999999965
2.7666000000000075
2.7698000000000027
2.775300000000002
2.7810000000000006
2.7855999999999987
2.788599999999988
2.7920000000000007
2.797100000000006
2.803400000000006
2.805899999999991
2.8098000000000027
2.814500000000004
2.8202000000000007
2.8270000000000044
2.83249999999999
2.836800000000002
2.844000000000009
2.848499999999997
2.8556000000000052
2.8577999999999997
2.8610000000000118
2.864499999999993
2.867100000000001
2.8699000000000043
2.8762000000000025
2.8802000000000056
2.886099999999998
2.8907999999999983
2.8964000000000016
2.9035000000000086
2.9081000000000023
2.915899999999999
2.923600000000002
2.931800000000006
2.9390000000000027
2.947499999999999
2.9513
2.956699999999995
2.961399999999994
2.9641000000000033
2.9726000000000052
2.9778000000000073
2.9844000000000053
2.9889
2.9962000000000057
3.0023000000000053
3.010599999999995
3.017900000000002
3.0225999999999837
3.025300000000012
3.0313999999999974
3.0393000000000017
3.047599999999993
3.053299999999998
3.057300000000011
3.0655000000000068
3.070699999999995
3.0784999999999982
3.0832000000000055
3.0902000000000056
3.098899999999995
3.1062000000000016
3.1114999999999995
3.1169000000000033
3.121499999999994
3.128000000000001
3.1325000000000003
3.139100000000006
3.1467000000000027
3.151199999999998
3.157900000000003
3.1588999999999983
3.161999999999997
3.165799999999994
3.1705000000000063
3.172600000000004
3.177400000000001
3.1803999999999957
3.1857999999999995
3.1943000000000046
3.1990000000000047
3.204299999999991
3.209199999999998
3.2077999999999913
3.213900000000003
3.216600000000004
3.2230000000000034
3.2278999999999956
3.236000000000008
3.239800000000009
3.245500000000006
3.2499999999999973
3.257300000000003
3.2619000000000056
3.265299999999992
3.2716000000000047
3.277499999999995
3.2834999999999885
3.287400000000005
3.290799999999999
3.293999999999997
3.3014000000000014
3.308400000000013
3.313699999999995
3.3191000000000024
3.3235000000000023
3.3277
3.3308000000000044
3.335999999999994
3.340200000000002
3.342299999999994
3.3465999999999942
3.351199999999994
3.3582
3.3625000000000007
3.368899999999997
3.374999999999997
3.3831
3.385199999999998
3.387199999999999
3.392400000000003
3.396399999999997
3.400999999999997
3.4045000000000045
3.4106999999999927
3.412499999999997
3.4160999999999957
3.4216
3.4256000000000015
3.430499999999997
3.4361999999999977
3.4404
