36.0
36.0
35.78998924859634
35.56910763349659
35.364353123880065
35.171425158284556
34.96428144785569
34.72404730617608
34.48596344522757
34.31202962609007
34.0778879464819
33.84565762752359
33.640305817703975
33.44534703141799
33.24334010273564
33.05017321705889
32.851869549635644
32.6441285390037
32.43137020666587
32.274041333174054
32.07549874566957
31.87277505674352
31.683669812447736
31.480587743399834
31.331023772548082
31.109425397204635
30.949468402819257
30.767291840879224
30.615099749133915
30.465296858200933
30.30390634332816
30.10631943614861
29.99032373671007
29.83610082427428
29.6928682355752
29.511527893919485
29.35682714132123
29.205232349779
29.047784016246567
28.901923306653924
28.779596225062715
28.63122685461713
28.527893919483933
28.39397921395293
28.261378568868714
28.114084338788675
28.007048142396368
27.828574841715447
27.707920200692868
27.541392904073586
27.418826902401147
27.252299605781864
27.11420379882929
26.982200453948153
26.89941464580098
26.87014693584996
26.848285748417155
26.854975510691673
26.863337713534822
26.875881017799546
26.9053876478318
26.927009915183373
26.98638155536973
27.04228885437821
27.095090192330666
27.124477362322303
27.194600406164138
27.216103213475094
27.24716282403536
27.293513319794528
27.31979452873014
27.337952454903835
27.36017202245849
27.411898220045394
27.47067256002867
27.527535539362084
27.564687611993786
27.641142037988292
27.690479034762873
27.75450961653327
27.814478556922708
27.858439851869548
27.919842312746386
27.96905984948035
27.998924859634453
28.082785808147175
28.13164496475929
28.219806474734202
28.290407358738502
28.368892605423486
28.445944331621074
28.497551069167365
28.59001314060447
28.687970373909927
28.740293871699915
28.825827260781267
28.90443196750687
29.031776370803968
29.116831919722852
29.22482379644009
29.302711742921993
29.41130091984231
29.482857484171543
29.55298052801338
29.678294110619998
29.741966312268545
29.814359096882093
29.87277505674352
30.004061641380957
30.064150041811015
30.16461593596942
30.232349778998923
30.307251224465418
30.371520726317048
30.471747700394218
30.59586668259467
30.67447138932027
30.756420977183133
30.8493608887827
30.937641858798234
31.025803368773147
31.106797276311074
31.196392306773383
31.2525385258631
31.32039182893322
31.402580336877314
31.479512603034284
31.569346553577827
31.635766336160554
31.681041691554174
31.686178473300682
31.69955799784972
31.711265081830128
31.745669573527653
31.750089595030463
31.76514156014813
31.759765858320392
31.725600286704097
31.714012662764304
31.69191255525027
31.69310715565643
31.67112650818301
31.634452275713773
31.58965476048262
31.56958547365906
31.505196511766815
31.47103094015052
31.447138932027237
31.43196750686895
31.41106199976108
31.380958069525743
31.3398638155537
31.29781388125672
31.238083860948514
31.174411659299963
31.120774101063194
31.052084577708758
30.982558834070005
30.96965714968343
30.911480109903238
30.875522637677697
30.821646159359695
30.7554652968582
30.702305578783896
30.625373312626927
30.534225301636603
30.473181220881614
30.458607095926414
30.421335563254093
30.355632540915064
30.299844701947197
30.256600167244056
30.22721299725242
30.14586070959264
30.067853303070123
29.97240473061761
29.928562895711384
29.881256719627284
29.792378449408673
29.75749611754868
29.686417393381912
29.626448452992474
29.518217656194004
29.438179428981005
29.369848285748418
29.305698243937403
29.284553816748296
29.195078246326602
29.117070839804086
29.011109783777325
28.936208338310834
28.849241428742086
28.747222554055668
28.682953052204038
28.614382988890217
28.544737785210845
28.48297694421216
28.385497551069168
28.315852347389797
28.234022219567553
