12.0
12.0
11.940600000000012
11.886300000000013
11.827900000000021
11.769799999999973
11.707300000000016
11.650800000000014
11.587400000000034
11.526399999999992
11.467000000000018
11.405699999999955
11.3421
11.283700000000007
11.225900000000003
11.168299999999967
11.113600000000025
11.056700000000017
11.000699999999986
10.942300000000014
10.885300000000017
10.827400000000008
10.768699999999992
10.711799999999998
10.656500000000014
10.601999999999977
10.545299999999992
10.488099999999992
10.434599999999989
10.3776
10.323000000000002
10.26820000000002
10.209200000000045
10.153200000000032
10.099400000000033
10.050000000000024
9.993800000000011
9.9403
9.885299999999985
9.830000000000036
9.772400000000019
9.715400000000011
9.659700000000017
9.60529999999998
9.555000000000021
9.49859999999998
9.447500000000002
9.3941
9.339199999999952
9.285399999999967
9.231099999999989
9.173600000000013
9.113800000000012
9.060499999999983
9.009900000000048
8.964100000000002
8.915300000000036
8.870099999999995
8.825599999999998
8.784199999999972
8.744400000000024
8.70100000000004
8.658100000000035
8.618000000000059
8.574899999999975
8.53640000000002
8.49289999999997
8.452999999999983
8.411499999999958
8.372200000000014
8.331799999999996
8.288799999999974
8.245700000000022
8.205699999999947
8.159200000000016
8.115899999999998
8.074100000000001
8.036299999999985
7.996799999999997
7.952900000000024
7.9157
7.8725
7.833800000000002
7.795
7.749300000000004
7.710999999999997
7.671099999999998
7.632099999999997
7.594699999999999
7.5497999999999985
7.511799999999996
7.467700000000002
7.425200000000006
7.383000000000006
7.345600000000003
7.2998
7.259300000000003
7.2211000000000025
7.177700000000003
7.138000000000003
7.098199999999992
7.0562999999999985
7.014100000000003
6.9762999999999975
6.936299999999994
6.893000000000009
6.851800000000004
6.815899999999987
6.7777
6.737599999999987
6.693100000000003
6.6527
6.6122000000000085
6.568699999999991
6.526499999999992
6.481400000000011
6.444100000000009
6.402800000000012
6.363600000000011
6.321999999999997
6.2833000000000085
6.242900000000008
6.200899999999996
6.162000000000003
6.119700000000008
6.077699999999997
6.036499999999993
5.997400000000015
5.958500000000007
5.919799999999983
5.882099999999983
5.846700000000017
5.81060000000001
5.773900000000009
5.743600000000015
5.7076000000000064
5.673500000000028
5.637099999999996
5.598999999999994
5.563100000000001
5.528599999999991
5.4896
5.4537999999999895
5.419200000000016
5.387299999999984
5.354599999999982
5.324999999999996
5.292099999999996
5.258900000000011
5.224699999999984
5.189499999999971
5.1546999999999965
5.121299999999991
5.090500000000019
5.060199999999994
5.028399999999976
4.996800000000001
4.966399999999991
4.936400000000017
4.9022000000000086
4.868199999999992
4.836499999999994
4.803900000000016
4.770600000000014
4.737399999999999
4.709299999999977
4.673999999999996
4.643499999999991
4.614500000000014
4.580900000000015
4.551400000000002
4.518000000000003
4.487200000000028
4.458100000000004
4.424300000000003
4.393700000000011
4.365999999999995
4.335299999999988
4.301399999999993
4.272100000000002
4.241399999999992
4.210000000000006
4.176299999999998
4.144499999999997
4.113799999999978
4.0823
4.0519999999999845
4.027299999999973
3.9976000000000074
3.971500000000008
3.9414999999999965
3.9119000000000015
3.8849000000000014
3.8553999999999986
3.8292000000000015
3.7980000000000014
3.7699
3.7447
3.7193000000000027
3.6912
