36.0
36.0
35.9192
35.7765
35.649
35.5237
35.3979
35.2574
35.1581
35.0808
35.0019
34.9291
34.8401
34.7829
34.7441
34.6477
34.5902
34.518
34.4354
34.3952
34.3247
34.2402
34.2627
34.2302
34.2016
34.1279
34.0849
34.0458
34.0469
33.9982
33.9506
33.8845
33.8038
33.7812
33.7022
33.6935
33.6371
33.5485
33.5162
33.5073
33.4905
33.4509
33.4614
33.4537
33.4429
33.3907
33.3982
33.3521
33.3168
33.3284
33.3463
33.3373
33.3388
33.3638
33.3269
33.3405
33.331
33.3541
33.3358
33.3423
33.3319
33.3499
33.3548
33.3473
33.3609
33.4453
33.4321
33.4059
33.4441
33.4555
33.4579
33.4204
33.4097
33.3977
33.3723
33.3702
33.3891
33.3669
33.3377
33.3537
33.3399
33.2832
33.2424
33.208
33.1963
33.1666
33.1228
33.1051
33.0924
33.0647
33.0282
32.9947
32.9434
32.9366
32.9052
32.8586
32.8369
32.7689
32.6886
32.6584
32.6208
32.578
32.5755
32.5657
32.5581
32.5156
32.4419
32.4353
32.4265
32.3563
32.3281
32.2651
32.1641
32.1197
32.0699
32.0195
31.9934
32.0006
31.9583
31.9107
31.8848
31.8763
31.8874
31.8254
31.7865
31.7624
31.7542
31.7225
31.7132
31.6584
31.5735
31.5185
31.4794
31.445
31.3887
31.3664
31.3126
31.2915
31.1985
31.1719
31.1428
31.1069
31.0744
31.035
31.0721
31.0351
30.9724
30.9963
30.965
30.9306
30.8809
30.8786
30.7954
30.7299
30.6643
30.6364
30.5734
30.5256
30.4589
30.3714
30.2989
30.2655
30.1889
30.1542
30.0773
30.0224
30.0012
29.9744
29.925
29.8484
29.7927
29.7673
29.703
29.6523
29.6431
29.6259
29.5913
29.5384
29.5133
29.441
29.3881
29.3508
29.3285
29.2936
29.2602
29.1696
29.0792
29.0374
29.0078
28.9742
28.9401
28.9364
28.9113
28.881
28.8114
28.7199
28.7013
28.6903
28.6428
28.5814
