100.0
100.0
100.87167356593731
101.48551153163808
102.07096392667061
102.6682436428149
103.26434062684802
103.78001182732112
104.47013601419279
105.13660555884093
105.70017740981667
106.32288586635127
107.16203429923122
107.9544648137197
108.77350680070964
109.55470136014193
110.20816085156711
111.00768775872265
111.78237729154347
112.65641632170313
113.61324659964518
114.31519810762862
114.89946777054998
115.7498521584861
116.5712596096984
117.61442933175636
118.27261975162625
119.25724423418096
120.39444115907747
121.45357776463631
122.20756948551153
123.06091070372561
124.03607332939089
124.67297457125962
125.56712004730929
126.27261975162625
127.2247191011236
127.93968066232998
128.8941454760497
129.74630396215258
130.2602010644589
131.1023063276168
131.88823181549378
133.09461856889413
133.98580721466587
134.6948551153164
135.76877587226494
136.6587817859255
137.4949733885275
138.31401537551744
139.05026611472502
140.4228267297457
141.3110585452395
142.20047309284448
142.97161442933177
143.7096392667061
144.94263749260793
145.72383205204022
146.21289178001183
147.05263157894737
147.73211117681845
148.8829095209935
149.83500887049084
150.97752808988764
151.72087522176227
152.377882909521
153.31933767001775
154.27616794795978
155.15848610289768
156.02306327616796
156.82732111176819
157.9183914843288
158.66173861620342
159.7143701951508
160.44234180958014
160.826138379657
161.36901241868716
162.22649319929036
162.90005913660556
163.4937906564163
163.90479006505026
164.8923713778829
165.54760496747485
166.68598462448256
167.47545830869308
168.3169722057954
169.43110585452396
170.04908338261384
170.73802483737433
171.4234180958013
172.29331756357186
173.20579538734478
174.01714961561206
174.96274393849794
175.62507392075696
176.68184506209343
177.52276759314014
178.27675931401538
179.19751626256652
180.08515671200473
181.19041986989947
181.94204612655233
183.00295683027795
183.8728562980485
184.54819633353046
185.57007687758724
186.51330573625074
187.40035481963335
188.5665286812537
189.65523358959194
190.6167947959787
191.63571850975754
192.6026020106446
193.60023654642222
194.14192785334123
195.4127735068007
196.43051448846836
197.47368421052633
198.5925487876996
199.53341218214075
200.31756357185097
201.24305144884684
202.17208752217624
202.77823772915434
203.44056771141337
204.47604967474868
205.53932584269663
206.34772324068598
207.38143110585452
208.61383796570078
209.42400946185688
210.5204021289178
211.70195150798344
212.87640449438203
213.77291543465404
215.0963926670609
216.51921939680662
217.6782968657599
218.7350680070964
219.86812536960377
221.2856298048492
222.74334713187463
224.1028976936724
225.31578947368422
226.62980484920166
227.80898876404495
228.84033116499114
229.60910703725605
231.0762862211709
232.5771732702543
233.8356002365464
234.7102306327617
236.10644589000592
237.3264340626848
238.5972797161443
239.7965700768776
240.89059727971613
241.99112950916617
243.31342400946187
244.53282081608515
245.9491425192194
246.97871082199882
248.63453577764636
249.8982850384388
251.8013010053223
252.90656416321704
254.44825547013602
256.29213483146066
258.0360733293909
259.42933175635716
260.58013010053224
261.6374926079243
262.87167356593733
263.88586635127143
265.1200473092845
266.39621525724425
267.49911295091664
268.65050266114724
269.56830277942043
270.9893554109994
272.6593731519811
274.02779420461263
275.2501478415139
276.82377291543463
278.4251921939681
280.16144293317564
281.2152572442342
282.8628030751035
283.71259609698404
284.9426374926079
286.25783560023655
287.6635127143702
289.41513897102305
290.71673565937317
291.99112950916617
293.4328799526907
294.77823772915434
296.4441159077469
297.9024246008279
299.23122412773506
