49.0
49.0
48.920650664550685
48.88216623685776
48.88355485022813
48.91073199761952
48.902598690735964
48.92818885141837
48.88276135687364
48.96885538583614
49.02142432057131
49.01329101368776
49.10057528268201
49.10970045625868
49.17437016464987
49.219996032533224
49.25332275342194
49.35469152945844
49.40864907756398
49.478674866098
49.56199166831978
49.62190041658401
49.66018647093831
49.824637968657015
49.92045229121206
50.0664550684388
50.22178139258084
50.33763142233684
50.47609601269589
50.63122396349931
50.77643324737155
50.95120015869867
51.14124181709978
51.231303312834754
51.335052568934735
51.488196786351914
51.68597500495933
51.863519143027176
52.03967466772466
52.2239634993057
52.43245387819877
52.65284665740924
52.90081333068836
53.10712160285657
53.31620710176552
53.50803412021424
53.743701646498714
53.94842293195794
54.12874429676651
54.34021027573894
54.567942868478475
54.77762348740329
54.971830985915496
55.20432453878199
55.32691926205118
55.52826820075382
55.79250148780004
56.016464987105735
56.18071811148582
56.38682801031541
56.54949414798651
56.747073993255306
56.883951596905376
57.15731005752827
57.35469152945844
57.585994842293196
57.77286252727633
57.96786351914303
58.11168418964491
58.24419757984527
58.48839515969054
58.71196191231898
58.922039277921044
59.135290616941084
59.337234675659595
59.51715929379091
59.661376710970046
59.842888315810356
60.05971037492561
60.1916286451101
60.33921840904583
60.61674270977981
60.730013886133705
60.94505058520135
61.0954175758778
61.23408053957548
61.378297956754615
61.54215433445745
61.70541559214442
61.91093037095814
62.154532830787545
62.349930569331484
62.48165046617735
62.68379289823448
62.89843285062488
63.0783574687562
63.320174568537986
63.48502281293394
63.632810950208295
63.8151160484031
64.04999008133306
64.07181114858163
64.19757984526879
64.35746875619917
64.46637571910335
64.65006943066852
64.77187066058322
64.94822455861932
65.11763538980361
65.24796667327911
65.4318587581829
65.51041460027773
65.63658004364214
65.81868676849831
65.899424717318
66.08292005554453
66.23031144614164
66.39238246379686
66.55187462804999
66.69271969847253
66.87105732989487
67.01348938702638
67.20313429875024
67.35369966276532
67.55127950803411
67.7556040468161
67.97936917278318
68.07220789525887
68.11684189644912
68.18290021821068
68.25411624677643
68.22872445943266
68.27613568736362
68.30628843483436
68.39456457052172
68.51894465383853
68.66792303114461
68.73953580638762
68.79825431462011
68.7938901011704
68.93294981154533
68.98055941281491
69.1269589367189
69.21821067248561
69.29279904780797
69.37809958341599
69.4021027573894
69.44812537195001
69.50208292005554
69.59254116246777
69.71057329894862
69.68220591152549
69.67903193810751
69.71533425907558
69.7998413013291
69.88196786351914
69.96409442570919
69.87323943661971
69.99345367982544
70.0851021622694
70.17794088474508
70.20571315215236
70.36877603650069
70.37036302320968
70.44554651854791
70.49018051973815
70.56060305494941
70.62666137671097
70.77266415393771
70.87839714342392
70.99385042650268
71.07101765522714
71.2172188057925
71.33802816901408
71.45982939892879
71.53818686768498
71.65066455068438
71.79964292799048
71.90735965086293
71.95377901210077
71.97123586589963
72.08549890894663
72.1218012299147
72.15274747073994
72.21880579250148
72.33227534219401
72.41003769093435
72.52231700059512
72.65998809759968
72.78734378099584
72.84348343582623
72.83951596905376
72.83039079547709
72.90517754413807
72.9335449315612
73.02241618726443
73.04463400119025
73.27653243404086
73.4003173973418
73.49613171989685
