729.0
729.0
750.5693501454898
770.5150339476237
788.2618816682832
803.8923375363725
825.8777885548012
847.015518913676
865.4306498545102
879.219204655674
893.8739088263821
915.6333656644035
937.8176527643064
954.2580019398642
972.4403491755577
992.3676042677013
1013.9117361784675
1031.3520853540251
1052.1348205625607
1078.7662463627546
1098.427740058196
1120.8322017458777
1139.5635305528613
1158.4112512124152
1176.0756547041708
1198.8225024248302
1225.2521823472357
1247.435499515034
1266.807953443259
1295.1193016488846
1315.306498545102
1338.2250242483026
1354.2444228903976
1372.0058195926285
1395.1280310378274
1417.3161978661494
1440.4762366634336
1454.0232783705142
1478.3743937924346
1505.5276430649853
1531.733268671193
1550.561590688652
1575.627546071775
1606.631425800194
1631.6226964112511
1658.0096993210475
1688.9631425800194
1714.9786614936954
1744.9903006789525
1765.7972841901067
1793.8089233753637
1812.8419010669254
1845.5082444228904
1874.4665373423861
1912.101842870999
1935.6100872938894
1978.3666343355965
2007.509214354995
2032.1416100872939
2059.8021338506305
2082.0843840931134
2102.141610087294
2125.5160038797285
2150.517943743938
2173.180407371484
2202.52861299709
2234.5548011639185
2258.3637245392824
2278.9359844810865
2302.6566440349175
2328.835111542192
2353.286129970902
2370.27352085354
2392.431619786615
2414.3540252182347
2436.047526673133
2463.714839961203
2481.670223084384
2508.838991270611
2528.612997090204
2548.325897187197
2581.1270611057225
2605.3472356935013
2628.4898157129
2653.0223084384093
2673.5935984481084
2691.98157129001
2718.161008729389
2743.4248302618817
2757.184287099903
2780.94083414161
2802.509214354995
2833.4772065955385
2854.1348205625604
2886.073714839961
2905.1707080504366
2932.224054316198
2955.7904946653734
2983.129970902037
3008.141610087294
3034.1396702230845
3049.999030067895
3074.8622696411253
3091.4044616876818
3118.1697381183317
3142.7284190106693
3176.857419980601
3198.428709990301
3216.5043646944714
3234.161008729389
3249.7633365664406
3274.0155189136763
3300.5460717749756
3329.1377303588747
3341.7943743937926
3366.8215324927255
3391.600387972842
3415.2793404461686
3442.603297769156
3472.937924345296
3497.0766246362755
3517.4762366634336
3544.90203685742
3562.775945683802
3589.3103782735207
3615.968962172648
3643.858389912706
3658.906886517944
3671.8186226964112
3694.357904946654
3719.4966052376335
3739.1396702230845
3754.4742967992242
3776.6983511154217
3810.479146459748
3837.5363724539284
3854.755577109602
3868.653734238603
3887.0339476236663
3898.7807953443257
3913.709990300679
3933.242483026188
3949.0155189136763
3965.757516973812
3985.733268671193
4001.1503394762367
4019.999030067895
4033.256062075655
4053.129970902037
4076.877788554801
4097.3191076624635
4119.050436469447
4143.226964112512
4165.535402521824
4190.7264791464595
4209.529582929195
4231.9621726479145
4258.026188166828
4272.474296799224
4292.5984481086325
4307.7129000969935
4327.01842870999
4343.909796314258
4374.461687681863
4390.468477206596
4396.56741028128
4407.825412221145
4425.892337536373
4442.322017458778
4458.717749757517
4473.326867119302
4494.855480116392
4518.103782735208
4527.025218234724
4547.0814742968
4563.604267701261
4580.168768186227
4589.690591658584
4609.92046556741
4627.676042677012
4648.11639185257
4666.272550921435
4683.078564500485
4700.9233753637245
4718.9233753637245
4728.253152279341
4747.2415130940835
4760.717749757517
4774.60814742968
4788.769156159069
4811.233753637245
4838.821532492725
4853.5732298739085
4870.352085354025
4892.455868089234
4908.260911736178
4919.296799224055
4936.088263821533
4957.372453928225
4972.447138700291
