343.0
343.0
331.4336
320.2238
308.7134
298.3426
287.809
277.9472
267.9323
258.5401
249.6515
240.8927
232.4038
224.2879
216.3914
208.6256
201.018
193.9699
187.1412
180.1194
173.8888
167.58
161.2304
154.9819
149.4694
143.9038
138.3099
133.1255
128.1446
122.9324
118.4197
113.9257
109.7809
105.2575
101.4887
97.7253
93.8839
90.223
86.2913
82.9365
79.667
76.0181
73.1234
69.9565
67.2489
64.9098
62.2147
59.8807
57.7067
55.3613
53.1387
51.2544
49.2663
47.558
46.3098
45.6031
45.253
45.0556
44.934
44.8418
44.4598
44.4406
44.2726
44.074
43.9527
43.9554
43.8752
43.8511
43.6698
43.5118
43.4208
43.4332
43.1805
43.0423
42.8825
42.8702
42.69
42.5006
42.5103
42.3617
42.1722
41.8984
41.6596
41.5554
41.3812
41.2749
41.2497
40.9868
40.9124
40.7052
40.5717
40.4714
40.3095
40.0481
39.8398
39.7414
39.6041
39.3378
39.2293
39.0378
38.8901
38.7219
38.5095
38.2865
38.209
38.0915
37.8455
37.6143
37.4705
37.2456
37.0432
36.9128
36.7753
36.5156
36.231
36.1306
35.9183
35.8259
35.7475
35.5351
35.4751
35.348
35.2016
35.0515
34.976
34.8312
34.6082
34.3857
33.8951
33.3059
32.8354
32.367
31.8167
31.4653
31.1116
30.6002
30.0714
29.743
29.4286
29.1039
28.6101
28.0898
27.5401
27.1556
26.7843
26.2502
25.672
25.1379
24.6864
24.2634
23.7598
23.3793
23.1376
22.7782
22.4614
22.03
21.8285
21.4071
21.0064
20.6619
20.4029
20.1425
19.8004
19.5505
19.2185
18.972
18.7857
18.454
18.1997
17.955
17.7279
17.4973
17.1243
16.8241
16.5812
16.3065
15.9861
15.7013
15.3928
15.0896
14.9023
14.606
14.4083
14.1777
13.8296
13.5434
13.4065
13.2978
13.0462
12.8988
12.6671
12.4469
12.3354
12.0894
12.0008
11.7376
11.611
11.5071
11.3906
11.2195
