2744.0
2744.0
2768.795399740308
2798.9393433500277
2823.0682619180116
2843.8716379150437
2866.5234650343164
2886.320534223706
2901.1873492858467
2920.9883138564273
2937.3218326841034
2946.090521239102
2956.7302912261175
2969.9554813578184
2982.565757744389
2995.713040252272
3006.4483398256352
3019.2828788721945
3027.744759784827
3034.7549619736596
3043.0665924689297
3051.16768688555
3051.7838990910777
3056.989612316824
3060.8124652198107
3070.5705805972916
3077.366165831942
3077.2570951585976
3081.5403450194767
3080.8848080133557
3083.249675384901
3082.447412353923
3081.588202559822
3087.069745872751
3093.4585420144685
3095.823965869041
3100.1929141161195
3109.4483398256352
3104.2246336486737
3104.1222407716564
3104.8864774624376
3106.3721016509
3103.063624559451
3097.4004822852903
3093.1810424782043
3091.4440734557597
3084.934520497125
3080.9892413281395
3079.3706176961605
3078.0541643479874
3071.649230198479
3065.539417547765
3064.4218141346687
3060.3991838248935
3049.2389167130405
3042.694861806715
3037.6913374142086
3029.0560192914118
3023.4080875533296
3017.7249118901873
3014.1415321832683
3019.419773696902
3021.025783713597
3018.002225932109
3011.747171211278
3007.9946206640698
3003.276201075867
2998.8822110925616
2999.9309961046188
2989.8931552587646
2983.246336486737
2980.8415878315714
2973.2904841402337
2967.308477091449
2963.9970320905213
2959.598404748655
2953.872565386756
2948.4884066035984
2939.5243925060286
2931.316082359488
2926.637915043591
2920.1177889074384
2913.5798553144127
2905.9037284362826
2897.669078093118
2887.810053793359
2880.0168799851604
2871.4572435540717
2860.8439992580224
2855.3741420886663
2848.124095715081
2841.759042849193
2833.767761083287
2824.015952513448
2815.5099239473197
2805.0185494342422
2801.1363383416806
2789.0142830643667
2777.085512891857
2766.482470784641
2759.2007048785013
2746.9365609348915
2737.5089964756075
2730.8471526618437
2719.115377480987
2711.2389167130405
2703.7681320719716
2692.9194954553886
2685.8992765720645
2675.7171211278055
2665.1530328324984
2657.3542941940273
2649.7890929326654
2642.1346688925987
2631.8679280281954
2625.298089408273
2610.8373214616954
2600.923205342237
2592.8443702467075
2583.4743090335746
2573.7829716193655
2565.89890558338
2556.57503246151
2549.7850120571325
2538.1582266740866
2525.9645705805974
2518.8807271378223
2506.927471712113
2494.920979410128
2481.552773140419
2473.586162122055
2462.7846410684474
2451.8905583379706
2440.1862363197924
2431.1511778890745
2420.0222593210906
2402.4370246707476
2390.1012799109626
2380.370432201818
2364.212391022074
2353.8681135225374
2338.859024299759
2325.1083286959747
2307.6284548321278
2295.300686329067
2279.4919309961047
2267.010016694491
2251.3737710999812
2240.1189018734926
2227.797625672417
2215.864960118716
2201.6060100166947
2189.618994620664
2177.196994991653
2163.2253756260434
2152.0979410127993
2141.987386384715
2131.9491745501764
2120.3047672046005
2107.875904284919
2097.135596364311
2086.5002782415136
2075.46095344092
2063.300315340382
2054.157113708032
2043.0563902800964
2031.5275459098498
2021.5475792988314
2007.0858838805416
1996.8796141717678
1982.4926729734743
1970.7147097013542
1958.3552216657392
1946.0233722871453
1933.9584492672973
1921.8488221109255
1909.745316267854
1901.7421628640327
1892.5002782415136
1877.7631237247265
1864.5223520682619
1856.31775180857
1842.368762752736
1832.2557966982008
1824.7122982749027
1812.7408644036357
1800.6073084770915
1791.353366722315
1778.728250788351
1764.3056946763124
1755.5332962344648
1744.882767575589
1733.9079948061585
1725.3414950843999
1713.838063439065
1700.9519569653125
1693.043034687442
1685.6731589686515
1675.8699684659618
1667.1459840474865
