27.0
27.0
14.3282
7.2646
3.7024
1.7611
0.9322
0.4915
0.2763
0.1791
0.128
0.0965
0.0859
0.0868
0.1001
0.0864
0.0839
0.0746
0.074
0.072
0.0854
0.0763
0.0804
0.0862
0.0812
0.0758
0.0774
0.065
0.0678
0.072
0.0845
0.0759
0.0803
0.0771
0.0767
0.0854
0.0747
0.074
0.0763
0.0753
0.0709
0.0722
0.0696
0.0695
0.0686
0.0723
0.0722
0.0696
0.0739
0.0759
0.0798
0.0716
0.0767
0.0721
0.0846
0.0975
0.1075
0.1064
0.1079
0.1135
0.1089
0.1055
0.1043
0.1057
0.1058
0.1103
0.107
0.1172
0.1022
0.1145
0.1175
0.0977
0.0972
0.1007
0.105
0.1024
0.0965
0.0963
0.1006
0.1055
0.1068
0.1113
0.1073
0.1083
0.1192
0.1085
0.1087
0.111
0.1112
0.111
0.1065
0.1097
0.1129
0.11
0.1152
0.1135
0.1116
0.1086
0.1229
0.1016
0.1035
0.0969
0.0879
0.1004
0.1002
0.1021
0.0973
0.095
0.0937
0.1001
0.096
0.108
0.1039
0.113
0.1063
0.1079
0.1005
0.1126
0.0954
0.0975
0.0988
0.1024
0.0995
0.1031
0.1023
0.1042
0.0946
0.0895
0.0988
0.1062
0.1344
0.1509
0.1516
0.1509
0.1668
0.1721
0.1795
0.1668
0.1775
0.1744
0.1617
0.1568
0.1553
0.1525
0.1433
0.1418
0.1536
0.1531
0.1592
0.1584
0.1599
0.149
0.1521
0.1611
0.1593
0.1548
0.1523
0.1452
0.141
0.1445
0.1415
0.1367
0.1525
0.1567
0.1544
0.1507
0.1438
0.146
0.1481
0.1413
0.1428
0.1453
0.1397
0.1392
0.1445
0.1572
0.1553
0.1507
0.1507
0.1447
0.1502
0.1474
0.1339
0.1382
0.1359
0.1408
0.1349
0.1387
0.1377
0.1268
0.1287
0.1236
0.1266
0.1342
0.1372
0.135
0.1297
0.1413
0.1451
0.1393
