13.0
13.0
13.012153950033765
13.032410533423352
13.04929101958137
13.070898041863611
13.085077650236322
13.101958136394328
13.106009453072248
13.128966914247126
13.144496961512491
13.178933153274809
13.196488858879121
13.220796758946655
13.25860904794059
13.282916948008097
13.30722484807562
13.326130992572583
13.349763673193788
13.379473328831866
13.403781228899392
13.431465226198524
13.467251856853482
13.504388926401086
13.530722484807555
13.560432140445645
13.582714382174206
13.60972316002701
13.644159351789332
13.675219446320053
13.708305199189745
13.740040513166779
13.781228899392298
13.81566509115462
13.8514517218096
13.87373396353815
13.906819716407833
13.956110735989192
13.987170830519918
14.027683997299123
14.064821066846728
14.095205941931127
14.125590817015528
14.15327481431465
14.1883862255233
14.230925050641456
14.268062120189061
14.301147873058738
14.345712356515863
14.36529372045915
14.409858203916277
14.453747467927078
14.500337609723157
14.538149898717087
14.58271438217421
14.632005401755569
14.667116812964213
14.711681296421338
14.75692099932478
14.812288993923028
14.853477380148549
14.910195813639433
14.956785955435517
14.99594868332208
15.033085752869683
15.071573261309924
15.122214719783925
15.176907494935854
15.211343686698177
15.248480756245783
15.307900067521945
15.358541525995948
15.407832545577312
15.453747467927077
15.48750844024308
15.536799459824444
15.576637407157326
15.62997974341661
15.673193787981093
15.733963538149899
15.780553679945982
15.83592167454423
15.88453747467927
15.929777177582714
15.991897366644135
16.03578663065498
16.08777852802168
16.135043889263983
16.201890614449685
16.257258609047955
16.299122214719787
16.350438892640117
16.405806887238366
16.452397029034405
16.5124915597569
16.578663065496247
16.61647535449024
16.662390276839957
16.70290344361919
16.750844024307874
16.79405806887239
16.84672518568533
16.91154625253207
16.96218771100611
17.007427413909554
17.057393652937282
17.101282916948012
17.139770425388264
17.185010128291733
17.2403781228899
17.280216070222814
17.317353139770404
17.363943281566474
17.417960837272137
17.467927076299787
17.52937204591489
17.57056043214046
17.6130992572586
17.67994598244433
17.736664415935206
17.800810263335624
17.84604996623904
17.903443619176233
17.96691424713032
18.010128291694787
18.072923700202594
18.116812964213366
18.16677920324105
18.22417285617829
18.27548953409857
18.340310600945323
18.419986495611095
18.480081026333572
18.523295070898023
18.579338284942654
18.62862930452396
18.678595543551687
18.740040513166768
18.787981093855503
18.83659689399057
18.893315327481396
18.94530722484806
19.010128291694816
19.066846725185677
19.118163403106028
19.17555705604324
19.238352464551
19.284942606347006
19.348413234301134
19.417285617825808
19.484132343011503
19.535449020931814
19.60297096556385
19.65158676569884
19.71573261309924
19.78392977717757
19.839972991222172
19.898717083051977
19.94868332207968
20.003376097231616
20.055367994598253
20.108710330857523
20.159351789331524
20.193112761647512
20.244429439567895
20.292370020256588
20.34841323430115
20.415935178933125
20.48210668467253
20.535449020931853
20.59959486833221
20.665091154625262
20.719108710330822
20.78528021607024
20.848075624577977
20.895340985820376
20.961512491559773
21.036461850101286
21.08575286968261
21.133018230925057
21.19783929777181
21.26738690074276
21.33423362592843
21.395003376097232
21.440243079000723
21.514517218095914
21.574611748818384
21.636731937879812
21.704253882511804
21.762997974341662
21.8149898717083
21.8555030384875
21.918973666441605
21.977042538825092
22.043889264010797
22.0884537474679
22.13369345037135
22.1843349088454
22.225523295070865
22.288318703578664
