23.0
23.0
22.979703356752538
22.957064793130353
22.93520686963308
22.91881342701015
22.900858704137427
22.872755659640898
22.843871975019503
22.82435597189695
22.816549570647936
22.80093676814988
22.786885245901658
22.765807962529266
22.743169398907114
22.72521467603433
22.713505074160818
22.694769711163147
22.666666666666647
22.651053864168624
22.631537861046088
22.60889929742387
22.58548009367683
22.58001561280251
22.555035128805596
22.528493364558972
22.51522248243557
22.51209992193598
22.49726775956282
22.484777517564396
22.473848555815756
22.444964871194372
22.426229508196712
22.402810304449634
22.394223263075723
22.380171740827485
22.36533957845432
22.339578454332564
22.313817330210775
22.30523028883684
22.283372365339567
22.25526932084307
22.229508196721294
22.22170179547228
22.20140515222481
22.189695550351278
22.17720530835284
22.164715066354415
22.151444184231057
22.13114754098362
22.11085089773616
22.099921935987517
22.088212334114
22.06479313036691
22.058548009367666
22.040593286494893
22.024980483996867
22.01717408274785
22.003122560499605
21.99219359875097
21.99297423887587
21.984387197501963
21.9656518345043
21.95628415300546
21.943793911007013
21.925058548009332
21.92037470725992
21.919594067135055
21.92271662763466
21.913348946135844
21.905542544886817
21.895394223263086
21.87509758001562
21.863387978142065
21.87197501951605
21.86807181889148
21.843091334894567
21.838407494145184
21.841530054644767
21.83606557377048
21.82669789227165
21.8087431693989
21.79078844652614
21.780640124902437
21.78064012490241
21.77829820452771
21.770491803278716
21.764246682279463
21.742388758782223
21.722872755659623
21.704918032786885
21.693989071038253
21.68462138953945
21.67681498829041
21.66432474629197
21.658079625292764
21.646370023419163
21.644808743169392
21.636221701795456
21.622170179547204
21.608118657298984
21.596409055425436
21.582357533177195
21.575331772053065
21.572209211553474
21.55191256830603
21.527712724434046
21.52068696330991
21.512880562060907
21.516783762685428
21.51053864168619
21.505074160811855
21.491022638563635
21.47384855581577
21.47931303669012
21.480093676814963
21.46994535519125
21.45901639344262
21.441061670569873
21.430913348946113
21.42154566744729
21.410616705698654
21.397345823575353
21.386416861826714
21.36690085870416
21.34972677595628
21.334113973458216
21.32318501170958
21.292740046838407
21.274004683840765
21.238875878220156
21.20843091334899
21.16783762685402
21.125683060109257
21.09679937548789
21.05386416861825
21.02029664324746
20.991412958626054
20.969555035128806
20.95316159250587
20.938329430132704
20.9086651053864
20.880562060889925
20.854020296643263
20.840749414519923
20.804839968774402
20.762685402029682
20.73458235753318
20.71194379391101
20.6807181889149
20.63856362217018
20.596409055425458
20.570647931303675
20.529274004683845
20.495706479313036
20.48243559718969
20.448868071818875
20.412177985948468
20.37782982045277
20.348165495706475
20.308352849336476
20.26932084309134
20.22560499609679
20.192037470726014
20.155347384855588
20.142857142857153
20.106167056986735
20.085089773614342
20.05542544886808
20.030444964871176
20.01327088212333
19.98204527712722
19.942232630757218
19.922716627634646
19.897736143637776
19.87431693989071
19.842310694769694
19.812646370023455
19.77127244340366
19.754098360655753
19.72443403590944
19.693989071038274
19.662763466042165
19.637002341920365
19.604996096799372
19.572209211553474
19.54176424668228
19.49960967993754
19.46760343481654
19.427010148321617
19.40593286494924
19.380952380952394
19.343481654957092
19.304449648711973
19.25292740046836
19.217017954722884
19.192818110850922
19.16549570647932
19.14441842310693
19.119437939110075
