32768.0
32768.0
32736.165745856353
32638.54143646409
32638.54143646409
32640.662983425413
32592.381215469613
32612.044198895026
32663.508287292818
32681.016574585636
32733.54143646409
32751.049723756907
32735.662983425413
32703.82872928177
32688.441988950275
32708.07182320442
32742.027624309394
32659.790055248617
32660.850828729283
32631.07182320442
32668.24309392265
32634.25414364641
32601.3591160221
32621.088397790056
32624.303867403316
32593.49723756906
32628.513812154695
32617.403314917126
32551.580110497238
32594.088397790056
32579.762430939227
32603.668508287294
32587.220994475138
32621.17679558011
32678.17679558011
32662.790055248617
32631.950276243093
32649.42541436464
32668.98895027624
32619.64640883978
32603.198895027625
32620.707182320442
32570.10497237569
32571.165745856353
32641.298342541435
32625.878453038673
32595.10497237569
32582.86740331492
32530.342541436465
32533.524861878454
32549.906077348067
32555.17679558011
32593.342541436465
32593.342541436465
32627.298342541435
32609.82320441989
32565.75138121547
32534.911602209944
32551.3591160221
32517.403314917126
32482.419889502762
32450.552486187844
32401.209944751383
32353.955801104974
32360.1546961326
32281.92817679558
32266.508287292818
32301.524861878454
32288.160220994476
32307.690607734807
32258.24861878453
32209.933701657457
32158.370165745855
32142.950276243093
32142.950276243093
32084.35359116022
32075.165745856353
32063.723756906078
32049.364640883978
32015.408839779004
31984.56906077348
31957.01104972376
31975.2817679558
31940.265193370167
31961.022099447513
31962.18232044199
31881.834254143647
31819.027624309394
31813.220994475138
31762.68508287293
31751.044198895026
31713.839779005524
31731.348066298342
31694.01104972376
31692.950276243093
31724.81767955801
31724.81767955801
31692.883977900554
31690.729281767955
31657.701657458565
31598.60773480663
31615.055248618784
31604.906077348067
31554.303867403316
31590.414364640885
31597.441988950275
31608.8453038674
31579.994475138123
31615.044198895026
31599.524861878454
31621.60773480663
31570.14364640884
31570.14364640884
31576.67403314917
31580.983425414364
31519.005524861877
31519.005524861877
31539.89502762431
31554.28729281768
31572.88950276243
31597.06077348066
31549.441988950275
31547.419889502762
31500.09944751381
31454.90055248619
31453.839779005524
31409.701657458565
31374.651933701658
31418.690607734807
31455.762430939227
31481.82872928177
31498.276243093922
31499.337016574587
31519.89502762431
31502.453038674033
31457.883977900554
31545.591160220996
31545.591160220996
31598.21546961326
31614.696132596684
31609.558011049725
31664.337016574587
31707.74585635359
31725.25414364641
31692.32596685083
31672.160220994476
31653.624309392264
31658.066298342543
31658.066298342543
31625.17127071823
31660.187845303866
31697.160220994476
31683.82872928177
31708.696132596684
31727.298342541435
31711.878453038673
31806.381215469613
31773.486187845305
31773.486187845305
31822.13259668508
31863.8453038674
31914.18232044199
31947.077348066297
31926.187845303866
31943.696132596684
31965.580110497238
31966.6408839779
31966.6408839779
31969.922651933703
31989.453038674033
31980.39779005525
31982.419889502762
32034.977900552487
32087.53591160221
32091.944751381216
32110.480662983424
32118.138121546963
32119.066298342543
32052.116022099446
32036.696132596684
32059.839779005524
32094.88950276243
32144.331491712706
32153.546961325967
32162.232044198896
32210.67955801105
32242.61325966851
32228.187845303866
32264.49723756906
32251.066298342543
32283.96132596685
32299.381215469613
32323.1546961326
32369.546961325967
32360.39226519337
32398.723756906078
32428.56906077348
32442.994475138123
32495.552486187844
32494.45856353591
