3375.0
3375.0
3385.874646559849
3407.622997172479
3425.8199811498584
3442.278039585297
3456.9189443920827
3480.2412818096136
3497.941564561734
3528.943449575872
3541.5966069745523
3565.9198868991516
3580.463713477851
3604.838831291235
3627.0508953817152
3647.8737040527803
3652.6013195098963
3670.9538171536287
3695.295947219604
3713.0405278039584
3729.5155513666355
3752.6201696512726
3763.4571159283696
3782.328934967012
3797.5815268614515
3806.0829406220546
3821.6003770028274
3832.6050895381713
3842.6475023562675
3855.489161168709
3870.1847313854855
3878.9934024505183
3898.2544769085766
3908.8350612629597
3918.287464655985
3924.2327992459946
3936.6672950047127
3962.281809613572
3969.718190386428
3979.056550424128
3995.147973609802
4008.105560791706
4016.828463713478
4026.7002827521205
4034.7059377945334
4042.1545711592835
4051.2516493873704
4056.6625824693683
4070.8689915174364
4074.3572101790764
4084.271442035815
4097.7398680490105
4107.79547596607
4119.0084825636195
4135.11027332705
4149.114985862394
4160.160226201697
4175.759660697455
4181.429783223374
4188.936852026391
4205.385485391141
4221.7926484448635
4243.784165881244
4251.121583411876
4259.426013195099
4275.36192271442
4288.403393025447
4295.625824693685
4310.2290292177195
4322.73232799246
4341.4231856738925
4348.877474081056
4364.6918001885015
4371.825636192271
4382.41753063148
4388.253534401508
4397.935909519321
4409.973609802074
4416.895381715362
4434.223374175306
4443.688030160226
4458.445805843544
4469.081998114986
4475.987747408106
4480.753063147974
4495.375117813383
4508.060320452403
4522.8972667295
4531.988689915174
4545.091423185674
4553.5240339302545
4571.67766258247
4576.2356267672
4586.78793590952
4601.04712535344
4612.250706880302
4617.261074458059
4631.874646559849
4634.768143261074
4638.6079170593775
4638.000942507068
4644.631479736098
4660.09425070688
4664.706880301602
4673.565504241282
4688.9509896324225
4689.930254476909
4698.7445805843545
4709.52780395853
4715.8812441093305
4721.072573044298
4734.21206409048
4745.119698397738
4751.894439208294
4760.475023562677
4769.25164938737
4781.377002827521
4781.980207351555
4776.728557964185
4781.875589066918
4791.48821866164
4804.859566446748
4810.458058435438
4822.158341187559
4831.137606032045
4836.940622054665
4836.847313854854
4844.7973609802075
4843.749293119698
4843.80301602262
4837.273327049953
4837.4137606032045
4834.887841658812
4840.270499528747
4834.636192271442
4844.632422243167
4844.295004712535
4835.861451460886
4827.3656927426955
4831.678605089538
4833.34684260132
4835.901979264844
4835.245994344958
4834.7229029217715
4827.325164938737
4821.57492931197
4814.557021677662
4814.95287464656
4809.455230914232
4806.701225259189
4798.156456173421
4792.341187558906
4785.990574929312
4791.349670122526
4791.257304429783
4793.245994344958
4803.372290292177
4798.453345900094
4796.62205466541
4795.9340245051835
4796.6343072573045
4794.8020735155515
4795.404335532517
4788.063147973609
4789.984919886899
4789.57492931197
4778.657869934024
4779.968897266729
4774.829406220547
4772.2073515551365
4758.721960414703
4759.757775683318
4751.979264844486
4749.820923656927
4744.8765315739865
4745.243166823751
4744.971724787936
4733.329877474081
4735.627709707823
4724.295947219604
4713.688972667295
4706.0037700282755
4714.766258246937
4721.233741753063
4727.194156456173
4723.721960414703
4718.205466540999
4703.421300659755
4699.46465598492
4694.380772855797
4681.127238454288
4690.73232799246
4686.405278039585
4683.814326107446
4678.560791705938
4678.45711592837
4670.794533459001
4655.074458058435
4650.430725730443
4650.563619227144
