1.0
1.0
0.983
0.9675000000000004
0.9557999999999996
0.9402
0.9254
0.9114000000000003
0.8967999999999986
0.8817000000000002
0.8670999999999993
0.8524
0.8406999999999992
0.8279000000000007
0.8154000000000008
0.8036999999999979
0.7903999999999995
0.7781000000000009
0.767100000000001
0.7558000000000021
0.7443000000000004
0.7341999999999965
0.7252000000000016
0.7148000000000001
0.7045000000000013
0.6956999999999987
0.6851000000000016
0.6767999999999998
0.6684999999999999
0.6593999999999993
0.6490999999999983
0.6423000000000003
0.6335999999999995
0.6240000000000002
0.6159999999999992
0.6073000000000028
0.6012000000000031
0.5927000000000028
0.5842999999999996
0.577199999999999
0.5688000000000001
0.5603999999999987
0.5535999999999979
0.5450999999999981
0.5381000000000018
0.531200000000004
0.5249000000000021
0.5174999999999994
0.5121999999999999
0.5060999999999977
0.5005999999999965
0.4953
0.48949999999999994
0.48440000000000016
0.4805000000000002
0.4774999999999998
0.4751999999999996
0.4734000000000002
0.4715000000000002
0.4688999999999998
0.4658999999999998
0.464
0.4614000000000002
0.46030000000000026
0.4578999999999998
0.4565000000000002
0.45489999999999975
0.4529999999999998
0.4519
0.44909999999999944
0.4479
0.44639999999999963
0.44480000000000053
0.44300000000000056
0.4391999999999995
0.4379
0.4369000000000003
0.4353999999999993
0.4327999999999998
0.43160000000000054
0.43
0.4286000000000009
0.42650000000000055
0.4247
0.4218000000000013
0.42050000000000093
0.4198999999999991
0.41820000000000057
0.4163999999999997
0.41340000000000016
0.4113000000000004
0.40869999999999984
0.40819999999999984
0.40619999999999995
0.4059999999999986
0.40390000000000115
0.4022000000000001
0.4007000000000004
0.3995999999999996
0.39820000000000005
0.39659999999999984
0.39559999999999995
0.394900000000002
0.39400000000000046
0.39199999999999807
0.39130000000000037
0.38960000000000017
0.38739999999999963
0.3853999999999999
0.383899999999998
0.38230000000000086
0.38089999999999985
0.37929999999999925
0.3787000000000006
0.37819999999999904
0.37689999999999946
0.3757000000000009
0.3740999999999989
0.3735000000000005
0.37190000000000006
0.3703000000000003
0.36839999999999945
0.36800000000000005
0.3663000000000006
0.3652000000000001
0.36400000000000005
0.36300000000000054
0.36220000000000147
0.36220000000000013
0.36119999999999997
0.35970000000000085
0.3590999999999998
0.3579999999999991
0.35630000000000006
0.3556999999999995
0.3549999999999993
0.35500000000000054
0.35449999999999926
0.3531999999999986
0.3518000000000016
0.3515999999999999
0.3514
0.3515999999999999
0.3506000000000007
0.34909999999999936
0.3495999999999995
0.3487999999999999
0.3492999999999993
0.3483000000000004
0.3491000000000003
0.3493000000000002
0.3485999999999994
0.3484999999999992
0.3482999999999997
0.3476999999999991
0.3472000000000011
0.34709999999999896
0.3461000000000015
0.3448999999999997
0.3442999999999996
0.34370000000000045
0.342900000000001
0.3424999999999995
0.3424999999999995
0.34179999999999966
0.34130000000000166
0.3412
0.34199999999999936
0.3416999999999998
0.34110000000000007
0.33979999999999977
0.3392999999999999
0.34000000000000047
0.3391000000000003
0.33760000000000057
0.3367999999999998
0.33510000000000006
0.33509999999999907
0.3344000000000014
0.334
0.33329999999999876
0.33249999999999874
0.33180000000000076
0.3314000000000005
0.3306999999999994
0.32949999999999957
0.32849999999999974
0.3277999999999991
0.3272000000000002
0.3276000000000001
0.32790000000000047
0.3281999999999994
0.3281000000000001
0.3272000000000007
0.3271000000000012
0.3259000000000006
0.32599999999999973
0.32620000000000043
0.32390000000000063
0.32349999999999884
