64.0
64.0
70.59114825131539
77.65304859176726
84.3717115444135
91.55431754874652
98.80687093779015
105.75735066542866
113.28474156607861
120.38749613122872
127.54688950789229
135.92726709996904
144.12070566388115
152.9702878365831
160.10337356855462
168.32342927886103
177.0981120396162
185.8545341999381
194.92200557103064
204.26214794181368
214.95109873104303
223.8941504178273
232.14360878984834
240.08108944599195
250.313834726091
260.3228102754565
270.01733209532654
280.1757969668833
289.95605075827916
300.0807799442897
310.4722995976478
324.627669452182
333.4664190653049
345.9523367378521
358.04642525533893
371.5165583410709
385.6812132466729
399.7499226245744
413.1792014856082
425.27452800990403
437.6004333023832
449.0349736923553
460.72856700711856
471.95759826679046
484.54131847725165
498.2033426183844
510.9579077684927
524.8879603837821
538.9483132157227
553.0841844630146
569.043020736614
583.8811513463324
596.5803156917364
611.7883008356546
627.6236459300526
642.0095945527701
653.8430826369545
668.3144537294955
683.2042711234911
697.849582172702
710.5784586815228
725.1677499226246
742.373568554627
758.8260600433302
775.3416898792943
791.6570721138967
808.2664809656453
825.6979263385948
840.2172701949861
857.1098731043021
873.0962550294026
893.652739090065
912.793562364593
932.5527700402353
952.0820179510987
972.5778396781183
993.0696378830083
1013.7963478799134
1037.1281337047353
1058.724233983287
1080.9025069637883
1104.3057876818323
1124.7666357164965
1149.1247291860104
1175.8743423088827
1196.7118539151966
1220.81367997524
1241.0844939647168
1268.568245125348
1299.023831631074
1326.5363664500155
1356.2927886103373
1384.0136180748993
1409.1804394924172
1439.7134014237079
1463.4664190653048
1493.0049520272362
1521.1309192200556
1551.18632002476
1579.6558341070877
1609.677808727948
1635.4806561436087
1668.206437635407
1697.9059114825131
1733.6078613432373
1766.392757660167
1796.0702568864128
1834.4800371402043
1873.1470133085732
1908.1757969668834
1944.0328071804395
1977.621788919839
2012.6756422160322
2051.736304549675
2088.9684308263695
2124.7059733828537
2168.644692045806
2210.0436397400185
2253.3135252243887
2293.204890126896
2335.5125348189417
2373.363974001857
2413.6722376973075
2461.403280718044
2508.960383782111
2551.9322191272054
2594.3528319405755
2633.737542556484
2681.5803156917364
2717.053853296193
2773.5441039925718
2816.909316001238
2861.6573816155988
2898.3599504797276
2934.021355617456
2978.137418755803
3025.460538532962
3063.065614360879
3111.954193748066
3155.1327762302694
3190.6679046734757
3239.78768183225
3286.5078922934076
3332.4849891674403
3384.692045806252
3437.5880532342926
3479.7214484679666
3525.5889817393995
3575.50139275766
3622.070256886413
3674.1497988238934
3714.392448158465
3757.1792014856082
3798.3698545342
3844.954503249768
3884.4528009904056
3925.285051067781
3971.8573197152587
4026.9981429897866
4066.1674404209225
4111.573816155988
4166.229959764779
4213.864128752708
4249.378211080161
4290.901887960384
4333.249458372021
4378.179820489013
4430.527700402352
4469.962550294026
4504.066852367688
4549.917363045497
4593.667285670072
4630.818322500773
4681.2807180439495
4732.645620550913
4775.82729805014
4830.797895388425
4876.979572887651
4927.42742185082
4981.750232126276
5029.3503559269575
5068.3649025069635
5106.163416898793
5150.110492107707
5213.197771587744
5255.142061281337
5293.7397090684
5336.359950479728
5380.093469514082
5418.071804394925
5457.325286289075
5489.048901268957
5538.318167749922
5574.303930671619
5622.739399566698
5665.620241411328
5698.268647477561
5729.509439801919
5777.629526462396
5817.631692974312
