17.0
17.0
16.940966409998847
16.87802700591444
16.819997768106287
16.759178663095675
16.69858274746126
16.63798683182687
16.585872112487568
16.52773127999101
16.471933935944616
16.416694565338663
16.360897221292184
16.30208682066739
16.24372279879478
16.183796451289005
16.12331213034255
16.063943756277343
16.002678272514242
15.940296841870326
15.883048766878696
15.829148532529851
15.771900457538221
15.710188595022878
15.649815868764646
15.59390693003013
15.536993639102779
15.478741211918306
15.423725030688539
15.361120410668446
15.303983930364915
15.244838745675706
15.187479075995983
15.1266599709854
15.066956812855702
15.01171744224976
14.954804151322394
14.896663318826018
14.838522486329644
14.780716437897553
14.725142283227331
14.668228992299966
14.608525834170301
14.549603838857255
14.495034036379872
14.435777257002558
14.374846557303872
14.316147751367035
14.260350407320605
14.201316817319485
14.145184689208794
14.084477178886281
14.028903024216053
13.972770896105342
13.915411226425629
13.85146747014842
13.793103448275833
13.738198861734167
13.679388461109241
13.620020087043857
13.562325633299855
13.511661644905688
13.450172971766538
13.39080459770115
13.33232898114048
13.275527284901242
13.217386452404865
13.156009373953806
13.09619462113602
13.036714652382564
12.977346278317157
12.918089498939858
12.861287802700595
12.80102667113043
12.745898895212596
12.67871889298069
12.617788193281998
12.558866197968984
12.496707956701258
12.43521928356209
12.378975560763296
12.318937618569358
12.262135922330119
12.203213927017067
12.141836848566019
12.084588773574366
12.029014618904139
11.969199866086383
11.91139381765426
11.85593125767213
11.798683182680495
11.74110032362458
11.684856600825773
11.62214038611763
11.563218390804598
11.503403637986858
11.440017855150076
11.38120745452516
11.322955027340713
11.259904028568254
11.196183461667223
11.136480303537574
11.076330766655515
11.019529070416269
10.958040397277077
10.899899564780718
10.841200758843913
10.784287467916531
10.7236915522821
10.662649257895335
10.604954804151328
10.545028456645454
10.480415132239703
10.419707621917143
10.360339247851806
10.29795781720791
10.238701037830607
10.180113826581868
10.122307778149771
10.064501729717657
10.00781162816652
9.949336011605835
9.888070527842888
9.828590559089365
9.765651155005054
9.705055239370632
9.650931815645581
9.592679388461114
9.548487891976372
9.506751478629623
9.467693337797165
9.426291708514647
9.389242272067875
9.356098649704277
9.319160807945483
9.287133132462904
9.248074991630386
9.214484990514466
9.176765985939074
9.136591898225605
9.097980136145495
9.06003794219392
9.025220399508989
8.984934717107512
8.948108470036779
8.905479299185346
8.870438567124195
8.836402187255874
8.80348175426855
8.768441022207407
8.732284343265206
8.694453744001752
8.659636201316822
8.630621582412662
8.596250418480098
8.560874902354636
8.527508090614933
8.486887624149123
8.451177323959339
8.413235130007811
8.377524829818105
8.339024662426004
8.301194063162587
8.267492467358576
8.23557638656404
8.200312465126695
8.16449057024888
8.126659970985404
8.092177212364643
8.052561098091678
8.016739203213891
7.980694118959936
7.950340363798685
7.915634415801808
7.878808168731168
7.843655841981922
7.805825242718447
7.771565673473942
7.736524941412792
7.703604508425397
7.670795670126102
7.632630286798352
7.594130119406313
7.560540118290373
7.52717330655061
7.495480415132239
7.458319383997321
7.420711974110026
7.385894431425054
7.352304430309117
7.315478183238477
7.283338913067737
7.24684745006138
7.209128445486003
7.174534092177203
7.136926682289923
7.0993192724026395
7.063385782836735
7.030576944537439
6.998660863742877
