1000.0
1000.0
1001.1601879538658
1002.9098675779582
1006.0397266125588
1004.7043998291329
1006.1593336181119
1007.5002135839385
1006.0269115762495
1010.121315677061
1012.0726185390859
1011.5181546347715
1013.9679624092269
1014.139256727894
1012.580093976933
1014.8099102947458
1014.3707817172149
1015.4117898334046
1017.4130713370355
1019.4305852199915
1021.1870995301153
1022.2413498504912
1027.001708671508
1028.5185818026484
1030.8979068774029
1034.3408799658266
1037.3084152071765
1041.7133703545494
1042.805211448099
1045.4519436138403
1044.9372063220846
1046.9713797522427
1049.6932934643314
1049.0858607432722
1053.3190944041007
1057.839812046134
1062.6428876548484
1066.4955147372918
1071.140111063648
1075.6172575822297
1077.1495087569415
1080.388295600171
1082.6979923109782
1084.8171721486544
1090.9055958991885
1092.823579666809
1094.2716787697566
1099.8346860316103
1102.875266979923
1110.6014523707818
1110.7855617257583
1116.2763776164034
1119.7394275950448
1125.720632208458
1130.3622383596753
1139.2323793250748
1144.2050405809482
1155.9171294318667
1166.612131567706
1175.0401537804357
1185.5941905168731
1193.191798376762
1205.633917129432
1211.0294745835113
1222.1085006407518
1230.6800512601453
1240.3929944468175
1249.0457069628364
1258.7992310978213
1268.1683041435283
1275.0739000427168
1282.1512174284494
1292.6471593336182
1305.6552755232806
1316.9555745407945
1326.4275950448525
1338.3020076890218
1349.4250320375909
1363.158052114481
1374.9953011533532
1386.5014950875693
1399.1294318667237
1411.6070055531825
1421.575822298163
1432.9487398547628
1446.0504058094832
1457.5732592909014
1471.459205467749
1486.6437419906024
1498.387868432294
1511.1853908586074
1523.1187526697993
1531.8701409653995
1545.9812046134132
1560.771892353695
1572.859034600598
1588.1371208885091
1598.1969243912858
1615.9376334899616
1625.436565570269
1637.540794532251
1655.0439982913285
1670.909440410081
1686.0939769329345
1697.2511747116616
1715.66809055959
1729.4792823579667
1744.2541648868005
1760.2759504485264
1774.2255446390432
1790.3840239214012
1808.9765057667664
1826.965399401965
1842.3554036736437
1864.6962836394703
1884.2199914566424
1901.5933361811192
1916.9154207603588
1931.6369073045707
1944.9196924391285
1968.067919692439
1978.631781290047
1997.0273387441264
2010.0166595472022
2028.4536522853482
2049.0901324220417
2067.9568560444254
2086.1973515591626
2108.7095258436566
2133.574967962409
2154.159760785989
2175.7979495941904
2197.031183255019
2222.9064502349424
2245.390431439556
2273.035882101666
2299.071764203332
2325.6736437419904
2347.035454933789
2376.747970952584
2403.946604015378
2423.155916275096
2449.9354976505765
2473.769329346433
2495.4502349423324
2519.583938487826
2544.5924818453655
2571.3934216146945
2594.6211020931228
2616.2191371208887
2645.3793250747544
2677.6228107646307
2702.1994873985477
2727.3208030756086
2746.512174284494
2777.738573259291
2806.787270397266
2832.301580521145
2859.547629218283
2885.023067065357
2912.4814181973516
2939.248184536523
2970.249466040154
2992.6911576249468
3022.6369073045707
3053.1443827424177
3079.423323366083
3109.366510038445
3138.8184536522854
3165.0093976932935
3198.943186672362
3230.79239641179
3263.945749679624
3285.964972234088
3317.2563007261856
3346.9585647159333
3375.494233233661
3410.9397693293463
3442.786843229389
3477.3938487825717
3510.1478000854336
3539.7270397266125
3571.523707817172
3604.4344297308844
3633.3190944041007
3680.647586501495
3717.051687313114
3748.171294318667
3778.194361384024
3816.013242204186
3846.948312686886
3885.7970952584365
3916.3985476292182
3942.8808201623237
3989.2319521571976
4024.0845792396412
4062.471166168304
4098.529688167449
4147.275096112772
4187.807347287484
