216.0
216.0
215.7838
215.0311
214.4272
213.7731
213.1729
212.4834
212.1211
211.9622
211.7983
211.6995
211.4325
211.3689
211.5121
211.1725
211.1812
211.0018
210.7238
210.723
210.5809
210.2966
210.9387
211.1136
211.275
211.1043
211.1095
211.2994
211.8027
211.9524
211.953
211.8279
211.517
211.812
211.4278
211.8661
211.8411
211.5139
211.624
212.0101
212.3259
212.4609
213.0926
213.5105
213.8259
213.7471
214.2018
214.1561
214.3824
215.0756
215.6311
216.0043
216.419
217.1062
217.1563
217.6541
218.0634
218.6347
218.8068
219.2543
219.3883
219.9603
220.4716
220.9195
221.4161
222.5643
222.9215
222.8617
223.5895
224.0189
224.2553
224.1398
224.4743
224.7593
224.8777
225.272
225.7525
225.8131
225.8215
226.2593
226.3617
226.0414
226.1506
226.1538
226.4363
226.5526
226.3824
226.5285
226.7666
226.8947
226.8222
226.8021
226.694
227.083
227.1624
226.9732
227.1247
226.7345
226.2954
226.4194
226.19
226.1712
226.5765
226.4997
226.8137
226.7696
226.4037
226.7081
226.9941
226.5069
226.6001
226.4579
225.7903
225.6713
225.5225
225.3399
225.4944
225.9268
225.7997
225.6173
225.7672
226.0273
226.3452
226.0726
225.9205
225.9716
226.1572
226.2123
226.4812
226.2936
225.7929
225.5505
225.555
225.397
225.2477
225.4338
225.122
225.2545
224.5889
224.7677
224.8912
224.8195
224.9074
224.9012
225.5465
225.5383
225.3184
225.8621
225.8392
225.6784
225.4077
225.713
225.1714
225.0033
224.6937
224.623
224.22
224.0818
223.7089
223.1096
222.8137
222.8097
222.4851
222.2506
221.7301
221.2466
221.3984
221.6118
221.568
221.178
220.8377
220.7519
220.3272
220.1935
220.4415
220.7121
220.6397
220.5358
220.6307
220.062
219.7941
219.6684
219.7051
219.5662
219.603
218.7528
217.97
217.7366
217.6156
217.6514
217.8599
218.1586
218.2351
218.2266
217.6436
216.9251
216.9799
217.0199
216.89
216.5206
