27000.0
27000.0
27061.39932318105
27069.31810490694
27138.345177664974
27294.988155668358
27339.63959390863
27415.979695431473
27502.747884940778
27536.522842639595
27564.115059221658
27590.0
27660.460236886633
27739.71573604061
27834.204737732656
27934.6345177665
27940.44162436548
28022.111675126904
28074.299492385788
28165.63959390863
28193.595600676817
28212.553299492385
28194.95093062606
28220.996615905246
28200.38578680203
28208.97461928934
28284.54314720812
28305.888324873096
28333.275803722503
28294.363790186126
28331.187817258884
28333.807106598986
28408.17597292724
28426.02538071066
28477.248730964468
28499.375634517768
28520.70219966159
28577.379018612522
28549.470389170896
28598.94923857868
28651.005076142133
28643.901861252114
28607.350253807108
28626.663282571913
28633.18274111675
28628.111675126904
28672.68358714044
28701.118443316413
28745.996615905246
28767.605752961084
28804.39763113367
28814.988155668358
28834.351945854483
28802.68358714044
28805.34010152284
28844.846023688664
28864.97461928934
28902.53807106599
28945.192893401014
28932.13197969543
28912.50592216582
28962.89847715736
29027.296108291033
29018.90524534687
29044.26057529611
29042.269035532994
29018.279187817257
29026.199661590523
28979.60067681895
29003.160744500845
29065.922165820644
29084.649746192892
29131.121827411167
29117.89847715736
29120.871404399324
29166.812182741116
29174.15228426396
29169.598984771572
29127.409475465312
29077.26734348562
29129.27241962775
29130.744500846024
29122.302876480542
29140.844331641285
29094.979695431473
29079.561759729273
29110.42470389171
29107.021996615906
29139.357021996617
29123.622673434857
29139.30964467005
29151.00676818951
29164.6565143824
29154.29272419628
29148.005076142133
29123.578680203045
29115.17597292724
29084.472081218275
29061.75296108291
29141.522842639595
29187.610829103214
29193.0744500846
29185.74111675127
29182.45685279188
29131.66497461929
29117.05752961083
29113.49915397631
29094.270727580373
29058.654822335026
29043.03214890017
29081.915397631135
29133.747884940778
29105.472081218275
29074.22165820643
29069.497461928935
29092.21489001692
29072.26565143824
29074.9255499154
29041.957698815568
29040.80879864636
29022.57698815567
29042.470389170896
29045.668358714043
29008.294416243654
28976.57529610829
29003.067681895092
28947.79695431472
28904.2165820643
28878.13367174281
28850.813874788495
28785.29780033841
28777.912013536377
28792.228426395937
28793.353637901862
28752.42470389171
28708.257191201355
28700.243654822334
28625.495769881556
28642.95093062606
28616.39932318105
28501.372250423014
28470.382402707277
28396.697123519458
28333.871404399324
28298.749576988157
28251.87478849408
28204.350253807108
28117.959390862943
28021.446700507615
27953.02538071066
27892.729272419627
27839.86632825719
27779.24196277496
27668.39932318105
27615.75972927242
27524.12013536379
27460.269035532994
27458.15905245347
27449.280879864637
27374.093062605752
27343.11336717428
27281.737732656515
27224.231810490695
27174.09983079526
27169.445008460236
27109.56345177665
27094.197969543147
27059.48054145516
26993.387478849407
26969.774957698817
26931.636209813874
26910.326565143823
26825.06937394247
26773.414551607446
26712.881556683587
26667.453468697124
26626.00676818951
26528.65989847716
26437.05076142132
26411.37394247039
26364.09475465313
26340.478849407784
26258.003384094754
26224.079526226735
26171.788494077835
26190.903553299493
26161.857868020306
26103.269035532994
26066.299492385788
26065.223350253807
26031.270727580373
25902.934010152283
25863.434856175973
25865.81725888325
25792.463620981387
25771.773265651438
25713.77834179357
25668.49915397631
25599.44162436548
25575.382402707277
