0.0
0.0
0.0045000000000000205
0.010499999999999968
0.014599999999999983
0.01869999999999999
0.0226
0.026600000000000013
0.03
0.033200000000000104
0.03499999999999997
0.039900000000000026
0.042599999999999937
0.042699999999999814
0.04600000000000007
0.04760000000000007
0.0500000000000001
0.05060000000000002
0.05349999999999999
0.0541999999999999
0.057800000000000025
0.059499999999999977
0.0595
0.06250000000000017
0.06350000000000011
0.06430000000000036
0.0666
0.06839999999999981
0.0681000000000003
0.0711000000000003
0.07499999999999976
0.0773999999999997
0.07700000000000029
0.07690000000000002
0.07930000000000012
0.08009999999999988
0.08079999999999979
0.07990000000000042
0.08100000000000002
0.08229999999999987
0.08189999999999993
0.08410000000000012
0.0861999999999997
0.08760000000000011
0.0865999999999999
0.0868000000000002
0.08720000000000022
0.08880000000000011
0.09040000000000012
0.09190000000000018
0.09239999999999986
0.09309999999999989
0.09269999999999971
0.0926999999999999
0.09560000000000003
0.09990000000000017
0.10320000000000004
0.10630000000000002
0.1083
0.11289999999999997
0.115
0.11999999999999986
0.12330000000000019
0.12889999999999985
0.1322000000000002
0.13420000000000082
0.14060000000000014
0.14570000000000036
0.1487000000000001
0.1489000000000004
0.1517999999999992
0.15409999999999974
0.15779999999999997
0.16150000000000028
0.16320000000000057
0.16559999999999953
0.16949999999999985
0.1734000000000008
0.17660000000000034
0.18130000000000013
0.18599999999999964
0.18709999999999963
0.19150000000000006
0.19299999999999967
0.19370000000000043
0.19519999999999962
0.19789999999999996
0.19979999999999953
0.20229999999999979
0.20579999999999996
0.20589999999999972
0.20730000000000004
0.21030000000000026
0.2132999999999996
0.2156
0.2182
0.2200999999999999
0.2224999999999996
0.2234000000000001
0.22600000000000028
0.2253
0.2275
0.2272000000000001
0.22729999999999992
0.22979999999999992
0.23150000000000004
0.2338999999999999
0.23580000000000004
0.2386
0.24259999999999995
0.2441
0.24419999999999994
0.2424999999999999
0.24239999999999995
0.2462
0.24840000000000073
0.24950000000000058
0.2541000000000003
0.25470000000000087
0.2559999999999991
0.25769999999999815
0.25810000000000016
0.25749999999999934
0.2565000000000001
0.25749999999999934
0.2572000000000029
0.2587000000000008
0.26100000000000034
0.26089999999999974
0.2638000000000001
0.26779999999999843
0.2730999999999989
0.27429999999999993
0.28109999999999824
0.28419999999999906
0.2880999999999994
0.2911999999999992
0.2936999999999998
0.29910000000000037
0.3022999999999993
0.30680000000000024
0.3073000000000001
0.30919999999999975
0.31579999999999925
0.3180000000000005
0.32400000000000034
0.32589999999999936
0.33129999999999904
0.33219999999999916
0.33380000000000054
0.33539999999999925
0.33740000000000075
0.33820000000000067
0.3422000000000001
0.34030000000000005
0.34089999999999987
0.3417000000000004
0.34570000000000023
0.3475000000000023
0.3468999999999997
0.35070000000000123
0.35339999999999894
0.35330000000000006
0.3564000000000001
0.35959999999999925
0.3600000000000001
0.36379999999999924
0.3645000000000007
0.36569999999999864
0.36759999999999904
0.372900000000001
0.37530000000000047
0.3770000000000014
0.37910000000000016
0.38089999999999985
0.38299999999999984
0.3872000000000004
0.38949999999999874
0.3870999999999998
0.3884000000000001
0.3888999999999998
0.38920000000000055
0.3915999999999991
0.39179999999999965
0.3938000000000004
0.39580000000000076
0.3946999999999992
0.39579999999999976
0.3930000000000001
0.3986999999999988
0.4034
0.4049000000000005
0.40709999999999985
0.40739999999999954
0.41069999999999857
0.4082
0.4085000000000005
0.4092000000000001
0.4125000000000002
0.418200000000001
