144.0
144.0
142.651
141.4301
140.1245
138.8278
137.4399
136.194
134.7966
133.4626
132.18
130.8507
129.4753
128.2347
127.0135
125.8041
124.6622
123.4847
122.3223
121.1271
119.9619
118.7852
117.5949
116.4458
115.3469
114.2534
113.1475
112.0253
110.9688
109.8572
108.8032
107.7402
106.6108
105.5536
104.5488
103.63
102.5758
101.5787
100.5741
99.5672
98.5156
97.4964
96.4925
95.5337
94.6426
93.6458
92.7623
91.8237
90.881
89.9564
89.0285
88.0436
87.0378
86.1307
85.2935
84.5515
83.7581
83.0245
82.3
81.6252
80.9888
80.3024
79.6207
78.9956
78.3389
77.7614
77.0951
76.4744
75.8107
75.2188
74.5878
73.9254
73.2619
72.6787
71.976
71.3383
70.7407
70.2053
69.6232
68.9557
68.4207
67.8007
67.2734
66.7224
66.0445
65.4918
64.9567
64.4067
63.8769
63.2408
62.7444
62.1653
61.588
61.0238
60.5376
59.9358
59.4273
58.9253
58.3565
57.8518
57.3064
56.7599
56.2217
55.7251
55.2111
54.6882
54.1784
53.7485
53.2589
52.7608
52.2173
51.7383
51.2344
50.7083
50.1991
49.63
49.1937
48.7134
48.251
47.7782
47.3301
46.8871
46.4161
45.9642
45.4719
44.9911
44.5409
44.0982
43.6755
43.2376
42.8235
42.4427
42.0574
41.6663
41.3384
40.9426
40.5795
40.1891
39.7814
39.3879
39.0186
38.5956
38.2228
37.8522
37.5081
37.1526
36.866
36.5345
36.1943
35.8577
35.5041
35.1663
34.8329
34.5277
34.2208
33.9008
33.5942
33.3006
33.005
32.6688
32.3448
32.0681
31.7569
31.4506
31.1178
30.8429
30.5188
30.2505
29.9967
29.6949
29.4342
29.1204
28.8464
28.5921
28.2813
28.0293
27.779
27.5015
27.212
26.9469
26.6824
26.4178
26.1399
25.8701
25.591
25.3211
25.063
24.8647
24.607
24.4063
24.1883
23.9333
23.7137
23.472
23.2926
23.0384
22.8221
22.6287
22.4307
22.2316
