361.0
361.0
357.4677791344458
354.28313661646996
350.998371998372
348.0432777099444
344.71686338353004
341.6825396825397
338.84004884004884
336.1239994573328
332.8061321394655
330.04965404965407
327.2204585537919
324.5232668566002
322.16551349884685
319.30457197123866
316.96459096459097
314.4036087369421
312.10310676977343
309.69895536562206
307.1983448650115
304.9137159137159
302.1718898385565
299.984533984534
297.7155067155067
295.0854700854701
292.82716049382714
290.5569122235789
288.51146384479716
286.42124542124543
284.09795143128474
281.95889295889293
279.7920227920228
277.6103649436983
275.637091303758
273.28652828652827
271.13200379867044
269.2611585944919
267.45461945461943
265.65309998643335
263.3288563288563
261.53778320444985
259.685524352191
257.8841405508072
256.08411341744676
254.20906254239588
252.30782797449464
250.6351919685253
248.66341066341067
246.96038529371862
244.92606159272825
242.88617555284222
240.97530864197532
239.35368335368335
238.1588658255325
237.50413783747118
237.0360873694207
236.5134988468322
235.92687559354226
235.40333740333742
234.95712929046263
234.52272418939086
233.55664088997423
233.4653371320038
232.85103785103786
231.97218830552163
231.47903947903947
230.92755392755393
230.36019536019535
229.97015330348663
229.3705060371727
228.77601410934744
228.2363315696649
227.677384344051
226.95346628679962
226.19074752408085
225.91547958214625
225.32085198751867
224.89635056301722
224.54592321258988
223.9343372676706
223.46275946275946
222.96893230226564
222.32641432641432
221.7114367114367
221.34595034595034
220.67670601003934
220.1604938271605
219.51892551892553
218.8264821598155
218.2367385700719
217.8309591642925
217.23280423280423
216.76421109754443
216.5516212182879
215.99498032831366
215.62325328991994
215.02170668837334
214.33374033374034
213.92918192918194
213.63139329805998
213.31230497897164
212.6258309591643
212.08899742233075
211.49803283136617
210.89200922534255
210.36426536426538
209.95088861755528
209.36779270112604
209.10866910866912
208.65567765567766
208.15655948989283
207.69257902591235
207.29941663274997
206.88631121964454
206.3692850359517
205.80993080993082
205.04110704110704
204.50970017636683
204.06254239587574
203.95604395604394
203.26644959978293
202.5674942341609
201.9671686338353
201.4147334147334
201.0393433726767
200.46560846560845
200.12264278930945
200.01126034459367
200.17813051146385
200.6133496133496
200.9598426265093
201.16280016280015
201.74331840998508
201.8464251797585
202.2071632071632
202.328313661647
202.8431691765025
202.98141364808032
203.6176909510243
203.9063899063899
204.29900963234297
204.75688509021842
205.27269027269028
205.53696920363586
206.0442273775607
206.45828245828247
206.8260751594085
207.3211233211233
207.87695021028355
208.1969881969882
208.56640889974224
208.8362501695835
209.3886853886854
209.8540225206892
210.0819427486094
210.55989689323022
211.0332383665717
211.83000949667615
212.16551349884682
212.61633428300095
213.21191154524487
213.67426400759734
213.91737891737893
214.61701261701262
215.0312033645367
215.30511463844798
216.02401302401302
216.6174196174196
217.16876950210283
217.74277574277573
218.24053724053724
218.51132817799484
219.13648080314746
219.5816035816036
219.98507665174333
220.69230769230768
221.13431013431014
221.6894586894587
222.00827567494235
222.32071632071631
222.85782119115453
223.08370641703976
223.77737077737078
224.18437118437117
224.40347307013974
224.74983041649708
225.2675349342016
225.9485822819156
226.3838013838014
226.6809116809117
226.98724732058065
227.72975172975174
228.16307149640483
228.8260751594085
229.24311490978158
229.6237959571293
229.9716456383123
230.37688237688238
230.9517026183693
