2197.0
2197.0
2204.8595543551655
2217.860229574612
2228.860229574612
2242.3119513842
2251.8305199189736
2263.0938555030384
2268.2106684672517
2282.2228224172854
2291.7346387575963
2312.860229574612
2324.2538825118163
2339.4017555705605
2362.5725860904795
2378.6806212018905
2394.5901417960836
2407.2410533423363
2423.571235651587
2441.8723835246456
2458.5881161377447
2476.9520594193114
2499.7197839297773
2522.4402430790005
2539.320054017556
2559.4969615124915
2574.379473328832
2593.2694125590815
2616.647535449021
2637.044564483457
2659.7164078325454
2680.1424713031734
2708.2957461174883
2731.787305874409
2754.8669817690748
2769.6765698852128
2792.441593517893
2824.4922349763674
2847.1904118838625
2874.925725860905
2899.6556380823768
2922.42201215395
2944.1796083727213
2964.451721809588
2989.7143821742065
3019.7164078325454
3045.787305874409
3071.2707629979745
3102.5752869682647
3119.1769074949357
3149.825118163403
3182.3970290344364
3214.6718433490882
3242.4044564483456
3274.0452397029035
3308.243079000675
3333.0762997974343
3368.237677245105
3399.8791357191085
3442.858203916273
3472.4375422012154
3515.8514517218096
3550.723160027009
3581.475354490209
3612.318703578663
3645.5982444294395
3683.6785955435516
3725.6765698852128
3756.014854827819
3783.5199189736663
3833.268737339635
3871.9446320054017
3910.947332883187
3946.470627954085
3976.160027008778
4021.272113436867
4056.0114787305874
4103.072248480757
4144.852126941256
4195.068197164078
4234.258609047941
4281.183659689399
4323.260634706279
4359.366644159351
4411.787981093856
4451.1498987170835
4497.322079675895
4541.605671843349
4599.938555030385
4650.461174881837
4690.578663065497
4736.94868332208
4784.951384199865
4823.205941931127
4883.861580013504
4946.650236326806
4982.489534098582
5027.634706279541
5064.096556380824
5106.095881161377
5147.361242403781
5197.820391627279
5259.793382849426
5309.825118163403
5352.948008102633
5402.938555030385
5451.4402430790005
5491.679945982444
5539.303848750844
5595.085077650237
5637.88251181634
5677.176907494936
5721.763673193788
5774.727886563133
5831.573261309925
5890.338284942606
5941.397704253883
5982.945982444295
6055.632680621202
6114.571235651587
6183.969615124915
6236.576637407157
6297.57798784605
6368.466576637407
6417.474004051317
6489.281566509116
6540.910871033086
6596.66239027684
6657.6272788656315
6712.517218095881
6785.367994598245
6874.1755570560435
6944.258609047941
6989.125590817015
7059.180283592167
7121.0
7182.796083727211
7254.735989196489
7312.782579338285
7371.101282916948
7446.176232275489
7508.46049966239
7587.534098582039
7655.426063470628
7725.937879810938
7800.689399054692
7872.16880486158
7932.770425388251
8011.810263335584
8097.479405806887
8185.232950708981
8258.653612424037
8342.186360567184
8410.374071573262
8497.0918298447
8590.510465901418
8660.484132343012
8746.276839972992
8814.530722484807
8888.95948683322
8957.717758271438
9025.533423362593
9106.132343011479
9153.987846049966
9226.784604996625
9302.215395003375
9381.369345037137
9478.89534098582
9573.235651586765
9656.389601620527
9747.377447670493
9841.324105334234
9915.513166779203
10005.964213369345
10097.416610398379
10165.829844699527
10261.008777852801
10370.031735313976
10445.119513841999
10514.10803511141
10611.70830519919
10721.799459824442
10824.05671843349
10917.508440243078
10994.727211343687
11103.846725185686
11193.311276164754
11289.65698852127
11395.257258609048
11496.031735313976
11579.91357191087
11647.461174881837
11748.329507089804
11847.045239702904
11951.072923700203
12031.353814989872
12100.267386900743
12184.111411208643
12249.083051991898
12353.856178257935
