4913.0
4913.0
4978.726768377253
5062.92371705964
5139.521497919556
5193.2163661581135
5273.219140083218
5334.527045769764
5410.423023578363
5478.8224687933425
5577.108183079057
5661.940360610263
5749.589459084605
5824.75173370319
5893.184466019417
5965.834951456311
6046.00693481276
6128.502080443828
6185.560332871012
6312.0097087378645
6400.588072122053
6496.281553398058
6586.50346740638
6705.746185852982
6791.994452149792
6874.184466019417
6989.527045769764
7072.857142857143
7149.274618585298
7247.879334257975
7333.259361997226
7406.8613037447985
7518.600554785021
7620.124826629681
7694.113730929265
7784.155339805825
7898.137309292649
7981.0679611650485
8038.640776699029
8113.538141470181
8211.794729542302
8296.343966712899
8382.536754507628
8473.98613037448
8578.445214979196
8673.907073509015
8774.201109570042
8899.643550624132
9007.088765603328
9117.244105409154
9227.044382801665
9347.495145631068
9464.360610263522
9557.481276005548
9651.80721220527
9754.68238557559
9825.658807212205
9921.11789181692
9978.14424410541
10065.15950069348
10120.153952843273
10233.748959778086
10303.133148404993
10362.84882108183
10428.386962552011
10521.601941747573
10587.388349514564
10668.24826629681
10749.532593619972
10807.066574202496
10906.785020804438
10984.271844660194
11071.785020804438
11142.905686546463
11250.43550624133
11315.732316227462
11364.621359223302
11439.40638002774
11532.11789181692
11593.380027739251
11667.740638002773
11733.778085991678
11803.309292649099
11876.615811373093
11942.309292649099
12013.350901525659
12092.872399445216
12194.25520110957
12254.607489597782
12313.287101248266
12409.962552011095
12499.249653259361
12572.19972260749
12659.515950069348
12723.563106796117
12829.994452149793
12896.081830790568
12985.417475728156
13098.253814147018
13175.941747572815
13247.403606102635
13327.431345353676
13381.31761442441
13431.341192787795
13513.499306518725
13571.966712898751
13632.39944521498
13705.787794729542
13755.773925104022
13832.75866851595
13910.528432732317
13980.335644937586
14074.628294036062
14155.56588072122
14231.142857142857
14340.40776699029
14420.299583911234
14488.474341192788
14569.909847434119
14696.370319001388
14763.825242718447
14832.14563106796
14916.506241331484
15008.794729542302
15078.097087378641
15185.404993065187
15252.141470180306
15342.74479889043
15459.244105409154
15582.28987517337
15682.493758668516
15751.815533980582
15878.961165048544
15975.905686546463
16046.754507628293
16132.547850208044
16209.539528432731
16346.44105409154
16431.990291262136
16542.320388349515
16627.08321775312
16711.77253814147
16830.78640776699
16951.052704576978
17052.650485436894
17163.252427184467
17224.024965325938
17351.217753120665
17412.402219140084
17528.506241331484
17642.64771151179
17730.231622746185
17810.499306518723
17912.3439667129
17984.876560332872
18069.11650485437
18170.797503467405
18268.217753120665
18316.278779472956
18392.771151178917
18521.033287101247
18604.3786407767
18699.500693481277
18810.875173370317
18916.337031900137
19042.196948682387
19176.140083217753
19283.646324549238
19336.543689320388
19439.470180305132
19545.052704576978
19647.95839112344
19753.091539528432
19841.69764216366
19912.568654646326
20024.66158113731
20137.890429958392
20228.140083217753
20322.89736477115
20433.31900138696
20509.938973647713
20628.90429958391
20735.1040221914
20830.692094313454
20893.38002773925
20981.93203883495
21084.36615811373
21197.2773925104
21308.411927877947
21381.86823855756
21479.15950069348
21569.445214979194
21735.410540915396
21836.438280166436
21893.81553398058
22021.938973647713
22136.51178918169
22229.66990291262
22348.63522884882
22430.270457697643
