1000.0
1000.0
1014.1265523358959
1024.0579538734476
1033.887640449438
1043.7007687758723
1053.4819633353045
1061.9077468953283
1073.3039621525725
1084.3299822590184
1093.6694263749262
1104.1040804257836
1117.8811354228267
1130.7551744529865
1144.3536369012418
1157.5097575399172
1168.609107037256
1182.1916026020106
1195.364872856298
1210.0969840331165
1226.308693081017
1238.1519810762861
1248.4630396215257
1262.860437610881
1276.982850384388
1295.2868125369603
1306.5955056179776
1323.6238911886458
1343.7060910703726
1362.3796570076877
1375.615020697812
1390.8338261383797
1407.949733885275
1420.0035481963334
1436.0118273211117
1448.478415138971
1465.560615020698
1478.3926670609108
1495.5351862803075
1510.771732702543
1520.340626848019
1535.4878769958605
1550.4464813719692
1572.771732702543
1589.4204612655233
1602.6096984033115
1622.6014192785335
1638.7261975162626
1654.1774098166766
1669.3051448846836
1682.9994086339443
1708.545830869308
1725.0319337670019
1742.5304553518629
1757.3217031342401
1771.2531046717918
1795.3222945002956
1810.6664695446482
1821.0017740981668
1837.632170313424
1851.3855706682436
1874.3968066232999
1893.139562389119
1914.8616203429924
1929.8486102897693
1943.3098758131284
1961.8149024246009
1980.994086339444
1999.4092253104673
2016.5978710821998
2033.240094618569
2054.851567120047
2069.9591957421644
2091.2353636901244
2106.4659964518037
2115.5641632170314
2127.313424009462
2145.581904198699
2160.5038438793613
2172.5263157894738
2181.145476049675
2201.4316972205797
2216.337670017741
2239.547013601419
2255.2708456534597
2273.176818450621
2296.0827912477826
2309.456534594914
2323.674748669426
2338.349497338853
2356.1513897102304
2375.8941454760497
2393.5428740390303
2413.87936132466
2428.488468361916
2451.5996451803667
2469.3039621525722
2485.744529863986
2505.115907746895
2524.3713778829097
2548.4878769958605
2565.2324068598464
2588.127735068007
2606.6061502069783
2620.589591957422
2643.191602602011
2663.560023654642
2683.9030159668837
2710.620934358368
2734.6238911886458
2755.826729745713
2779.7953873447664
2800.8982850384386
2824.373743347132
2834.7522176227085
2864.2264931992904
2887.0017740981666
2911.217031342401
2936.327616794796
2956.978710821999
2974.4204612655235
2994.6670609107036
3016.3199290360735
3030.8409225310465
3046.081608515671
3069.6658781785927
3095.1655824955646
3114.1324659964516
3136.888231815494
3165.9988172678886
3184.306327616795
3208.989946777055
3236.6658781785927
3265.620342992312
3287.328208160852
3318.642223536369
3352.7368421052633
3379.284447072738
3404.0289769367237
3432.176818450621
3465.2785334121822
3501.380839739799
3532.6788882318156
3563.6339444115906
3596.3542282672975
3625.7131874630395
3650.4346540508573
3669.16085156712
3705.8415138971022
3743.0384387936133
3774.461265523359
3796.2785334121822
3830.616203429923
3860.5481963335305
3890.288586635127
3920.8326434062683
3947.723240685985
3974.4015375517447
4007.7273802483737
4039.1017149615614
4073.3270254287404
4098.856889414547
4141.399763453578
4171.692489651094
4222.483737433471
4249.134831460674
4290.476641040805
4338.259018332347
4386.020697811946
4421.9024246008275
4451.384387936132
4478.790656416321
4512.952099349497
4538.431105854524
4570.700177409817
4606.147841513897
4634.212300413957
4664.849201655825
4688.347723240686
4726.277350680071
4770.56830277942
4806.697220579539
4839.9112950916615
4883.002365464223
4927.458900059137
4972.402720283856
5001.169130691898
5046.49733885275
5070.193968066233
5102.671791839149
5138.021289178001
5176.810762862212
5224.473684210527
5262.005913660556
5297.774689532821
5337.820816085156
5374.3737433471315
5419.7912477823775
5459.600827912478
5496.124186871673
