1728.0
1728.0
1713.9969304976978
1700.6599429949572
1688.6996272747206
1677.4178908134181
1664.026090769568
1653.7561938171455
1642.8355623766718
1631.189432142074
1618.8910326682744
1606.53409340057
1595.723964042973
1581.4279763209822
1570.3939925454945
1558.301030475773
1547.1723306292479
1536.682964262223
1524.626178469634
1514.866257399693
1505.6524884893663
1494.7682525761895
1482.7101512826134
1471.755536066652
1460.2668274501207
1448.3799605349705
1437.1686033764524
1427.2317474238105
1417.2576189432143
1405.1846086384564
1395.4137250602937
1385.7952203464154
1376.2723087042316
1368.0322297741723
1356.119710589783
1346.5351896513923
1335.3365490024119
1326.7410655557992
1316.7452313089234
1306.5722429291823
1296.4926551194912
1286.3262442446833
1278.245998684499
1268.5757509318132
1257.1642183731637
1246.921289190967
1237.0738873054154
1225.9401447051084
1215.777022582767
1206.2188116641087
1195.3556237667178
1184.1341811006357
1173.3034422275816
1163.6785792589344
1155.2543301907476
1147.5233501425125
1140.988379741285
1134.5584301688227
1128.3766717825038
1124.5529489147116
1119.675290506468
1115.0144705108528
1109.42490681868
1103.8770006577504
1099.4203025652268
1093.9947379960536
1088.634290725718
1083.2977417233062
1078.4733611050208
1072.505590879193
1067.555141416356
1062.043192282394
1057.5816706862531
1051.9423372067529
1047.4205218153913
1042.3852225389169
1038.6511729883798
1035.6193817145363
1032.4442008331507
1027.732953299715
1023.2979609734707
1018.4766498574874
1013.3898267923701
1009.3231747423811
1004.9283051962288
1001.0955930716948
997.7579478184608
993.2280201710151
988.1977636483227
983.8465248848937
979.8425783819338
976.1756193817146
972.4957246217934
969.39180004385
962.3415917561938
957.8802894102171
953.4387195790397
948.4319228239422
943.9480377110283
939.9537382153037
936.1894321420741
932.5744354308266
928.416356062267
923.0741065555799
918.4185485639114
913.961411971059
911.0339837754879
905.8228458671344
900.6549002411751
897.1727691295769
891.9962727472046
887.4895856171892
883.3845647884236
878.9971497478623
875.1017320762991
872.4395965796974
867.9215084411313
864.4422275816706
860.5577724183294
856.9392677044508
854.7739530804648
851.931374698531
848.3527735145801
844.4992326244245
840.0942775707082
836.9098881824161
833.3468537601403
829.7059855294891
825.5351896513922
820.8140758605568
816.0572242929182
810.5314623985968
804.047138785354
797.8903749177812
791.9410217057663
787.0024117518088
780.870203902653
775.4415698311774
770.0230212672659
765.808156106117
759.1120368340277
754.4126288094716
748.2163999123
743.824161368121
737.9730322297742
732.9513264634949
728.0171015128261
722.7265950449463
717.9206314404736
712.5562376671783
707.5597456698092
701.6963385222539
696.889278666959
692.2047796535848
687.3806182854637
683.1541328655996
678.6391142293356
672.3845647884236
666.8399473799606
661.2275816706863
655.734488050866
651.1401008550756
646.0013155009866
640.9287436965577
636.9662354746766
631.754001315501
627.2624424468319
622.0644595483446
617.1442666081999
611.7193597895198
607.7081780311336
603.28458671344
598.1495286121465
593.794562595922
589.3597895198421
584.9105459329095
580.8362201271651
576.31966673975
571.1223415917561
566.6101732076299
562.6408682306512
558.6825257618943
553.9278666959
549.9828984871739
545.0771760578821
540.6597237447928
536.7708835781627
531.8980486735366
527.9405832054374
523.114229335672
519.1135715851786
514.9936417452313
511.29160271870205
507.3676825257619
502.4667836000877
497.9563692172769
493.4130673098005
490.3705327778996
487.0021925016444
483.07958780969085
