3.0
3.0
2.037800000000006
1.2448
0.7311999999999984
0.4092999999999999
0.24940000000000004
0.15849999999999984
0.1137
0.09210000000000008
0.07640000000000002
0.06830000000000001
0.06609999999999978
0.06399999999999988
0.06350000000000011
0.062400000000000025
0.06290000000000005
0.059600000000000035
0.05719999999999998
0.058199999999999946
0.06320000000000006
0.059500000000000025
0.0594
0.059199999999999975
0.060800000000000104
0.057800000000000025
0.05759999999999994
0.0524
0.05280000000000005
0.05520000000000002
0.0617000000000004
0.0561
0.0593
0.05790000000000002
0.05870000000000002
0.05720000000000004
0.057300000000000066
0.052400000000000044
0.05650000000000007
0.057900000000000035
0.05410000000000002
0.050600000000000034
0.05159999999999998
0.052700000000000025
0.0548000000000002
0.05430000000000004
0.056
0.053400000000000135
0.05469999999999998
0.05489999999999998
0.056999999999999974
0.05360000000000011
0.053299999999999986
0.05170000000000013
0.0623999999999999
0.07050000000000019
0.07630000000000009
0.07699999999999985
0.0767
0.0781
0.07589999999999968
0.07489999999999992
0.07430000000000027
0.07330000000000007
0.07219999999999953
0.07309999999999985
0.06860000000000017
0.07039999999999973
0.06920000000000004
0.07129999999999995
0.07369999999999964
0.06949999999999977
0.06599999999999971
0.07009999999999988
0.06959999999999954
0.06939999999999993
0.06829999999999974
0.06989999999999975
0.07120000000000024
0.06950000000000019
0.07380000000000017
0.07529999999999974
0.0707000000000002
0.07410000000000042
0.07539999999999986
0.07429999999999974
0.0757000000000001
0.07199999999999986
0.06919999999999998
0.07439999999999963
0.06989999999999992
0.0706999999999999
0.07090000000000007
0.06919999999999998
0.07020000000000039
0.06850000000000059
0.06779999999999997
0.06959999999999958
0.07010000000000022
0.06679999999999986
0.06809999999999973
0.0692999999999999
0.06690000000000045
0.07039999999999998
0.07019999999999987
0.07090000000000012
0.0721000000000001
0.07220000000000022
0.06970000000000011
0.07130000000000024
0.07079999999999984
0.07380000000000021
0.07209999999999972
0.07219999999999986
0.07030000000000025
0.0706999999999999
0.07109999999999993
0.07000000000000013
0.06839999999999978
0.06749999999999963
0.07000000000000034
0.07120000000000004
0.07430000000000013
0.07130000000000002
0.07170000000000025
0.0687999999999999
0.0652
0.06730000000000037
0.07299999999999991
0.07979999999999968
0.08880000000000023
0.09450000000000015
0.09699999999999996
0.09390000000000023
0.09840000000000004
0.10010000000000013
0.10030000000000003
0.0948000000000001
0.09829999999999992
0.09939999999999981
0.09749999999999992
0.09620000000000012
0.09470000000000003
0.09669999999999995
0.09350000000000004
0.09200000000000015
0.0948000000000001
0.09430000000000013
0.0962
0.09719999999999993
0.09749999999999996
0.09440000000000019
0.0945000000000002
0.09629999999999977
0.09630000000000019
0.09359999999999974
0.09350000000000025
0.09180000000000031
0.09300000000000008
0.09589999999999994
0.09770000000000024
0.0923000000000001
0.09670000000000004
0.09309999999999971
0.09379999999999988
0.09190000000000025
0.08799999999999986
0.09019999999999982
0.09350000000000004
0.0933
0.09239999999999991
0.09010000000000001
0.09230000000000005
0.09059999999999999
0.0905000000000004
0.09120000000000013
0.09169999999999985
0.09370000000000007
0.09369999999999981
0.0919000000000001
0.08780000000000025
0.08740000000000042
0.08350000000000016
0.08479999999999986
0.0855000000000001
0.0880000000000005
0.08749999999999981
0.08890000000000003
0.08970000000000018
0.08660000000000008
0.08489999999999989
0.08699999999999991
0.08579999999999982
0.08619999999999993
0.08980000000000032
0.0894000000000001
0.08529999999999993
0.08549999999999973
0.0869000000000002
0.08530000000000017
