9.0
9.0
8.982279210488402
8.974355280218989
8.97882149546175
8.966719492868462
8.97478749459732
9.000720357297219
9.023627719348797
9.04970465350814
9.103443307880708
9.160351534361043
9.175479037602651
9.195793113384239
9.27114248667339
9.324448926667626
9.374441723094655
9.432646592709984
9.503961965134707
9.567497478749459
9.638668779714738
9.710992652355568
9.787206454401383
9.88056476012102
9.959948134274601
10.073620515775826
10.155309033280506
10.219276761273592
10.302982279210488
10.389137011957931
10.45440138308601
10.543869759400662
10.622244633338136
10.731883013974931
10.848436824665034
10.97882149546175
11.073188301397494
11.189309897709263
11.30082120731883
11.437400950871632
11.526148969889064
11.620083561446478
11.722806512029967
11.847860538827259
11.97738078086731
12.101714450367382
12.243768909379051
12.370839936608558
12.502809393459156
12.650338567929692
12.765883878403688
12.905633194064256
13.051433511021466
13.186284397060943
13.375450223310763
13.588964126206598
13.792393026941363
13.944964702492436
14.121164097392306
14.276617202132257
14.441146808817173
14.619939489987033
14.80190174326466
14.961965134706814
15.147673245929981
15.354415790231956
15.53522547183403
15.73332372856937
15.893675262930413
16.0364500792393
16.239158622676847
16.426451519953897
16.630744849445325
16.803054314940212
16.983863996542286
17.194208327330355
17.40829851606397
17.60265091485377
17.83936032272007
18.041924794698172
18.21221725976084
18.405993372712867
18.625990491283677
18.83114824953177
19.039187436968735
19.22071747586803
19.430773663737213
19.642846852038613
19.879268116986026
20.10877395188013
20.328338856072612
20.52456418383518
20.728425298948277
20.97478749459732
21.21509868894972
21.44546895260049
21.696441434951737
21.950151275032415
22.1861403256015
22.371128079527445
22.587379340152715
22.86687797147385
23.106324737069585
23.36017864860971
23.547759688805648
23.79815588531912
24.087451375882438
24.350381789367525
24.56087019161504
24.760697305863708
25.02492436248379
25.292032848292752
25.521970897565193
25.741968016136003
26.011669788214956
26.256014983431783
26.52110646880853
26.80852903039908
27.087739518801325
27.313643567209336
27.549776689237863
27.840368822936178
28.121164097392306
28.405273015415645
28.677424002305145
28.939489987033568
29.224607405273016
29.510445180809683
29.839216251260627
30.134850886039477
30.469096671949288
30.786918311482495
31.112952024204006
31.49258031983864
31.8634202564472
32.21135283100418
32.577726552369974
32.931854199683045
33.381069010229076
33.731738942515484
34.08946837631465
34.463910099409304
34.86399654228497
35.29116841953609
35.696873649330065
36.064832156749745
36.446477452816595
36.88690390433655
37.31940642558709
37.717619939489985
38.14421553090333
38.576285837775536
38.948278346059645
39.35585650482639
39.75623109062095
40.223742976516355
40.70839936608558
41.18513182538539
41.656965855064115
42.04019593718484
42.56836190750612
43.04451808096816
43.47730874513759
43.8821495461749
44.33266099985593
44.79916438553523
45.23238726408299
45.68462757527734
46.17634346635931
46.645296066849156
47.20357297219421
47.725687941218844
48.26523555683619
48.667050857225185
49.12289295490563
49.57340440858666
49.9976948566489
50.480622388704795
50.91874369687365
51.37991643855352
51.890649762282095
52.4346635931422
52.951303846707965
53.495317677568075
53.952600489842965
54.43797723670941
54.920184411468085
55.491715891081974
56.01944964702493
56.518801325457424
57.09119723382798
57.62714306295923
58.13384238582337
58.68851750468232
59.15963117706382
59.70811122316669
60.23498055035297
60.793977812995244
61.357441290880274
61.89050569082265
