3375.0
3375.0
3429.8387734915923
3483.0741839762613
3530.3827893175076
3583.837784371909
3631.789317507418
3664.349159248269
3705.155291790307
3734.6646884272996
3769.4520276953513
3794.570722057369
3817.2818991097924
3843.5390702274976
3876.620178041543
3916.3986152324433
3939.1275964391693
3953.4490603363006
3993.8862512363994
4016.2878338278933
4039.740850642928
4065.470820969337
4084.063303659743
4104.326409495549
4128.890207715133
4155.498516320475
4174.884272997033
4189.47181008902
4208.354104846687
4216.434223541049
4231.429277942631
4250.419386745796
4263.955489614244
4284.09099901088
4305.854599406528
4317.654797230465
4342.723046488625
4365.178041543027
4379.280909990109
4392.677546983185
4404.537091988131
4426.818991097923
4446.650840751731
4464.712166172107
4487.540059347181
4507.376854599406
4528.580613254204
4537.682492581603
4539.433234421365
4543.081107814046
4569.984174085064
4579.0494559841745
4591.872403560831
4595.265084075173
4613.808110781404
4619.86646884273
4634.480712166172
4651.020771513353
4661.821958456973
4663.73293768546
4683.226508407517
4693.497527200791
4701.98021760633
4710.155291790306
4713.411473788328
4728.252225519288
4739.503461918892
4749.1562809099905
4760.771513353116
4763.009891196835
4775.969337289812
4786.2799208704255
4789.723046488625
4804.956478733927
4813.564787339268
4814.705242334322
4822.424332344213
4839.6815034619185
4843.9891196834815
4849.358061325421
4850.8526211671615
4857.060336300692
4862.316518298714
4866.09099901088
4884.610286844708
4891.026706231454
4899.800197823936
4911.727992087042
4921.155291790306
4923.351137487636
4931.614243323442
4939.288822947577
4939.905044510386
4949.918892185954
4962.197823936696
4969.249258160237
4976.461918892186
4991.615232443126
4987.818001978239
4987.439169139466
4986.992087042532
4991.024727992087
4996.803165182987
5011.750741839763
5019.015825914936
5027.427299703264
5035.441147378833
5059.157270029674
5057.906033630069
5064.414441147379
5070.431256181998
5087.314540059348
5089.95153313551
5101.459940652819
5119.912957467854
5129.132542037587
5130.765578635015
5134.723046488625
5136.045499505441
5135.763600395648
5144.875370919881
5140.952522255193
5143.52818991098
5145.253214638971
5155.097922848665
5157.673590504451
5163.857566765579
5172.026706231454
5165.212660731949
5160.903066271018
5166.169139465876
5165.961424332344
5164.538081107814
5163.281899109792
5154.825914935707
5139.838773491592
5141.6132542037585
5136.603363006924
5132.637982195845
5135.939663699308
5128.354104846687
5118.742828882295
5110.028684470821
5109.854599406528
5103.028684470821
5086.80118694362
5074.245301681503
5065.265084075173
5051.118694362018
5045.890207715133
5044.054401582592
5038.362017804155
5030.569732937685
5016.205736894164
5019.072205736894
5008.418397626113
4998.522255192878
4997.031651829871
4995.888229475767
4987.261127596439
4977.40356083086
4978.654797230465
4968.003956478734
4954.018793273986
4942.189910979228
4931.906033630069
4928.985163204748
4915.640949554896
4897.851632047477
4890.793273986153
4885.452027695351
4888.501483679525
4877.184965380811
4866.647873392681
4861.588526211672
4863.150346191889
4852.362017804155
4836.562809099901
4835.692383778437
4823.150346191889
4805.19881305638
4797.401582591494
4786.5064292779425
4782.398615232443
4784.440158259149
4778.157270029674
4773.786350148368
4759.297725024728
4756.323442136499
4751.952522255193
4743.938674579624
4733.04253214639
4715.507418397626
4702.787339268051
4694.402571711177
4677.859545004945
4670.411473788328
4661.903066271018
4643.586547972304
4627.68743818002
