9.0
9.0
9.077594568380217
9.149369544131924
9.210475266731326
9.261881668283213
9.33656644034918
9.407371483996124
9.467507274490782
9.5101842870999
9.557710960232773
9.627546071774965
9.697381183317153
9.749757516973814
9.804073714839967
9.863239573229885
9.927255092143554
9.978661493695434
10.037827352085362
10.114451988360821
10.169738118331717
10.23278370514064
10.283220174587779
10.339476236663437
10.387972841901078
10.450048496605248
10.522793404461687
10.585838991270611
10.637245392822505
10.711930164888456
10.763336566440346
10.822502424830269
10.867119301648875
10.913676042677016
10.967022308438407
11.023278370514063
11.079534432589721
11.11348205625607
11.167798254122218
11.236663433559663
11.300678952473344
11.343355965082456
11.402521823472354
11.469447138700284
11.523763336566441
11.58292919495636
11.65179437439379
11.711930164888454
11.775945683802137
11.818622696411248
11.87875848690592
11.916585838991274
11.987390882638211
12.051406401551898
12.12706110572261
12.176527643064986
12.258001939864206
12.31425800193986
12.364694471387002
12.417070805043645
12.456838021338502
12.49466537342386
12.53831231813773
12.591658583899127
12.633365664403488
12.691561590688648
12.750727449078564
12.792434529582925
12.833171677982536
12.873908826382154
12.92240543161979
12.966052376333655
13.000969932104747
13.038797284190103
13.07953443258972
13.11833171677983
13.165858389912707
13.196896217264795
13.246362754607176
13.280310378273523
13.317167798254117
13.371483996120272
13.417070805043648
13.455868089233755
13.499515033947626
13.533462657613972
13.566440349175558
13.610087293889428
13.651794374393786
13.677012609117366
13.718719689621729
13.75460717749758
13.803103782735207
13.8360814742968
13.889427740058192
13.921435499515042
13.966052376333653
14.00387972841901
14.043646944713872
14.083414161008733
14.126091173617846
14.150339476236665
14.187196896217264
14.213385063045585
14.25509214354995
14.295829291949563
14.34529582929195
14.37827352085354
14.40737148399612
14.4364694471387
14.459747817652762
14.496605237633366
14.536372453928227
14.577109602327837
14.593598448108635
14.631425800193986
14.671193016488846
14.705140640155193
14.746847720659552
14.790494665373425
14.82444228903977
14.85548011639185
14.89427740058196
14.919495635305529
14.957322987390883
14.991270611057226
15.028128031037827
15.050436469447138
15.065955383123182
15.095053346265761
15.128031037827352
15.153249272550921
15.176527643064986
15.204655674102813
15.249272550921436
15.280310378273521
15.302618816682834
15.321047526673134
15.346265761396703
15.360814742967992
15.380213385063046
15.405431619786615
15.424830261881668
15.44713870029098
15.479146459747817
15.497575169738118
15.525703200775945
15.543161978661495
15.566440349175558
15.599418040737149
15.62560620756547
15.649854510184287
15.680892337536372
15.711930164888457
15.744907856450048
15.768186226964113
15.795344325897187
15.828322017458778
15.843840931134821
15.8729388942774
15.8913676042677
15.916585838991274
15.936954413191076
15.976721629485937
15.997090203685756
16.00290979631423
16.017458777885587
16.03782735208534
16.05625606207572
16.07565470417071
16.095053346265768
16.120271580989375
16.14839961202714
16.160038797284198
16.18525703200776
16.20368574199805
16.223084384093106
16.22987390882638
16.2541222114452
16.27740058195928
16.302618816682838
16.324927255092156
16.34723569350147
16.366634335596487
16.384093113482056
16.396702230843815
16.419010669253165
16.434529582929173
16.45101842870997
16.464597478176515
16.48884578079535
16.520853540252176
16.53734238603298
16.5557710960233
16.580019398642087
16.59650824442286
16.61008729388943
16.629485935984473
16.654704170708058
16.67410281280309
