0.0
0.0
0.271356783919598
0.542713567839196
0.8140703517587939
1.085427135678392
1.35678391959799
1.628140703517588
1.8994974874371862
2.170854271356784
2.442211055276382
2.71356783919598
2.984924623115578
3.256281407035176
3.5276381909547743
3.7989949748743723
4.07035175879397
4.341708542713568
4.613065326633166
4.884422110552763
5.155778894472361
5.427135678391958
5.698492462311556
5.969849246231154
6.241206030150751
6.512562814070349
6.7839195979899465
7.055276381909544
7.326633165829142
7.597989949748739
7.869346733668337
8.140703517587935
8.412060301507534
8.683417085427132
8.954773869346731
9.22613065326633
9.497487437185928
9.768844221105526
10.040201005025125
10.311557788944723
10.582914572864322
10.85427135678392
11.125628140703519
11.396984924623117
11.668341708542716
11.939698492462314
12.211055276381913
12.482412060301511
12.75376884422111
13.025125628140708
13.296482412060307
13.567839195979905
13.839195979899504
14.110552763819102
14.381909547738701
14.6532663316583
14.924623115577898
15.195979899497496
15.467336683417095
15.738693467336693
16.010050251256292
16.28140703517589
16.552763819095485
16.824120603015082
17.09547738693468
17.366834170854275
17.638190954773872
17.90954773869347
18.180904522613066
18.452261306532662
18.72361809045226
18.994974874371856
19.266331658291453
19.53768844221105
19.809045226130646
20.080402010050243
20.35175879396984
20.623115577889436
20.894472361809033
21.16582914572863
21.437185929648226
21.708542713567823
21.97989949748742
22.251256281407017
22.522613065326613
22.79396984924621
23.065326633165807
23.336683417085403
23.608040201005
23.879396984924597
24.150753768844194
24.42211055276379
24.693467336683387
24.964824120602984
25.23618090452258
25.507537688442177
25.778894472361774
26.05025125628137
26.321608040200967
26.592964824120564
26.86432160804016
27.135678391959758
27.407035175879354
27.67839195979895
27.949748743718548
28.221105527638144
28.49246231155774
28.763819095477338
29.035175879396935
29.30653266331653
29.577889447236128
29.849246231155725
30.12060301507532
30.391959798994918
30.663316582914515
30.93467336683411
31.20603015075371
31.477386934673305
31.748743718592902
32.0201005025125
32.2914572864321
32.5628140703517
32.8341708542713
33.1055276381909
33.3768844221105
33.6482412060301
33.9195979899497
34.1909547738693
34.4623115577889
34.7336683417085
35.0050251256281
35.2763819095477
35.5477386934673
35.8190954773869
36.0904522613065
36.3618090452261
36.6331658291457
36.9045226130653
37.175879396984904
37.447236180904504
37.718592964824104
37.989949748743705
38.261306532663305
38.532663316582905
38.804020100502505
39.075376884422106
39.346733668341706
39.618090452261306
39.88944723618091
40.16080402010051
40.43216080402011
40.70351758793971
40.97487437185931
41.24623115577891
41.51758793969851
41.78894472361811
42.06030150753771
42.33165829145731
42.60301507537691
42.87437185929651
43.14572864321611
43.41708542713571
43.68844221105531
43.95979899497491
44.23115577889451
44.50251256281411
44.77386934673371
45.04522613065331
45.31658291457291
45.58793969849251
45.85929648241211
46.13065326633171
46.40201005025131
46.67336683417091
46.944723618090514
47.216080402010114
47.487437185929714
47.758793969849314
48.030150753768915
48.301507537688515
48.572864321608115
48.844221105527716
49.115577889447316
49.386934673366916
49.658291457286516
49.92964824120612
50.20100502512572
50.47236180904532
50.74371859296492
51.01507537688452
51.28643216080412
51.55778894472372
51.82914572864332
52.10050251256292
52.37185929648252
52.64321608040212
52.91457286432172
53.18592964824132
53.45728643216092
53.72864321608052
