12167.0
12167.0
12105.766
12041.2817
11977.8749
11917.6819
11855.7678
11792.8245
11729.5091
11660.0259
11600.4589
11542.6872
11486.191
11430.53
11378.2926
11320.1405
11271.5435
11217.0648
11167.8781
11123.0419
11072.4008
11020.3455
10966.8914
10917.767
10865.2117
10819.0841
10772.2658
10732.162
10682.6938
10635.9961
10592.2602
10550.3268
10512.731
10474.9734
10431.9904
10386.2716
10350.3287
10309.1412
10268.1227
10227.0822
10189.849
10151.9211
10112.0156
10071.8069
10026.9709
9988.0178
9950.5735
9909.7158
9872.936
9829.6995
9801.1866
9764.206
9728.6704
9692.7219
9658.8146
9626.4353
9597.6582
9568.8287
9544.4843
9506.6636
9473.5923
9446.7659
9423.6852
9393.7034
9365.0056
9333.5411
9305.0763
9277.6129
9247.5367
9215.8277
9187.7817
9151.3661
9123.3405
9095.5943
9079.1001
9051.6201
9018.0727
8992.0336
8966.6686
8941.6454
8911.461
8881.5671
8853.2813
8827.4143
8800.5519
8773.0879
8746.5754
8720.8089
8692.0676
8669.238
8643.6664
8613.8064
8580.2484
8557.5697
8532.2747
8504.2182
8477.0931
8452.508
8421.8261
8400.3813
8370.73
8344.6397
8321.7585
8293.3173
8269.3016
8243.2418
8217.0736
8194.5091
8161.2163
8136.1666
8106.8228
8081.1354
8057.0175
8027.6251
8001.2244
7978.4486
7957.1296
7927.3847
7905.3673
7878.4309
7853.1438
7828.7743
7811.3919
7788.9138
7764.0089
7744.8751
7719.719
7687.5834
7644.4121
7598.7276
7555.5327
7506.0835
7463.7124
7418.6407
7376.3607
7333.1326
7287.3311
7243.2157
7194.3973
7148.9006
7105.414
7064.0354
7023.4449
6980.3597
6940.1961
6899.7678
6855.5578
6812.1698
6770.6899
6733.6513
6692.6212
6653.8066
6613.3048
6580.7004
6540.4194
6502.089
6462.5033
6427.7168
6398.4867
6363.6125
6330.1895
6293.1538
6258.0503
6224.5073
6191.3115
6160.2875
6128.7563
6094.6711
6068.5368
6031.8444
5999.2671
5967.53
5935.8422
5901.2175
5868.2541
5835.6119
5808.583
5774.4941
5745.6629
5718.1771
5689.24
5657.658
5628.7056
5600.4088
5569.1744
5537.4907
5516.8786
5488.1263
5460.6742
5429.6016
5397.4461
5376.5943
5353.7772
5329.3133
5300.4308
5273.7264
5247.7227
5216.9767
5187.8915
5159.8725
