9.0
9.0
8.8968
8.8084
8.7179
8.626
8.546
8.4878
8.417
8.352
8.2772
8.214
8.1397
8.0886
8.0263
7.9542
7.8778
7.8219
7.7649
7.7209
7.689
7.6439
7.5937
7.5463
7.5064
7.4619
7.4286
7.3808
7.3336
7.2954
7.2543
7.2325
7.2147
7.1858
7.1454
7.1111
7.096
7.0767
7.0543
7.0311
7.0231
6.9989
7.0023
6.9796
6.9883
6.9747
6.9641
6.9473
6.9228
6.8936
6.8801
6.8585
6.8381
6.8365
6.8337
6.8424
6.8389
6.8289
6.8067
6.8128
6.8185
6.8093
6.8161
6.8172
6.8284
6.8419
6.8516
6.8672
6.8839
6.9025
6.8993
6.91
6.9186
6.9334
6.9494
6.9464
6.9611
6.9838
7.0021
7.0088
7.0235
7.018
7.0506
7.0776
7.0886
7.1004
7.1119
7.1429
7.1582
7.1921
7.1941
7.2243
7.2375
7.241
7.2622
7.3082
7.3343
7.3497
7.3801
7.3937
7.4114
7.4452
7.4533
7.4636
7.4735
7.4825
7.5033
7.5187
7.5344
7.5382
7.5456
7.5707
7.601
7.6204
7.6309
7.6698
7.6874
7.7018
7.721
7.7374
7.7683
7.8115
7.8408
7.8491
7.8721
7.8985
7.9289
7.9355
7.9498
7.9536
7.964
7.9634
7.9723
7.9621
7.9634
7.9757
7.9779
7.9958
7.978
7.975
7.9954
8.0232
8.0282
8.0578
8.0806
8.0775
8.0829
8.0874
8.1072
8.1273
8.1372
8.1738
8.1945
8.1937
8.184
8.1768
8.1923
8.1893
8.2154
8.2347
8.256
8.2724
8.3102
8.3076
8.2989
8.2696
8.2569
8.2739
8.2712
8.2822
8.3012
8.315
8.3095
8.3196
8.336
8.353
8.3555
8.3444
8.3463
8.3588
8.3931
8.3825
8.3979
8.3897
8.4011
8.41
8.4305
8.4483
8.4813
8.5086
8.5052
8.5047
8.5175
8.5233
8.5368
8.5599
8.5614
8.5334
8.5245
8.522
