17.0
17.0
16.899800000000006
16.801600000000057
16.69209999999999
16.588699999999978
16.491399999999967
16.385999999999974
16.28630000000006
16.19140000000003
16.094300000000022
15.993499999999994
15.8893
15.789600000000004
15.6948
15.591300000000002
15.490800000000004
15.388200000000007
15.286000000000007
15.188700000000006
15.0815
14.983999999999995
14.887600000000003
14.788500000000012
14.683599999999995
14.584699999999982
14.476599999999994
14.377300000000005
14.27599999999999
14.1768
14.0784
13.971799999999982
13.872
13.777700000000006
13.679000000000006
13.578900000000006
13.479200000000018
13.372299999999983
13.2784
13.17919999999998
13.081300000000008
12.983400000000017
12.885299999999978
12.788700000000006
12.684599999999982
12.584800000000008
12.48359999999996
12.389599999999977
12.288800000000009
12.196000000000012
12.099099999999996
11.998300000000006
11.896399999999973
11.799000000000023
11.706099999999967
11.611000000000024
11.51040000000002
11.415000000000008
11.318199999999994
11.221800000000004
11.129400000000002
11.033699999999998
10.943699999999977
10.850100000000005
10.754200000000044
10.6535
10.556099999999988
10.464400000000033
10.368500000000033
10.276200000000031
10.179600000000008
10.086999999999968
9.99130000000001
9.8946
9.797699999999997
9.704400000000009
9.608599999999972
9.512699999999969
9.422899999999943
9.33350000000001
9.236400000000026
9.147599999999999
9.059000000000001
8.958300000000062
8.859699999999968
8.769399999999985
8.673799999999991
8.5752
8.480800000000027
8.385000000000037
8.292500000000034
8.196099999999975
8.10590000000006
8.016199999999982
7.9272999999999865
7.836700000000003
7.736800000000003
7.6442999999999985
7.554800000000003
7.461199999999999
7.370599999999999
7.277500000000006
7.188400000000006
7.100799999999997
7.011800000000006
6.920599999999991
6.8296999999999946
6.741599999999993
6.649400000000006
6.562600000000015
6.468600000000008
6.3814000000000055
6.295200000000017
6.210299999999998
6.117099999999989
6.028099999999999
5.937900000000007
5.846999999999993
5.766100000000011
5.682
5.592800000000001
5.504899999999982
5.421599999999991
5.336099999999991
5.249999999999974
5.16849999999999
5.082299999999993
5.011400000000016
4.962399999999974
4.915900000000015
4.8702999999999825
4.828599999999987
4.782199999999992
4.735700000000018
4.688999999999999
4.64540000000002
4.603699999999986
4.562699999999984
4.518400000000007
4.476999999999995
4.436299999999983
4.393900000000022
4.348400000000014
4.305700000000005
4.2603999999999935
4.2189000000000005
4.176799999999986
4.140999999999986
4.099399999999983
4.062300000000004
4.022899999999995
3.9809000000000028
3.9384000000000015
3.8994000000000013
3.8611
3.8253000000000013
3.7853999999999988
3.7486999999999986
3.7077
3.6711999999999994
3.6356000000000015
3.6004000000000027
3.5626
3.5259000000000036
3.4866999999999986
3.447700000000003
3.407500000000003
3.3720000000000008
3.334700000000004
3.2994999999999957
3.2617000000000003
3.2253000000000007
3.191800000000006
3.1530000000000005
3.1180999999999988
3.082
3.0425999999999984
3.0092000000000017
2.9774999999999947
2.9431999999999974
2.909299999999992
2.875699999999995
2.8422999999999954
2.806700000000004
2.7766000000000024
2.7473000000000143
2.710400000000009
2.675800000000004
2.6455000000000197
2.6128999999999976
2.5806000000000062
2.5505999999999935
2.5198999999999967
2.490399999999999
2.4612000000000003
2.4279999999999973
2.3965999999999985
2.3646000000000007
2.337900000000001
2.309799999999992
