225.0
225.0
225.4632
226.0056
226.4455
226.9357
227.4648
228.0328
228.4146
228.9421
229.4955
229.9096
230.418
230.8547
231.3997
231.8825
232.6112
233.1433
233.7165
234.3062
234.8348
235.416
235.9551
236.6039
237.1531
237.6558
238.2021
238.6302
239.2211
239.8356
240.2244
240.6511
241.159
241.4916
242.0825
242.5255
243.0273
243.5476
244.0847
244.597
245.0315
245.6168
246.0352
246.5024
246.7804
247.3655
247.8527
248.2682
248.6701
249.315
249.8945
250.2134
250.5045
250.9904
251.4948
251.9809
252.5403
253.0797
253.5955
254.0116
254.5092
255.0263
255.4652
255.85
256.1938
256.5683
256.9678
257.3766
257.6814
257.8188
258.1228
258.4332
258.6429
258.9727
259.3877
259.7093
259.9937
260.2062
260.4466
260.6727
260.7979
261.0154
261.2802
261.4067
261.7469
261.8674
262.1197
262.3241
262.4349
262.6149
262.728
262.8381
263.0924
263.3681
263.5498
263.7515
263.7818
263.9459
264.0632
264.2414
264.3345
264.3548
264.5347
264.7297
264.9026
265.1266
265.2189
265.2718
265.3391
265.4663
265.5183
265.6889
265.8302
265.9011
265.9988
266.1048
266.2563
266.3004
266.525
266.5915
266.6469
266.775
266.8627
266.9891
267.0011
267.1152
267.2065
267.1822
266.7489
266.3394
265.7819
265.1812
264.7853
264.365
263.9229
263.5987
263.1032
262.7003
262.3947
261.9887
261.537
261.0416
260.7165
260.3142
259.7919
259.2698
258.858
258.4994
258.1208
257.7552
257.442
257.0465
256.6574
256.198
255.781
255.3051
254.941
254.5444
254.0919
253.6626
253.2095
252.9142
252.4751
252.0089
251.5785
251.1681
250.8564
250.3609
249.8567
249.3722
248.8689
248.5519
248.1323
247.8483
247.4009
246.9985
246.5328
246.0727
245.7519
245.365
244.9096
244.4575
244.1595
243.7322
243.3141
242.9033
242.529
242.0464
241.5514
241.1308
240.8101
240.318
239.9905
239.6275
239.2483
238.808
238.3792
237.9092
237.6366
237.2626
