9.0
9.0
8.857199999999986
8.715100000000048
8.564100000000023
8.419500000000095
8.274900000000025
8.130399999999996
7.9943000000000275
7.864100000000001
7.7327
7.597599999999997
7.462899999999997
7.332800000000003
7.203699999999996
7.067800000000003
6.944100000000003
6.8201
6.691200000000001
6.560300000000009
6.431299999999996
6.303599999999981
6.179299999999992
6.058699999999985
5.936700000000026
5.81149999999999
5.686900000000017
5.571599999999998
5.445799999999995
5.3261
5.207600000000009
5.095599999999998
4.980999999999992
4.8624000000000125
4.743699999999982
4.63680000000001
4.524399999999993
4.415700000000025
4.304600000000006
4.203599999999991
4.096699999999999
3.993999999999987
3.8977
3.8055000000000008
3.7141999999999986
3.6159999999999957
3.5274000000000036
3.439699999999997
3.354699999999998
3.2644999999999995
3.1820999999999984
3.0930000000000044
3.0104999999999955
2.944800000000009
2.9356999999999993
2.9290999999999947
2.922600000000001
2.9126999999999956
2.9036000000000017
2.895200000000005
2.887999999999995
2.8794999999999944
2.865900000000002
2.857199999999991
2.8461999999999996
2.8340999999999976
2.8228999999999984
2.8149000000000126
2.797900000000011
2.7813000000000057
2.7687000000000013
2.7581999999999995
2.7486000000000006
2.7366999999999995
2.7297999999999996
2.7202999999999973
2.7066000000000034
2.6982000000000026
2.6917000000000004
2.6823000000000086
2.6708000000000003
2.6591
2.6492999999999953
2.637200000000003
2.631600000000001
2.6258
2.6125000000000007
2.604299999999997
2.596300000000004
2.589000000000005
2.5837999999999948
2.5760999999999874
2.5648000000000004
2.556900000000008
2.5532999999999957
2.544200000000003
2.5358000000000023
2.529699999999995
2.5161999999999995
2.508299999999999
2.4978999999999956
2.4932000000000016
2.485700000000003
2.478800000000003
2.470500000000011
2.4587999999999965
2.448899999999999
2.4446999999999965
2.4367999999999954
2.4272999999999993
2.4173999999999904
2.411699999999988
2.4037999999999986
2.394900000000002
2.3872999999999904
2.38219999999999
2.3736999999999933
2.3695
2.3633000000000037
2.355400000000005
2.3455999999999992
2.3373000000000035
2.3316000000000034
2.3262000000000067
2.320500000000001
2.3131
2.30299999999999
2.298399999999987
2.2871999999999972
2.2735000000000007
2.261999999999993
2.2549000000000015
2.2472000000000096
2.2286999999999924
2.2227000000000032
2.211600000000002
2.2030999999999943
2.195999999999992
2.191300000000005
2.1858999999999975
2.1759999999999926
2.1702000000000075
2.1674999999999827
2.164899999999986
2.156299999999993
2.156000000000004
2.154100000000003
2.149000000000005
2.144700000000001
2.1407
2.1351000000000027
2.1309999999999922
2.1315000000000053
2.1286000000000036
2.128800000000011
2.1203000000000074
2.115300000000007
2.1124000000000014
2.1073
2.105100000000005
2.102500000000003
2.0914999999999986
2.0861000000000014
2.083200000000001
2.0819999999999976
2.079100000000007
2.072599999999998
2.0695000000000046
2.0661999999999927
2.065999999999996
2.063899999999993
2.0620999999999947
2.0624999999999902
2.0641000000000105
2.060500000000007
2.0567000000000095
2.0599
2.05959999999998
2.0535999999999954
2.0508999999999973
2.049400000000004
2.0548000000000073
2.0572999999999912
2.0533000000000072
2.0531999999999897
2.0468000000000037
2.048299999999996
2.042900000000002
2.0435000000000128
2.0467999999999815
2.0489000000000024
2.0491000000000112
2.048499999999994
2.0457000000000094
2.039900000000005
2.036299999999992
2.0365999999999964
2.0413999999999994
2.0405000000000095
2.036899999999996
