12.0
12.0
11.952399999999972
11.9031
11.855100000000006
11.807399999999982
11.762899999999988
11.718400000000006
11.674699999999977
11.62970000000003
11.582000000000026
11.538800000000007
11.492900000000006
11.450300000000055
11.404699999999982
11.36320000000004
11.321299999999976
11.27450000000003
11.228699999999987
11.180599999999993
11.135600000000041
11.09170000000002
11.04700000000001
10.99950000000005
10.950000000000012
10.898200000000024
10.851999999999986
10.810200000000023
10.764499999999979
10.721299999999976
10.67559999999996
10.625499999999976
10.578599999999984
10.531800000000016
10.486999999999947
10.44760000000003
10.400500000000031
10.352400000000015
10.303900000000004
10.258000000000003
10.211799999999986
10.163000000000007
10.117999999999991
10.069500000000025
10.022300000000012
9.978999999999992
9.932399999999976
9.889999999999974
9.841000000000003
9.797100000000011
9.7489
9.705200000000024
9.662099999999965
9.619999999999994
9.58370000000003
9.555900000000005
9.52709999999997
9.497299999999965
9.469800000000015
9.441800000000041
9.416200000000009
9.38709999999999
9.359099999999948
9.334100000000022
9.306999999999999
9.28170000000001
9.255499999999993
9.22830000000001
9.200999999999945
9.174500000000007
9.14680000000001
9.11620000000004
9.091899999999983
9.063800000000015
9.039700000000005
9.011800000000006
8.988100000000024
8.959399999999969
8.932700000000048
8.90330000000003
8.878699999999975
8.852999999999978
8.82520000000001
8.798100000000018
8.77190000000001
8.746700000000036
8.718899999999984
8.69010000000004
8.6604
8.633899999999983
8.608099999999965
8.584300000000034
8.560600000000008
8.536300000000026
8.511800000000006
8.487699999999926
8.45910000000002
8.431599999999989
8.4067
8.381000000000101
8.354900000000026
8.331399999999995
8.306199999999931
8.279700000000036
8.254200000000004
8.22379999999994
8.197899999999985
8.17009999999998
8.144199999999984
8.117200000000011
8.09130000000004
8.066499999999996
8.038800000000004
8.010799999999998
7.9845
7.9577
7.9272
7.9031
7.8753
7.8502
7.8235
7.7956
7.7703000000000015
7.742099999999997
7.711699999999997
7.6851
7.659099999999994
7.631599999999994
7.5963
7.563500000000003
7.526999999999996
7.4949
7.462100000000003
7.4303
7.396699999999994
7.361100000000004
7.3303
7.294799999999994
7.262800000000012
7.230300000000003
7.196399999999999
7.160100000000009
7.125499999999991
7.092599999999997
7.057699999999999
7.023099999999994
6.994100000000003
6.961
6.9266999999999985
6.892200000000009
6.858800000000006
6.826
6.791899999999982
6.758400000000003
6.725900000000001
6.6908999999999885
6.658799999999992
6.625500000000008
6.592800000000015
6.5621999999999865
6.528399999999994
6.496900000000002
6.46049999999999
6.425800000000023
6.3922000000000025
6.359200000000007
6.327099999999996
6.291200000000007
6.2544999999999975
6.220000000000004
6.190300000000008
6.1566
6.126299999999997
6.09180000000001
6.060499999999985
6.029800000000005
5.9958000000000125
5.9649999999999945
5.92839999999999
5.893499999999992
5.86240000000001
5.832200000000011
5.802100000000013
5.768300000000016
5.734000000000004
5.699999999999986
5.666100000000008
5.634100000000023
5.598399999999993
5.561500000000008
5.529200000000014
5.496099999999989
5.463899999999995
5.43150000000001
5.397599999999999
5.368199999999991
5.335700000000005
5.304000000000014
5.273199999999984
5.2426999999999975
