15.0
15.0
14.9909
14.982500000000005
14.972900000000006
14.963500000000005
14.954399999999994
14.9455
14.938800000000002
14.930799999999998
14.922900000000006
14.914499999999991
14.905499999999995
14.898199999999994
14.8884
14.878900000000021
14.868600000000006
14.858000000000011
14.8502
14.8415
14.832100000000018
14.8232
14.814000000000009
14.806600000000007
14.796900000000011
14.788200000000005
14.776900000000007
14.7694
14.760799999999989
14.753199999999989
14.745099999999985
14.734999999999994
14.725400000000011
14.7163
14.708200000000003
14.698799999999995
14.689
14.678000000000011
14.6695
14.660599999999992
14.652799999999989
14.643000000000006
14.635299999999988
14.624599999999992
14.617199999999988
14.608799999999993
14.600899999999998
14.591499999999991
14.584599999999995
14.576900000000004
14.5688
14.5591
14.5513
14.540300000000004
14.533999999999994
14.529400000000003
14.524300000000006
14.519900000000012
14.515700000000006
14.510900000000003
14.504799999999994
14.499100000000018
14.4941
14.488600000000005
14.483099999999988
14.47820000000002
14.473000000000011
14.468199999999989
14.462300000000011
14.458200000000005
14.454500000000012
14.449899999999985
14.445099999999995
14.439799999999973
14.434700000000017
14.430099999999982
14.426100000000018
14.421500000000004
14.417700000000005
14.41149999999996
14.407
14.401699999999996
14.397200000000018
14.393699999999992
14.389400000000009
14.385200000000006
14.381300000000012
14.376299999999993
14.372700000000009
14.367699999999985
14.36229999999999
14.357299999999995
14.3536
14.347699999999971
14.343000000000014
14.338399999999991
14.334199999999989
14.330499999999994
14.327100000000009
14.322700000000006
14.318699999999996
14.314400000000012
14.310700000000011
14.307100000000009
14.301999999999994
14.297999999999991
14.293899999999994
14.290099999999994
14.284499999999994
14.279699999999982
14.274600000000007
14.270600000000012
14.265899999999997
14.261799999999994
14.258700000000012
14.2549
14.251299999999983
14.246699999999988
14.240699999999988
14.236799999999988
14.232699999999994
14.228100000000012
14.2236
14.220099999999992
14.216700000000015
14.212499999999988
14.208399999999994
14.197100000000006
14.182099999999995
14.160100000000018
14.140599999999994
14.117099999999965
14.097899999999989
14.078499999999977
14.058300000000024
14.0406
14.019700000000002
13.998700000000023
13.976000000000003
13.953400000000011
13.9317
13.911899999999994
13.891400000000024
13.871799999999988
13.850100000000007
13.8309
13.811799999999986
13.790999999999995
13.770100000000006
13.748499999999988
13.727599999999978
13.709300000000011
13.689
13.667900000000012
13.644800000000012
13.625600000000018
13.603000000000012
13.580400000000026
13.559600000000017
13.537700000000026
13.514899999999994
13.494699999999971
13.472099999999994
13.453200000000011
13.431799999999974
13.411599999999977
13.388699999999982
13.369099999999982
13.350700000000023
13.329899999999968
13.307699999999993
13.286700000000003
13.264099999999988
13.242100000000029
13.219900000000024
13.200599999999994
13.177599999999964
13.15510000000004
13.131299999999994
13.11020000000003
13.091099999999996
13.070200000000012
13.050000000000017
13.02650000000001
13.007800000000023
12.985899999999994
12.966200000000006
12.946100000000015
12.920999999999966
12.897499999999976
12.877300000000014
12.855900000000027
12.834600000000018
12.813999999999995
12.793299999999991
12.772599999999992
12.750299999999987
12.730900000000004
12.708099999999988
12.6875
