6.0
6.0
5.956100000000012
5.918699999999989
5.877299999999996
5.836500000000021
5.797699999999991
5.753799999999994
5.715400000000003
5.672399999999994
5.630500000000003
5.59170000000002
5.5546
5.520199999999984
5.489700000000015
5.455899999999997
5.41389999999999
5.378700000000005
5.344799999999991
5.310299999999998
5.277600000000019
5.246899999999988
5.216900000000004
5.180599999999974
5.148999999999988
5.120400000000016
5.087199999999995
5.059799999999989
5.028999999999982
4.997999999999993
4.967500000000023
4.937200000000015
4.902899999999999
4.867799999999989
4.839
4.804999999999999
4.773400000000003
4.744699999999983
4.714400000000004
4.688400000000016
4.660900000000004
4.630900000000008
4.59940000000002
4.575199999999983
4.5473
4.522599999999994
4.4998999999999825
4.475900000000023
4.448499999999998
4.420099999999975
4.395100000000015
4.3700999999999945
4.342700000000011
4.312499999999995
4.290500000000003
4.265800000000016
4.242299999999999
4.222499999999948
4.201100000000015
4.177900000000011
4.156699999999999
4.134000000000023
4.105100000000021
4.081099999999985
4.062000000000005
4.039199999999996
4.020199999999986
3.99369999999999
3.9682000000000093
3.9468000000000028
3.9211999999999994
3.900000000000003
3.8758
3.8477999999999994
3.825
3.7994000000000017
3.7763
3.7511999999999985
3.7296
3.7052000000000027
3.6848
3.6635999999999993
3.6399000000000012
3.6135999999999973
3.590399999999997
3.5625000000000044
3.5410999999999944
3.5145000000000013
3.4843999999999986
3.4589000000000043
3.4359000000000037
3.4083999999999954
3.389399999999995
3.370999999999999
3.345699999999993
3.3227999999999973
3.2994000000000088
3.2814000000000028
3.2584000000000057
3.234200000000007
3.210299999999992
3.1840999999999937
3.1614000000000044
3.140600000000004
3.1212999999999984
3.092100000000004
3.067900000000009
3.0446000000000017
3.0209000000000046
2.996199999999989
2.980600000000012
2.9560999999999997
2.930599999999992
2.9090999999999942
2.8846000000000034
2.866900000000016
2.8434999999999984
2.8231000000000037
2.8039999999999927
2.7808000000000024
2.760000000000003
2.7426999999999975
2.7204999999999915
2.703899999999995
2.6851999999999903
2.6642000000000006
2.6446999999999976
2.6282000000000068
2.611400000000006
2.598400000000006
2.57899999999999
2.5587
2.5390000000000064
2.5192000000000094
2.501099999999995
2.4872000000000036
2.4716999999999953
2.4577000000000115
2.4394000000000085
2.4214999999999955
2.405700000000003
2.392900000000003
2.3811000000000075
2.3708000000000036
2.3571999999999975
2.345799999999995
2.330600000000003
2.316499999999996
2.2967000000000017
2.283000000000002
2.2692000000000037
2.254599999999987
2.241499999999988
2.2358000000000087
2.2210000000000067
2.2117999999999944
2.1982999999999926
2.186899999999987
2.179600000000011
2.1678999999999995
2.1544999999999948
2.144899999999996
2.1293000000000037
2.1151000000000066
2.0994999999999915
2.090999999999996
2.0800999999999994
2.068999999999998
2.0587999999999993
2.048200000000005
2.0383000000000018
2.035100000000008
2.0258000000000105
2.0161
2.0035
1.998799999999994
1.9870999999999985
1.9757000000000138
1.9611000000000047
1.9507
1.9396000000000018
1.9312000000000022
1.9216999999999997
1.9119
1.9005
1.8959999999999992
1.8891
1.8812999999999995
1.8705999999999985
1.8632000000000004
1.8544999999999978
1.8429000000000015
1.8391000000000022
1.8316000000000003
1.8214999999999997
1.8142000000000014
1.8109999999999993
1.8062999999999971
1.7973
1.7919000000000025
