23.0
23.0
22.959399999999956
22.91629999999997
22.873699999999985
22.83309999999995
22.790999999999997
22.74810000000002
22.704500000000014
22.656899999999986
22.61590000000002
22.575599999999984
22.53579999999999
22.49659999999994
22.45979999999999
22.418899999999987
22.38410000000001
22.34519999999995
22.30930000000007
22.276899999999948
22.24040000000001
22.20269999999996
22.16420000000001
22.127600000000005
22.08910000000003
22.054700000000047
22.020200000000003
21.98980000000012
21.952600000000036
21.916899999999966
21.883199999999935
21.85140000000008
21.822199999999977
21.792600000000093
21.759399999999914
21.724600000000002
21.69649999999997
21.664799999999982
21.632900000000085
21.600600000000014
21.570999999999984
21.540900000000047
21.50959999999998
21.478099999999962
21.44229999999996
21.410599999999967
21.379899999999974
21.34679999999997
21.316400000000073
21.28169999999998
21.257999999999985
21.228400000000033
21.198999999999923
21.169499999999996
21.14179999999993
21.11510000000001
21.09060000000005
21.066500000000037
21.044899999999956
21.014
20.98650000000003
20.963900000000017
20.942999999999955
20.91799999999998
20.894200000000005
20.867299999999897
20.842500000000005
20.818899999999985
20.792499999999965
20.765300000000018
20.739900000000063
20.708300000000108
20.682899999999986
20.659699999999926
20.644500000000022
20.6211
20.592099999999938
20.56900000000005
20.545600000000007
20.52259999999991
20.49600000000007
20.469499999999993
20.444300000000005
20.421100000000028
20.39789999999999
20.3731
20.349400000000024
20.325900000000004
20.29999999999994
20.279399999999974
20.255199999999967
20.227200000000057
20.196599999999982
20.173899999999946
20.150299999999987
20.124600000000047
20.09910000000007
20.075599999999984
20.047699999999928
20.02710000000002
20.000199999999968
19.976300000000013
19.953300000000013
19.92749999999997
19.902800000000088
19.877000000000024
19.8526
19.830699999999972
19.800099999999993
19.776399999999995
19.74980000000004
19.72560000000002
19.701899999999938
19.67410000000001
19.648800000000026
19.625599999999963
19.603599999999986
19.574900000000103
19.55229999999996
19.525900000000018
19.501199999999965
19.47669999999994
19.45769999999995
19.434599999999964
19.409299999999988
19.38970000000002
19.364000000000022
19.33199999999999
19.289300000000026
19.244399999999942
19.200299999999974
19.1521000000001
19.109199999999923
19.06449999999999
19.02090000000005
18.976599999999948
18.930499999999988
18.886300000000027
18.83589999999995
18.78739999999995
18.742599999999985
18.699199999999948
18.65729999999999
18.612499999999876
18.570899999999966
18.527399999999894
18.479199999999963
18.43339999999994
18.390100000000047
18.34809999999995
18.303999999999995
18.260200000000133
18.215199999999985
18.175799999999942
18.130199999999935
18.087599999999988
18.04309999999998
18.00200000000011
17.9660999999999
17.92609999999999
17.88709999999985
17.842600000000054
17.801899999999996
17.765899999999977
17.726700000000008
17.690299999999887
17.651300000000074
17.609500000000086
17.57700000000011
17.53560000000011
17.498099999999972
17.461399999999937
17.42180000000003
17.381099999999982
17.342699999999937
17.303299999999894
17.26960000000001
17.22710000000001
17.192299999999957
17.155900000000006
17.12079999999998
17.08080000000001
17.04299999999997
17.005000000000102
16.965800000000034
16.92549999999998
16.895200000000077
16.858300000000074
16.82200000000002
16.783199999999994
16.74329999999994
16.71270000000005
16.679400000000104
16.644499999999972
16.606400000000047
16.57319999999994
16.537500000000065
16.497700000000034
16.456699999999948
16.4186999999999
