2197.0
2197.0
2221.2076
2246.1816
2274.2407
2304.2633
2328.8343
2355.7092
2380.4991
2409.4935
2435.5433
2459.0292
2485.2109
2510.3168
2535.5231
2555.394
2581.4335
2603.1791
2622.6032
2647.286
2668.6309
2692.4441
2717.1178
2735.2394
2756.1872
2777.9945
2795.2262
2817.385
2836.8992
2854.998
2874.4461
2894.6327
2911.2605
2932.7483
2952.7836
2972.4181
2988.9771
3010.0659
3027.0612
3043.724
3059.4108
3081.0274
3096.2225
3113.3163
3131.7746
3146.8263
3163.4612
3179.0462
3196.8509
3212.415
3226.8375
3243.9598
3255.8409
3267.5342
3288.8689
3307.7474
3331.7159
3357.9759
3382.9004
3405.5688
3425.3339
3444.5271
3463.9729
3483.9243
3500.6524
3518.9056
3534.9438
3553.1383
3571.0634
3592.8362
3610.7841
3627.287
3641.7869
3659.9197
3679.494
3699.1341
3718.8904
3739.3769
3759.761
3780.02
3798.7705
3814.7557
3832.0149
3849.7589
3866.6828
3885.3407
3900.9638
3919.2632
3935.589
3951.3647
3970.5992
3984.9274
4000.3913
4017.816
4032.5816
4046.9582
4061.6001
4078.8922
4095.8421
4112.8817
4130.7042
4148.0241
4165.6473
4184.0518
4199.3643
4214.5103
4232.0317
4245.3553
4264.0317
4276.3627
4288.1035
4304.2636
4325.1175
4344.3663
4358.6248
4373.0926
4388.9204
4402.4447
4419.6489
4432.0771
4450.5178
4461.6154
4480.4616
4493.6421
4505.9026
4516.4093
4524.319
4530.7424
4533.1786
4541.9643
4558.4294
4559.1252
4565.1062
4569.8498
4572.727
4579.9747
4585.5341
4586.4019
4592.7909
4597.0721
4600.8271
4601.8412
4606.8399
4613.8487
4616.3738
4620.846
4624.3975
4626.7294
4627.7402
4631.0037
4636.3992
4640.388
4643.613
4648.4214
4648.9804
4655.4631
4656.949
4656.4255
4651.3468
4653.5872
4659.3953
4660.7171
4664.5673
4670.038
4668.2135
4667.2659
4664.8235
4668.0768
4663.128
4665.8196
4669.2851
4673.3058
4672.4182
4671.6237
4676.2878
4678.3328
4674.8887
4677.7431
4680.9731
4685.018
4688.7543
4691.0366
4689.2012
4690.574
4692.5984
4690.2219
4687.7198
4689.8489
4688.6769
4691.1177
4692.4839
4691.0877
4688.0797
4684.1903
4683.304
4685.284
4683.3953
4680.2176
4680.9725
4679.4625
