1000.0
1000.0
994.3843
988.1179
981.0221
974.9969
969.5475
964.0799
959.2902
954.623
950.5125
944.9755
940.3475
937.8604
933.3157
931.3409
928.1326
923.3452
919.7423
916.2011
912.2899
909.0341
904.6813
900.2974
898.1281
896.7395
892.1767
889.3304
887.496
884.6591
880.9722
878.5993
876.4641
873.8106
871.6314
871.4577
867.7569
866.5093
864.1662
863.5642
862.9066
862.4647
861.6765
859.9734
857.4806
854.057
851.9458
850.4066
850.249
849.2328
846.7408
845.7488
845.1786
845.7233
849.3054
853.8052
857.4871
862.8687
867.7801
871.9008
876.748
882.8794
888.1207
893.4985
899.1868
905.3077
911.2446
917.6825
923.4634
929.5792
936.5477
942.3778
949.8047
957.7328
965.399
972.5747
980.2038
986.5464
992.7975
1000.1311
1006.9695
1013.5181
1021.5624
1030.2035
1037.7262
1045.8507
1054.5788
1062.8413
1070.6086
1079.0449
1086.915
1096.372
1103.87
1113.3493
1121.5304
1132.2851
1142.6229
1150.9466
1160.6093
1168.8515
1179.3517
1189.7122
1200.3141
1212.1195
1223.3547
1233.3647
1243.4026
1252.2067
1262.2158
1271.7065
1282.1516
1295.1486
1306.4674
1317.6677
1328.1814
1339.2742
1351.6749
1363.9929
1376.209
1389.4001
1401.3561
1415.0143
1425.5813
1439.3518
1452.2066
1465.3848
1480.6889
1496.6978
1513.2685
1527.825
1542.8803
1558.2139
1571.6783
1586.6765
1604.8392
1621.5497
1637.3169
1654.7634
1670.8428
1688.0609
1707.5923
1725.5365
1742.96
1761.3563
1777.7889
1797.1236
1816.2692
1834.365
1853.4648
1874.7777
1893.9968
1914.75
1936.6915
1959.2454
1981.4829
2005.5174
2030.898
2050.1457
2072.0993
2094.9547
2120.3313
2140.2629
2162.2563
2184.7554
2208.825
2235.7168
2260.9341
2286.153
2305.2984
2327.9058
2350.379
2375.9244
2401.1291
2424.8995
2452.0122
2479.1508
2507.594
2536.2166
2560.2718
2585.4554
2611.9793
2638.7694
2667.4502
2694.8014
2721.4507
2752.4489
2776.6232
2805.9537
2839.1322
2870.2082
2902.1529
2930.0139
2962.7401
2990.7958
3018.9086
3051.6634
3083.7969
3118.8774
3150.3776
3185.8614
