0.0
0.0
1.0E-4
6.0E-4
0.0013
0.0014
0.0022
0.0026
0.0028
0.0031
0.0031
0.0036
0.0038
0.0046
0.0056
0.0062
0.0064
0.0073
0.0082
0.0091
0.0101
0.0105
0.0111
0.0121
0.0129
0.0138
0.0154
0.0161
0.0169
0.0177
0.0186
0.0192
0.0206
0.0212
0.0219
0.0239
0.0255
0.0257
0.0264
0.0278
0.0285
0.0291
0.03
0.0308
0.032
0.0335
0.0342
0.0354
0.0369
0.0384
0.0391
0.0406
0.0423
0.0438
0.0446
0.0463
0.049
0.0502
0.0528
0.0543
0.0558
0.0573
0.0596
0.0615
0.0639
0.0662
0.0687
0.0704
0.0731
0.0752
0.0771
0.0797
0.0836
0.0863
0.0899
0.0933
0.0957
0.0999
0.1038
0.1064
0.1109
0.1139
0.1177
0.1209
0.1248
0.1286
0.132
0.136
0.1401
0.1431
0.1459
0.1502
0.1558
0.1613
0.1642
0.1689
0.1725
0.1781
0.1821
0.1864
0.1907
0.1941
0.1988
0.2028
0.2072
0.2129
0.2212
0.2272
0.2348
0.2413
0.2479
0.2547
0.262
0.2694
0.2766
0.2826
0.287
0.293
0.298
0.3031
0.3093
0.3157
0.3233
0.3308
0.3359
0.3411
0.3481
0.3522
0.3597
0.3665
0.3735
0.3812
0.389
0.3978
0.4047
0.4119
0.4177
0.4228
0.4287
0.4358
0.4445
0.4524
0.4616
0.4672
0.476
0.4847
0.4947
0.5037
0.5103
0.5167
0.5222
0.5305
0.5409
0.5496
0.5579
0.5643
0.5727
0.5799
0.5923
0.6042
0.6141
0.6237
0.6323
0.6392
0.6479
0.6543
0.6601
0.6732
0.6839
0.693
0.7009
0.7098
0.7198
0.7309
0.7399
0.7471
0.7551
0.7638
0.7692
0.7777
0.7841
0.7925
0.8004
0.8088
0.8169
0.8237
0.8326
0.8374
0.8476
0.8559
0.8664
0.8756
0.8817
0.893
0.9029
0.9076
0.9135
0.9219
0.9302
0.9359
