1728.0
1728.0
1707.3101
1687.3978
1668.9009
1648.277
1630.1587
1612.0298
1593.0126
1574.5969
1555.7395
1536.448
1519.2333
1499.7093
1481.7223
1465.8554
1449.316
1432.6083
1414.6959
1396.6032
1380.0964
1363.6602
1347.9762
1331.7445
1317.2743
1302.869
1286.7602
1271.2411
1256.5585
1241.4213
1227.1865
1211.6663
1196.8075
1185.1388
1171.4575
1158.113
1142.7294
1129.8985
1115.8589
1102.0716
1088.4122
1076.7552
1064.5819
1051.9453
1039.8712
1027.9663
1015.5023
1003.1559
991.6405
980.4481
970.2918
958.7065
946.6996
936.2822
929.6359
923.6244
916.3687
909.0
902.4704
895.0512
888.6686
882.5326
875.42
869.0939
862.6682
856.5666
851.141
844.8019
838.7136
833.0537
827.7819
821.398
815.7891
809.4011
803.3934
798.6564
792.1019
786.0343
781.565
775.0633
769.4887
764.8833
759.7628
754.6198
749.2743
743.9839
738.7635
733.5583
728.9964
723.6416
718.5943
713.5835
708.4449
703.9608
699.7397
694.9003
689.3457
684.9426
679.966
674.815
669.6083
665.3737
661.2023
656.1624
652.0945
647.4811
643.3378
638.989
634.9179
631.3338
627.8451
623.7763
619.9699
616.0112
611.0497
606.9527
602.5531
598.5691
594.7999
590.8008
586.5231
583.0226
579.6657
576.3556
572.5928
568.6147
565.3578
561.9378
559.914
558.0291
556.4383
554.1252
551.5834
550.1058
547.9139
546.3257
544.9803
543.3428
541.6381
538.6597
535.8903
534.0068
531.4966
529.162
527.5399
526.1518
523.4278
521.0991
519.1438
517.2031
515.7847
513.8464
511.7917
510.0159
507.4928
505.1329
503.5739
501.8092
500.5483
499.5373
497.2412
495.3954
493.8706
492.8911
490.74
488.8935
486.7446
484.7451
482.6599
480.9776
479.9043
478.3403
477.0678
475.6739
473.6683
472.8504
470.4484
469.0178
467.3413
465.9905
464.0714
462.9504
460.7709
458.4562
456.0564
454.3072
452.3516
450.1527
448.3643
446.6683
445.3976
443.2566
441.7546
440.1833
437.457
435.9287
434.7223
433.4897
431.0718
429.4454
