6.0
6.0
5.966099999999997
5.934200000000005
5.89979999999999
5.866199999999989
5.835199999999994
5.8038
5.771400000000009
5.740300000000004
5.713400000000014
5.683199999999974
5.655300000000011
5.628000000000014
5.5981999999999905
5.567999999999992
5.537799999999976
5.510299999999976
5.485700000000004
5.459000000000017
5.429000000000017
5.3993000000000135
5.370399999999995
5.339900000000002
5.314199999999982
5.291700000000004
5.263900000000001
5.2378999999999944
5.219800000000022
5.194300000000005
5.16570000000001
5.139699999999982
5.114999999999997
5.087899999999995
5.064300000000023
5.037999999999993
5.010200000000009
4.9846
4.962600000000002
4.937000000000019
4.9142
4.88940000000001
4.866399999999994
4.8413
4.817700000000008
4.794799999999997
4.774699999999993
4.750300000000001
4.7264999999999775
4.70350000000001
4.680700000000033
4.6618
4.640500000000027
4.626200000000005
4.6270000000000095
4.629399999999991
4.634000000000025
4.636900000000012
4.641300000000013
4.6452999999999935
4.649599999999988
4.6525000000000025
4.660200000000008
4.666100000000045
4.672200000000003
4.679999999999999
4.683099999999986
4.6889
4.6933999999999845
4.697599999999985
4.70320000000001
4.70940000000001
4.718399999999989
4.726200000000012
4.732000000000016
4.741200000000018
4.751299999999974
4.760099999999988
4.770499999999996
4.781299999999994
4.790300000000009
4.802200000000006
4.812000000000012
4.818799999999996
4.830499999999983
4.841700000000008
4.850600000000006
4.862899999999996
4.874700000000002
4.882600000000007
4.8936000000000135
4.906500000000004
4.915400000000009
4.92730000000001
4.940199999999993
4.951299999999991
4.958999999999996
4.97010000000002
4.9814000000000105
4.992799999999997
5.006799999999998
5.0149999999999855
5.026499999999988
5.038999999999994
5.052100000000005
5.065699999999985
5.075599999999997
5.089800000000015
5.100500000000004
5.109199999999987
5.125399999999996
5.140200000000001
5.152000000000019
5.16930000000002
5.183999999999995
5.195299999999989
5.205800000000014
5.221600000000008
5.235299999999981
5.248300000000009
5.2627000000000095
5.276399999999977
5.2916000000000025
5.3048000000000055
5.320100000000031
5.334800000000012
5.350800000000009
5.3650000000000135
5.380000000000006
5.394099999999992
5.41079999999997
5.427300000000003
5.4445999999999914
5.460899999999973
5.4801000000000215
5.5033
5.52449999999999
5.546100000000005
5.573199999999972
5.595999999999985
5.617099999999999
5.641500000000004
5.6658999999999855
5.68860000000002
5.712800000000011
5.737299999999985
5.7625
5.790300000000001
5.8170000000000215
5.840499999999989
5.867199999999996
5.890100000000019
5.919099999999998
5.94740000000001
5.971200000000013
5.999100000000002
6.02630000000001
6.0543000000000005
6.0808999999999855
6.109400000000006
6.140799999999999
6.1673999999999936
6.197799999999987
6.2295
6.258800000000003
6.2909000000000175
6.322399999999988
6.349299999999998
6.377999999999992
6.4100000000000055
6.441600000000002
6.4723999999999915
6.502100000000014
6.535999999999997
6.564199999999974
6.592699999999979
6.627300000000002
6.656899999999991
6.688399999999992
6.722
6.753500000000006
6.788199999999997
6.816799999999994
6.848400000000015
6.877800000000006
6.9049
6.935500000000003
6.964399999999994
6.9982000000000015
7.0275000000000025
7.055299999999995
7.0873
7.1176000000000075
7.148899999999994
7.1782
7.2079999999999975
7.2395
7.269200000000003
7.3046
7.331900000000005
