27.0
27.0
25.8662
24.8364
23.8935
22.9568
22.034
21.1741
20.2958
19.4628
18.6397
17.9384
17.18
16.4859
15.8399
15.2201
14.61
13.9972
13.4234
12.8683
12.3741
11.8949
11.4137
11.0068
10.5883
10.139
9.7599
9.3899
8.9809
8.6678
8.2895
7.948
7.6882
7.3762
7.0928
6.8368
6.5676
6.3409
6.1217
5.847
5.6004
5.4088
5.2178
5.039
4.8336
4.6083
4.4515
4.307
4.136
3.9608
3.8025
3.6847
3.5349
3.4399
3.3951
3.3706
3.3327
3.302
3.2683
3.2357
3.2073
3.1836
3.1819
3.1649
3.1421
3.0983
3.0624
3.0442
3.0303
2.9899
2.9558
2.9083
2.861
2.8322
2.8149
2.8036
2.7776
2.7442
2.7144
2.6976
2.6835
2.6501
2.6459
2.6269
2.6179
2.6027
2.5817
2.5663
2.5459
2.5236
2.5129
2.4839
2.4529
2.4404
2.4187
2.4066
2.3782
2.3566
2.3516
2.3552
2.332
2.3106
2.2844
2.2767
2.243
2.222
2.2144
2.195
2.1883
2.1724
2.1404
2.1134
2.0896
2.0661
2.0362
2.0248
2.0073
1.9933
1.9767
1.9673
1.9656
1.964
1.9563
1.9564
1.9374
1.9352
1.93
1.9316
1.9303
1.9186
1.906
1.8971
1.8807
1.876
1.8765
1.8693
1.8603
1.8707
1.87
1.8723
1.8733
1.8677
1.8514
1.8588
1.8762
1.8712
1.8791
1.8933
1.891
1.9082
1.9012
1.9177
1.9218
1.9109
1.9006
1.9071
1.9147
1.9276
1.9399
1.9508
1.9713
1.9862
1.9923
1.996
1.9927
2.0277
2.044
2.0643
2.0744
2.092
2.0923
2.0988
2.1239
2.1327
2.1499
2.1692
2.1919
2.2043
2.2337
2.2633
2.2976
2.3119
2.3436
2.3377
2.3513
2.3855
2.4279
2.4238
2.4638
2.4962
2.5149
2.5362
2.585
2.5986
2.6369
2.629
2.6531
2.698
2.7266
2.7647
