9.0
9.0
9.001600000000025
9.000500000000025
9.004700000000014
9.007700000000046
9.0126
9.011500000000016
9.016900000000085
9.023800000000005
9.035000000000036
9.047500000000003
9.053500000000035
9.068700000000018
9.084400000000048
9.094200000000038
9.111099999999999
9.125099999999996
9.137700000000054
9.15370000000005
9.17330000000007
9.18909999999996
9.206399999999991
9.224599999999981
9.243999999999978
9.271900000000011
9.29699999999998
9.319700000000047
9.340700000000012
9.364000000000019
9.385099999999953
9.414100000000019
9.444899999999993
9.466900000000065
9.490700000000027
9.526400000000013
9.552799999999976
9.582000000000004
9.608700000000026
9.639099999999951
9.671000000000022
9.70400000000002
9.732500000000025
9.765500000000005
9.79739999999998
9.827400000000022
9.86249999999997
9.898499999999991
9.932600000000049
9.971100000000005
10.004899999999957
10.04310000000002
10.078899999999972
10.115900000000043
10.15200000000001
10.191200000000002
10.227500000000006
10.267899999999974
10.307199999999996
10.349899999999957
10.393400000000021
10.438899999999979
10.479399999999998
10.519900000000028
10.554200000000028
10.59439999999999
10.637099999999972
10.677300000000045
10.720400000000005
10.75330000000002
10.794699999999978
10.832100000000015
10.868000000000027
10.914900000000008
10.949800000000023
10.99579999999998
11.033499999999984
11.070499999999969
11.107500000000012
11.148099999999976
11.184200000000024
11.2213
11.258700000000047
11.303900000000018
11.346900000000005
11.388100000000012
11.428999999999995
11.4671
11.505700000000028
11.541200000000002
11.585400000000014
11.627000000000033
11.66829999999999
11.702100000000005
11.740499999999953
11.780799999999987
11.8233
11.864599999999985
11.895599999999972
11.934899999999976
11.970499999999992
12.008799999999958
12.044200000000028
12.0842
12.12729999999999
12.163499999999948
12.20860000000001
12.250099999999993
12.28990000000002
12.330300000000006
12.368000000000004
12.410399999999981
12.444299999999977
12.479200000000002
12.517300000000004
12.552099999999987
12.588899999999992
12.624500000000005
12.655099999999992
12.692100000000003
12.729699999999996
12.766099999999975
12.798199999999982
12.834600000000025
12.86660000000001
12.90209999999999
12.93350000000001
12.973800000000002
13.017299999999997
13.060999999999984
13.105699999999981
13.152599999999994
13.19480000000002
13.24640000000002
13.289799999999982
13.330900000000012
13.374100000000018
13.4196
13.46570000000002
13.5093
13.55050000000003
13.590599999999988
13.638000000000005
13.679900000000005
13.718500000000024
13.763599999999983
13.812299999999997
13.85279999999997
13.904799999999994
13.947099999999994
13.990299999999994
14.033500000000013
14.071299999999985
14.113000000000012
14.1573
14.193799999999994
14.2319
14.273700000000005
14.3163
14.355
14.398300000000003
14.436799999999995
14.4723
14.508699999999989
14.547600000000003
14.5867
14.627699999999988
14.673400000000006
14.711200000000005
14.752100000000011
14.7899
14.836100000000004
14.875399999999994
14.911
14.946299999999994
14.9858
15.027500000000005
15.067899999999995
15.109300000000006
15.1491
15.1895
15.2315
15.269299999999994
15.3082
15.344899999999997
15.382700000000005
15.4133
15.447100000000006
15.482799999999994
15.520199999999994
15.5582
15.5898
15.6307
15.6633
15.7009
15.7358
15.764999999999997
15.8061
15.840000000000005
15.881199999999996
