729.0
729.0
742.8387
756.4192
771.8884
786.6385
801.9554
817.469
831.6749
848.2068
865.0347
881.9276
898.8646
915.5821
933.055
950.4398
968.6534
986.8974
1005.7372
1026.4351
1047.2176
1067.3231
1087.9645
1108.5505
1130.6584
1153.4956
1175.3663
1198.4758
1221.7026
1245.8589
1270.706
1295.2043
1317.9428
1342.8327
1368.5615
1394.1838
1418.9571
1444.3469
1467.4008
1491.945
1518.8539
1545.3498
1569.6474
1595.4509
1622.4071
1649.989
1675.7431
1704.1678
1729.368
1755.7499
1785.7569
1813.7017
1842.3165
1870.0805
1898.6515
1924.81
1953.6957
1980.52
2007.8031
2035.4783
2063.2287
2088.2432
2115.3235
2140.261
2168.9986
2195.0663
2220.4477
2246.3583
2273.9038
2298.664
2324.1381
2353.1553
2376.7598
2402.6749
2428.3715
2454.5971
2475.6526
2499.8213
2522.762
2545.9491
2569.7567
2590.6339
2613.8875
2637.8478
2662.3494
2686.3589
2708.7048
2731.7388
2756.2331
2775.6357
2797.7113
2820.0225
2841.9214
2861.8165
2883.9038
2903.9125
2925.7636
2945.2417
2964.8114
2986.2916
3007.6843
3027.6449
3048.4763
3066.8522
3086.9148
3107.2113
3125.7586
3149.0595
3167.2043
3185.1017
3203.6722
3224.1149
3242.114
3261.9773
3277.5793
3295.7538
3313.8389
3332.5126
3352.0852
3367.9426
3386.8146
3402.4922
3420.9844
3437.6153
3455.1828
3473.6817
3490.1367
3506.7226
3522.2447
3536.7496
3553.4423
3570.9594
3585.1881
3598.8465
3615.3085
3629.2136
3642.6636
3658.2861
3671.1889
3683.1429
3699.8413
3711.8649
3724.7899
3738.3952
3751.4301
3762.5339
3774.1069
3788.165
3801.2234
3814.7695
3827.6469
3838.7695
3850.4846
3861.1475
3874.6091
3882.5475
3895.4559
3906.042
3918.5952
3929.5313
3943.1165
3954.6746
3967.022
3978.0015
3990.3721
4001.0145
4010.5074
4019.9825
4029.0897
4037.0362
4047.5852
4056.514
4067.732
4076.7488
4086.0564
4093.9461
4101.3352
4110.7654
4121.5411
4132.0493
4141.2413
4147.9854
4157.0884
4164.4194
4172.9021
4180.4736
4189.458
4197.0063
4202.913
4212.1667
4219.7594
4224.5115
4230.8088
4238.0361
4245.9094
4253.7259
4261.0671
4265.8731
4269.0035
4274.9837
