1.0
1.0
0.8947
0.7904
0.7179
0.6583
0.6068
0.5749
0.5238
0.4885
0.4656
0.4259
0.4128
0.3935
0.3752
0.3435
0.3274
0.3127
0.3178
0.308
0.2961
0.3036
0.305
0.2941
0.2899
0.2999
0.2918
0.2917
0.2842
0.2808
0.288
0.2919
0.2967
0.2853
0.2915
0.306
0.3039
0.3034
0.3048
0.2985
0.3181
0.3109
0.3146
0.3122
0.3138
0.3261
0.3308
0.3396
0.3434
0.3641
0.3599
0.3847
0.396
0.3938
0.4083
0.4203
0.4372
0.4578
0.4602
0.4622
0.4623
0.4823
0.4944
0.5079
0.4996
0.507
0.5157
0.5256
0.5247
0.5203
0.5213
0.5185
0.5311
0.5401
0.5343
0.5383
0.5348
0.5349
0.5186
0.5034
0.4883
0.4936
0.4862
0.4776
0.4754
0.4721
0.4625
0.4523
0.4497
0.451
0.4686
0.4773
0.4583
0.4408
0.4303
0.419
0.4011
0.3973
0.3933
0.3854
0.3749
0.3709
0.3635
0.3601
0.3558
0.3518
0.3459
0.3501
0.3489
0.346
0.3496
0.3517
0.3465
0.3421
0.3427
0.3366
0.3181
0.3113
0.3023
0.2984
0.2938
0.2881
0.2827
0.287
0.2773
0.274
0.2694
0.2798
0.2839
0.2949
0.3088
0.321
0.3341
0.3499
0.3675
0.3834
0.4016
0.4216
0.4378
0.4541
0.4724
0.4936
0.5107
0.5195
0.5466
0.5623
0.5833
0.611
0.6382
0.6639
0.6892
0.7076
0.7245
0.7507
0.7669
0.7884
0.8186
0.8405
0.8471
0.8643
0.8817
0.9154
0.9392
0.9562
0.9735
0.992
1.0292
1.0473
1.0581
1.0892
1.1089
1.124
1.1695
1.213
1.2394
1.2576
1.2776
1.3086
1.3304
1.3573
1.3712
1.3986
1.4307
1.4501
1.4919
1.5078
1.5171
1.5712
1.604
1.6199
1.6771
1.7386
1.7467
1.778
1.7884
1.8226
1.8617
1.8871
1.9164
1.9352
