0.0
0.0
0.0048000000000000065
0.008500000000000021
0.013099999999999992
0.016600000000000052
0.019299999999999956
0.02170000000000004
0.023400000000000067
0.023600000000000017
0.025199999999999983
0.02489999999999997
0.02389999999999997
0.027200000000000023
0.0279
0.028699999999999982
0.029599999999999967
0.03
0.03019999999999995
0.0306
0.03159999999999991
0.03370000000000001
0.03579999999999993
0.03870000000000011
0.038700000000000095
0.03910000000000013
0.0402
0.041099999999999935
0.042700000000000016
0.04329999999999996
0.04420000000000003
0.045600000000000016
0.04600000000000007
0.04709999999999991
0.04599999999999985
0.047100000000000065
0.04670000000000007
0.045999999999999944
0.04639999999999995
0.044900000000000086
0.04729999999999997
0.048300000000000176
0.047300000000000134
0.04900000000000003
0.04639999999999995
0.04820000000000002
0.0491000000000001
0.05040000000000003
0.04979999999999997
0.052600000000000036
0.053600000000000037
0.05380000000000004
0.054399999999999955
0.0527
0.05420000000000005
0.05790000000000002
0.06210000000000018
0.06460000000000027
0.06609999999999953
0.06910000000000004
0.07079999999999989
0.07360000000000019
0.07769999999999995
0.08190000000000014
0.08490000000000002
0.08560000000000005
0.08810000000000016
0.0884000000000001
0.09150000000000011
0.09120000000000017
0.09580000000000005
0.09650000000000007
0.09680000000000029
0.09760000000000021
0.10049999999999988
0.10190000000000018
0.10540000000000013
0.10610000000000011
0.1080999999999999
0.10939999999999982
0.1114999999999999
0.11129999999999998
0.11380000000000003
0.1166
0.11659999999999993
0.11650000000000002
0.11889999999999963
0.12130000000000013
0.1259999999999994
0.1267
0.12649999999999992
0.12760000000000035
0.1284
0.1286999999999999
0.13140000000000027
0.13169999999999976
0.12990000000000024
0.1308000000000005
0.1318999999999999
0.13230000000000028
0.13280000000000033
0.13489999999999963
0.13439999999999985
0.13440000000000013
0.1372999999999999
0.1405
0.1414999999999995
0.14139999999999986
0.14160000000000028
0.14170000000000083
0.14010000000000059
0.14130000000000023
0.14460000000000042
0.14589999999999897
0.14770000000000033
0.14739999999999942
0.14920000000000014
0.14800000000000024
0.14829999999999954
0.1478999999999999
0.14520000000000008
0.14770000000000041
0.14760000000000026
0.1466000000000003
0.14699999999999994
0.14919999999999986
0.1472000000000002
0.14710000000000023
0.15030000000000035
0.15470000000000028
0.15750000000000014
0.15970000000000023
0.1628000000000002
0.16609999999999944
0.16949999999999987
0.1707999999999997
0.17520000000000022
0.17740000000000028
0.17660000000000015
0.18020000000000008
0.1813000000000001
0.18329999999999994
0.18679999999999988
0.18719999999999984
0.19109999999999985
0.19700000000000037
0.20100000000000057
0.20169999999999982
0.20340000000000014
0.20579999999999926
0.21109999999999982
0.2097
0.21199999999999983
0.21330000000000054
0.2164000000000001
0.21440000000000045
0.2143
0.2142999999999996
0.213
0.21500000000000022
0.2145999999999999
0.2155
0.2139000000000001
0.21349999999999986
0.21240000000000037
0.21140000000000014
0.2105000000000002
0.21179999999999982
0.21359999999999982
0.2154000000000001
0.21839999999999987
0.22230000000000008
0.2220000000000001
0.2236999999999999
0.22390000000000024
0.2261
0.2264
0.2293000000000001
0.22800000000000029
0.22779999999999995
0.23010000000000008
0.23259999999999995
0.2309
0.2324999999999999
0.2335000000000001
0.23700000000000018
0.23580000000000015
0.2346
0.23429999999999981
0.2338999999999999
0.23929999999999982
0.2389
0.2376
0.2394
0.2385
0.237
0.2365000000000001
0.23879999999999987
0.2399999999999999
0.2402999999999999
