17.0
17.0
17.06250000000002
17.123700000000028
17.18959999999992
17.256099999999943
17.32320000000002
17.39309999999989
17.458399999999966
17.521899999999967
17.586199999999877
17.652900000000027
17.728999999999964
17.800199999999975
17.873900000000003
17.947400000000023
18.0159
18.0922
18.16710000000001
18.244600000000062
18.319099999999942
18.392800000000037
18.469600000000106
18.546700000000055
18.63000000000002
18.70929999999995
18.785799999999927
18.86369999999995
18.94269999999997
19.020900000000047
19.107700000000087
19.192999999999955
19.27139999999998
19.354299999999913
19.436999999999944
19.520799999999905
19.60709999999998
19.69369999999996
19.777799999999917
19.859000000000016
19.94290000000006
20.02590000000004
20.111799999999974
20.198199999999993
20.28499999999991
20.36399999999996
20.448500000000077
20.532300000000014
20.618299999999984
20.70030000000001
20.782000000000014
20.8711
20.961300000000026
21.046899999999944
21.10639999999999
21.167200000000047
21.231999999999985
21.294999999999956
21.35269999999995
21.410799999999952
21.466400000000004
21.5253
21.583600000000054
21.633100000000002
21.692199999999957
21.744399999999988
21.79479999999999
21.8468
21.90059999999996
21.954400000000014
22.003399999999946
22.061199999999992
22.109899999999993
22.157300000000035
22.211999999999968
22.258900000000022
22.306399999999975
22.35729999999996
22.398800000000016
22.448999999999952
22.497199999999978
22.5424000000001
22.585700000000013
22.634600000000013
22.67870000000002
22.726500000000016
22.773700000000048
22.81900000000003
22.86299999999997
22.907399999999967
22.952900000000074
22.995700000000056
23.039199999999955
23.08109999999997
23.12580000000003
23.169200000000004
23.210500000000014
23.255200000000038
23.290800000000047
23.328800000000008
23.369799999999962
23.40999999999994
23.45729999999996
23.495600000000046
23.537799999999965
23.577500000000004
23.62110000000004
23.665699999999987
23.705499999999958
23.73929999999999
23.77709999999998
23.817699999999984
23.8542
23.890900000000038
23.927899999999973
23.967200000000044
24.00410000000006
24.052999999999944
24.095300000000027
24.134300000000078
24.17140000000001
24.20920000000002
24.246100000000016
24.27789999999997
24.319800000000015
24.352199999999975
24.395600000000055
24.43230000000005
24.480199999999993
24.527999999999945
24.570800000000016
24.62079999999998
24.66890000000001
24.716599999999993
24.75970000000006
24.799200000000063
24.844799999999978
24.887799999999935
24.93009999999996
24.970599999999994
25.009899999999995
25.051699999999975
25.099200000000007
25.139200000000034
25.18010000000001
25.22
25.25580000000004
25.29819999999999
25.333399999999994
25.373700000000003
25.40930000000004
25.447699999999937
25.49249999999997
25.52870000000004
25.572799999999962
25.61649999999993
25.657300000000028
25.69750000000009
25.737699999999975
25.775899999999968
25.81449999999998
25.85129999999997
25.895199999999942
25.930899999999983
25.966799999999978
26.007999999999978
26.046800000000026
26.084200000000052
26.121900000000103
26.162500000000048
26.199999999999992
26.230899999999966
26.27010000000006
26.30359999999999
26.34210000000005
26.3729
26.40869999999996
26.44559999999999
26.48260000000006
26.51549999999999
26.545999999999964
26.579799999999988
26.611600000000035
26.646099999999976
26.673399999999972
26.70690000000002
26.736099999999972
26.770699999999977
26.805600000000062
26.838199999999965
26.871700000000004
26.904099999999964
26.931399999999975
26.96349999999997
26.99390000000004
27.02179999999999
27.052999999999987
27.07959999999999
27.108400000000035
27.139400000000023
