3.0
3.0
2.937199999999997
2.8769999999999976
2.8196999999999988
2.7613999999999947
2.701400000000009
2.6424999999999965
2.5796000000000143
2.5199999999999925
2.4588999999999928
2.403800000000003
2.3462000000000027
2.2887000000000075
2.231899999999992
2.1742999999999797
2.1161999999999836
2.0589999999999957
2.0054000000000065
1.9477
1.893300000000001
1.8460999999999992
1.7951000000000008
1.7493999999999992
1.7017000000000007
1.651999999999998
1.605299999999999
1.5616999999999956
1.5157000000000003
1.4738000000000018
1.4284999999999948
1.3846000000000012
1.3468000000000062
1.3042000000000025
1.2662000000000027
1.2279999999999935
1.1885999999999934
1.1551000000000027
1.121900000000001
1.085400000000001
1.049400000000006
1.017400000000002
0.9872
0.9560000000000002
0.9239999999999996
0.8942999999999997
0.8664999999999996
0.8426000000000015
0.8150000000000016
0.7903999999999993
0.7652999999999993
0.7447000000000001
0.7209000000000003
0.7002999999999981
0.6926999999999989
0.6867999999999972
0.6818999999999996
0.6764
0.6708999999999993
0.6653000000000009
0.660299999999999
0.6552000000000014
0.6511000000000029
0.6466999999999995
0.6431000000000008
0.6382999999999996
0.6324
0.6279999999999992
0.623699999999999
0.6169000000000002
0.6116000000000003
0.605499999999999
0.598400000000002
0.5930000000000021
0.5895000000000046
0.5853999999999987
0.5803999999999983
0.5775999999999999
0.5736000000000012
0.5699999999999988
0.5666999999999983
0.5621000000000024
0.559100000000003
0.5562999999999955
0.5532999999999981
0.5494999999999958
0.5453000000000048
0.5412999999999996
0.538900000000002
0.5351999999999999
0.5322999999999989
0.5296999999999994
0.5269000000000013
0.5240000000000017
0.5202999999999979
0.5189999999999999
0.5151999999999993
0.511
0.5078000000000004
0.5053999999999966
0.5020000000000023
0.4986
0.4946000000000001
0.4929
0.4898000000000002
0.48800000000000016
0.48579999999999984
0.48199999999999993
0.4806999999999998
0.47800000000000037
0.4736000000000001
0.4706
0.46720000000000017
0.4640999999999998
0.4600000000000001
0.4570000000000002
0.4538999999999998
0.45309999999999984
0.4503000000000002
0.44749999999999984
0.4463999999999998
0.44599999999999984
0.44370000000000037
0.44260000000000066
0.4392
0.43700000000000017
0.4360000000000004
0.43400000000000055
0.4308999999999996
0.42880000000000046
0.4264000000000001
0.4247000000000013
0.42149999999999893
0.4209999999999991
0.4209000000000004
0.4208999999999991
0.4203000000000016
0.4222999999999993
0.4228000000000006
0.4227000000000003
0.4218999999999996
0.4216999999999993
0.4209999999999988
0.4212000000000002
0.42240000000000055
0.4234000000000004
0.4240999999999995
0.4245000000000008
0.42399999999999993
0.42499999999999927
0.42580000000000034
0.42849999999999966
0.42900000000000016
0.4277000000000008
0.4293999999999991
0.4305000000000004
0.4315000000000007
0.43480000000000035
0.43749999999999944
0.4393999999999996
0.4413000000000001
0.4448
0.4478999999999999
0.4486
0.44949999999999946
0.45330000000000026
0.4576000000000001
0.4617
0.46399999999999975
0.4665999999999996
0.4669000000000001
0.47039999999999993
0.4739
0.4772999999999999
0.4818999999999999
0.485
0.4873
0.4901
0.49490000000000056
0.4975000000000004
0.4999999999999996
0.5023000000000031
0.5051999999999999
0.5077000000000003
0.5080999999999969
0.5153000000000016
0.5193000000000006
0.5194000000000015
0.5245999999999995
0.5276000000000013
0.5307000000000018
0.5357999999999995
0.5420000000000017
0.5465999999999992
0.5507000000000009
0.5518000000000022
0.5561000000000041
0.5619999999999999
0.5653999999999989
0.5699000000000001
