289.0
289.0
291.2513
293.4631
295.8548
298.2709
300.7046
303.2471
305.6432
307.9845
310.3742
312.8353
315.653
318.321
321.1009
323.8484
326.4395
329.322
332.1655
335.0986
337.9377
340.769
343.719
346.6819
349.9112
352.9875
355.9774
359.0303
362.1391
365.2161
368.6343
372.0414
375.1634
378.4825
381.8444
385.2166
388.7303
392.2639
395.7098
399.0046
402.4663
405.9005
409.4722
413.1118
416.7792
420.1276
423.6967
427.2871
430.9337
434.4355
437.9614
441.8093
445.7215
449.4547
452.061
454.731
457.5554
460.3084
462.8419
465.45
467.9268
470.5317
473.1118
475.3255
477.9638
480.2878
482.5734
484.9366
487.4058
489.821
492.024
494.6562
496.9209
499.1087
501.65
503.8207
506.0298
508.3793
510.3308
512.656
514.9086
517.0026
519.0341
521.3392
523.4449
525.7003
527.9389
530.112
532.1828
534.3208
536.4885
538.5189
540.642
542.6731
544.8
546.8728
548.8645
551.0506
552.7972
554.657
556.6582
558.6008
560.8741
562.7424
564.8082
566.7507
568.8927
571.0957
573.0413
574.7131
576.6449
578.6193
580.47
582.3165
584.1513
586.0738
587.8999
590.3124
592.4169
594.3867
596.2626
598.2114
600.0697
601.6797
603.8176
605.4346
607.6404
609.5147
611.918
614.3136
616.4668
619.0464
621.4623
623.8624
626.0507
628.0702
630.4074
632.6236
634.7767
636.8318
638.8591
641.0053
643.4728
645.5492
647.6427
649.6692
651.5238
653.7226
655.546
657.6581
659.5327
661.5227
663.8227
665.7127
667.9984
670.2925
672.4157
674.4995
676.6093
678.6207
680.6705
682.6207
684.8876
686.7739
688.7118
690.884
692.922
694.9058
696.9041
699.0773
701.0728
702.7383
704.8137
706.6256
708.7053
710.3483
712.2637
714.257
716.2218
717.9657
719.6176
721.4614
723.2044
725.0169
726.452
728.2623
729.8363
731.7455
733.6302
735.405
737.2677
738.9947
740.486
742.2515
743.9727
745.495
747.1834
748.6462
750.228
751.949
