15.0
15.0
15.0128
15.028399999999994
15.040299999999997
15.054300000000007
15.069600000000012
15.086000000000006
15.096200000000009
15.111299999999995
15.1273
15.139
15.153600000000006
15.165900000000006
15.181500000000009
15.195100000000005
15.216400000000005
15.231500000000006
15.247899999999998
15.264999999999993
15.279999999999998
15.29700000000001
15.312099999999997
15.331099999999998
15.346700000000011
15.361000000000006
15.3765
15.388599999999995
15.405700000000007
15.423399999999992
15.434000000000003
15.4459
15.460599999999994
15.4694
15.486899999999995
15.498700000000007
15.5129
15.527599999999998
15.5439
15.5586
15.5709
15.587800000000003
15.5994
15.6126
15.6196
15.636900000000006
15.6511
15.663
15.673699999999997
15.6928
15.709699999999994
15.7182
15.7255
15.7394
15.754
15.768499999999998
15.7851
15.8015
15.8171
15.8294
15.8446
15.8601
15.872600000000006
15.8838
15.893599999999994
15.904500000000006
15.916600000000006
15.928799999999997
15.93779999999999
15.941200000000006
15.950000000000008
15.95899999999999
15.965100000000012
15.9747
15.986899999999968
15.996500000000024
16.004500000000025
16.010400000000008
16.01700000000001
16.023300000000003
16.0265
16.032599999999903
16.039600000000135
16.043100000000123
16.05289999999993
16.056200000000086
16.063099999999938
16.068499999999926
16.071499999999972
16.076100000000054
16.079199999999922
16.082299999999872
16.089199999999916
16.097499999999954
16.10220000000001
16.107100000000077
16.10699999999992
16.11130000000007
16.114399999999968
16.119800000000026
16.12210000000004
16.12200000000009
16.127500000000104
16.1333
16.137400000000042
16.14380000000008
16.145699999999984
16.146600000000042
16.147500000000022
16.151100000000074
16.152499999999925
16.15689999999996
16.160599999999928
16.162500000000005
16.165000000000013
16.168199999999963
16.172299999999968
16.173000000000005
16.17960000000007
16.1811
16.182499999999955
16.186199999999978
16.188300000000105
16.191500000000012
16.191499999999955
16.1944
16.196900000000056
16.195600000000095
16.1811
16.167400000000015
16.149099999999905
16.12979999999993
16.11669999999993
16.102599999999995
16.087099999999857
16.075700000000083
16.058799999999966
16.045100000000012
16.03450000000004
16.020100000000042
16.004199999999987
15.987400000000012
15.97650000000003
15.962799999999989
15.944700000000003
15.927000000000003
15.913000000000002
15.9014
15.8872
15.8748
15.8634
15.8499
15.8364
15.8206
15.8064
15.7895
15.776
15.7624
15.746500000000003
15.7312
15.7157
15.7058
15.690300000000002
15.6741
15.658900000000003
15.644300000000003
15.6332
15.6165
15.598500000000007
15.5814
15.5635
15.5523
15.537499999999998
15.5259
15.509500000000006
15.4949
15.4778
15.461899999999995
15.450300000000002
15.436
15.42
15.4037
15.3919
15.376800000000006
15.3617
15.347300000000006
15.334400000000006
15.317600000000006
15.3
15.2854
15.2729
15.255599999999998
15.2435
15.229700000000003
15.215899999999994
15.199600000000006
15.183800000000009
15.166400000000003
15.155799999999997
15.1424
