7.0
7.0
6.986800000000003
6.975700000000002
6.964600000000004
6.9508
6.938400000000003
6.928000000000006
6.920199999999997
6.9175999999999895
6.909799999999997
6.901299999999994
6.896100000000006
6.8909
6.886699999999991
6.8835
6.881000000000005
6.877899999999996
6.873600000000003
6.870000000000005
6.8708999999999945
6.869400000000006
6.869399999999991
6.868099999999997
6.869699999999991
6.8694
6.873500000000002
6.8737
6.875700000000014
6.876800000000009
6.8803000000000045
6.884400000000008
6.888200000000003
6.892399999999994
6.895999999999991
6.901000000000004
6.908399999999994
6.912199999999996
6.919400000000003
6.926800000000003
6.933099999999994
6.941400000000003
6.945400000000001
6.9563999999999915
6.964200000000006
6.971600000000003
6.979600000000001
6.989499999999992
6.999999999999996
7.011700000000013
7.019599999999992
7.0285999999999955
7.0392000000000055
7.049700000000001
7.055300000000003
7.058999999999994
7.061399999999986
7.066000000000006
7.069200000000004
7.073299999999994
7.076999999999991
7.0855
7.0889
7.0903999999999865
7.089000000000003
7.090399999999997
7.092999999999988
7.09630000000001
7.099400000000003
7.0984
7.1006
7.104399999999998
7.107500000000009
7.109800000000006
7.107700000000003
7.112499999999997
7.1095
7.110100000000005
7.110800000000009
7.112099999999997
7.113199999999997
7.115800000000001
7.114599999999994
7.115199999999995
7.117699999999998
7.1161
7.121100000000009
7.121200000000003
7.119300000000006
7.116899999999997
7.112399999999997
7.1119
7.1146
7.1137
7.110400000000003
7.110400000000001
7.109600000000006
7.1101999999999945
7.109500000000006
7.109099999999988
7.1098
7.111299999999988
7.1104000000000145
7.107099999999998
7.10679999999999
7.108000000000006
7.106600000000003
7.103100000000003
7.102399999999993
7.103
7.102899999999991
7.099600000000006
7.100599999999998
7.096300000000003
7.091700000000003
7.091900000000006
7.090799999999994
7.086700000000003
7.0839000000000105
7.0801
7.075800000000002
7.076500000000009
7.076799999999994
7.076699999999994
7.0736000000000026
7.0715999999999815
7.0711
7.067400000000003
7.062299999999997
7.0508
7.042699999999998
7.035700000000003
7.0298
7.024000000000009
7.0187
7.0114
7.006599999999991
7.002900000000008
6.999500000000001
6.991300000000011
6.985100000000002
6.9795000000000025
6.971099999999997
6.966299999999992
6.959000000000001
6.955699999999998
6.9545999999999975
6.948800000000023
6.9445000000000014
6.943799999999988
6.942400000000003
6.9372000000000105
6.9363000000000055
6.933200000000003
6.933899999999988
6.930399999999997
6.929899999999997
6.929000000000003
6.923600000000003
6.919599999999997
6.913400000000003
6.909799999999988
6.905500000000006
6.903400000000003
6.8971000000000116
6.897199999999988
6.894499999999997
6.887999999999995
6.886800000000002
6.887699999999993
6.886399999999994
6.8831999999999915
6.881700000000021
6.877199999999997
6.875300000000012
6.876799999999996
6.874300000000004
6.870999999999983
6.8728
6.870800000000012
6.868600000000018
6.8678
6.867300000000001
6.861000000000011
6.860800000000003
6.861299999999998
6.863500000000003
6.8632000000000115
6.861900000000012
6.857200000000004
6.852800000000005
6.851400000000003
6.846400000000003
6.851300000000012
6.8543
6.852500000000012
6.853600000000007
6.854500000000006
6.855900000000005
6.851900000000016
