343.0
343.0
342.7209
342.7436
343.135
343.1646
343.0201
343.2515
343.6998
344.2715
344.6274
345.172
346.0036
346.8455
347.7786
348.2891
349.4755
350.6788
351.28
352.904
353.8653
354.9061
356.0135
357.4681
358.6516
360.192
361.8936
363.0561
364.1833
366.1624
367.7618
369.4962
370.7964
372.7801
375.2753
377.4433
379.1564
380.9221
383.0022
385.1981
387.2122
389.546
391.7861
393.3524
395.5345
397.7706
400.1389
401.612
403.8451
405.5394
407.7828
410.1613
412.443
414.8832
417.881
421.2212
424.8623
427.9181
431.6452
435.449
438.7587
441.6816
445.1941
448.4519
451.2883
455.1163
458.6156
463.0069
467.1101
471.3701
475.6194
479.6059
483.2271
488.0732
492.1084
496.0354
500.1272
504.1691
508.7079
512.2422
515.9818
519.9735
524.3364
528.2659
533.0905
536.7128
541.1896
545.6461
550.6775
555.3895
559.7402
564.1207
568.6637
573.4684
578.7001
583.2922
587.6088
592.3215
596.8326
601.7683
607.0737
611.493
616.9037
621.8051
627.1698
633.1545
638.8802
644.169
649.3802
653.93
659.6741
665.0407
670.216
674.7907
680.801
686.3829
691.9631
697.2265
702.2969
708.2233
713.0632
718.3657
723.7699
729.071
733.9325
739.764
744.9512
750.2407
756.2889
761.8206
766.2416
771.736
776.9121
782.281
787.5889
793.2749
799.2216
806.0049
812.0393
818.3238
824.8451
831.1077
837.5949
842.9932
848.6064
854.5971
861.355
867.491
873.9966
880.014
886.3404
893.1936
899.8587
906.3402
912.8159
918.1871
924.9539
932.1185
937.8613
945.8605
952.3503
959.0177
965.4144
972.599
979.178
984.6414
991.8489
999.2429
1006.2466
1012.8572
1019.9155
1028.5191
1035.3971
1042.0178
1050.1584
1057.4589
1064.2684
1071.4761
1077.6532
1085.0674
1092.5893
1101.6023
1107.1422
1114.9097
1122.6287
1130.9077
1138.4727
1146.1072
1154.0419
1161.758
1169.1706
1176.5077
1184.1707
1191.7908
1199.498
1207.8786
1216.5659
1222.1979
1230.2509
1238.1142
