144.0
144.0
142.7849
141.6066
140.5039
139.2778
138.1941
137.0992
135.9482
134.8255
133.6819
132.496
131.4347
130.2263
129.1087
128.1182
127.0886
126.0317
124.8959
123.7508
122.695
121.6394
120.6368
119.5941
118.6563
117.7224
116.6648
115.6391
114.6669
113.6629
112.7131
111.6843
110.6969
109.8978
108.9649
108.058
107.0214
106.1393
105.1753
104.2206
103.269
102.4474
101.6035
100.7179
99.8572
99.0017
98.1123
97.2273
96.4085
95.5873
94.8376
93.9929
93.1206
92.3452
91.8519
91.4026
90.8727
90.3316
89.8394
89.2926
88.829
88.3582
87.8274
87.3503
86.859
86.3936
85.97
85.4937
85.0194
84.5753
84.1641
83.677
83.2269
82.7131
82.2502
81.8504
81.3551
80.8701
80.514
79.9991
79.5475
79.1879
78.7666
78.349
77.9181
77.4815
77.0603
76.6265
76.2574
75.8216
75.4117
75.0119
74.5939
74.2302
73.8883
73.4889
73.0173
72.655
72.2488
71.808
71.3783
71.0217
70.6667
70.2548
69.9075
69.5133
69.1476
68.7758
68.4419
68.1288
67.8205
67.4685
67.1435
66.799
66.3903
66.0095
65.6297
65.2899
64.9471
64.599
64.2467
63.9376
63.6355
63.3434
63.0154
62.6575
62.371
62.0816
61.8892
61.7061
61.5329
61.321
61.0904
60.9336
60.7143
60.5571
60.4125
60.2298
60.0605
59.7979
59.5509
59.381
59.1564
58.9362
58.7739
58.6262
58.367
58.1611
57.9588
57.7689
57.6163
57.4276
57.2293
57.0427
56.815
56.5967
56.4355
56.257
56.1187
56.0079
55.7924
55.61
55.4662
55.3489
55.145
54.9635
54.7686
54.5665
54.3735
54.2072
54.0825
53.9269
53.7848
53.6193
53.4395
53.338
53.1252
52.977
52.8115
52.6581
52.4572
52.3062
52.1047
51.8836
51.6632
51.503
51.3138
51.1023
50.9269
50.7601
50.625
50.4072
50.2584
50.1045
49.8596
49.7001
49.5631
49.4249
49.197
49.0364
