81.0
81.0
81.1282
81.2129
81.3921
81.5513
81.7456
81.8187
82.0191
82.2626
82.5774
82.9081
83.1303
83.5223
83.9134
84.1932
84.6049
84.9615
85.3057
85.7201
86.1951
86.6129
87.0536
87.4958
87.9762
88.5985
89.16
89.7161
90.2375
90.7934
91.3215
91.9997
92.6811
93.2175
93.7987
94.6196
95.2466
95.9324
96.5807
97.3185
98.0444
98.8052
99.4573
100.2417
100.9956
101.7226
102.5299
103.3711
104.1748
105.0425
105.8685
106.7693
107.6431
108.4913
109.3648
110.2828
111.1455
112.0915
113.0464
114.0199
115.0468
116.1273
117.0804
118.0579
118.8912
119.823
120.8375
121.7933
122.8166
123.6503
124.6607
125.5817
126.4484
127.5625
128.4126
129.5272
130.4407
131.3563
132.2987
133.3021
134.2416
135.2061
136.1903
137.3487
138.3845
139.4395
140.4994
141.4623
142.4357
143.3302
144.4884
145.5578
146.6517
147.5415
148.5639
149.6546
150.7575
151.841
152.6972
153.7829
154.7815
155.8028
156.7228
157.8146
158.9985
159.9991
161.2268
162.3793
163.4701
164.5355
165.54
166.7304
167.6897
168.6162
169.7187
170.7047
171.7259
172.7453
173.6045
174.6819
175.7433
176.7837
177.7272
178.7458
179.6824
180.6953
181.6385
182.7876
184.0055
185.233
186.4995
187.8084
189.0706
190.56
191.791
193.0355
194.2913
195.6128
196.9973
198.2771
199.4625
200.6342
202.0094
203.2295
204.3609
205.656
207.1179
208.3304
209.8658
211.1257
212.4153
213.7491
214.9289
216.2176
217.5761
218.7364
219.9031
221.1835
222.4483
223.6652
225.0211
226.292
227.3745
228.5303
229.7602
231.0217
232.3381
233.8284
235.0676
236.3555
237.5695
239.0001
240.2394
241.396
242.5709
243.8338
245.1873
246.5283
247.8293
249.1059
250.3923
251.7873
253.0207
254.3008
255.5295
256.7903
257.8267
258.9433
260.125
261.3974
262.6626
263.7454
265.1021
266.2407
267.5023
268.671
269.6868
271.0743
272.2152
273.6496
