216.0
216.0
212.6417
210.1143
207.2661
204.4167
201.9299
198.9574
196.501
193.6662
190.9087
188.5713
186.4294
184.4498
182.7705
180.8401
178.3831
176.3931
174.672
172.8021
171.024
169.6001
168.3551
166.415
165.01
163.8954
162.229
161.3724
160.1092
158.8734
157.6405
156.4414
154.5309
153.0354
151.929
150.4928
149.2882
148.2155
147.1838
146.1918
145.3789
144.1711
143.2036
142.6178
141.6845
140.9596
140.4911
139.6703
138.7015
137.3585
136.6585
135.7503
134.8487
133.6965
133.0487
132.2866
131.5251
131.1663
130.4621
129.7633
129.2963
128.8404
127.6781
126.8633
126.3498
125.4
124.8692
123.7069
122.5588
121.6422
120.6434
120.0864
118.8472
117.8844
117.0726
115.9226
114.9857
114.033
113.4234
112.7288
111.9446
110.9538
110.1309
109.0918
108.267
107.1177
106.5233
105.6015
104.4758
103.6895
102.5865
101.6104
101.178
100.2356
99.1525
98.3412
97.5096
96.9006
96.2338
95.27
94.3629
93.5399
93.054
92.423
91.9231
90.5163
89.7853
88.8716
87.8969
86.9728
86.3482
85.3325
84.6866
84.0921
83.101
82.4149
81.6781
80.7949
80.2382
79.5604
78.5214
78.0331
77.1613
76.6635
75.8414
75.0986
74.3735
73.9646
73.2356
72.8392
72.1766
71.5167
70.9762
70.3228
69.6351
69.0344
68.8209
68.3833
67.6048
66.9179
66.4641
65.9611
65.5173
65.219
64.6948
64.2802
63.7982
63.3023
62.5199
62.2764
61.9272
61.513
61.1843
60.9446
60.376
59.9252
59.6075
59.2529
59.2762
58.8127
58.2773
57.9905
57.3305
57.1255
56.5963
56.3274
55.9217
55.6274
55.4792
55.3636
54.9883
54.7127
54.2294
53.8279
53.2831
53.0924
52.7159
52.3577
51.7293
51.2839
50.809
50.272
50.2259
49.9503
49.5735
49.3866
49.0743
48.7989
48.493
48.1874
47.8685
47.6331
47.6293
47.4772
47.1011
46.8112
46.6604
46.2771
46.0239
45.8727
