225.0
225.0
227.2696
229.2217
231.1763
232.9969
234.8074
236.3615
237.7769
239.2804
240.5528
241.7235
242.9804
244.0476
245.1596
246.2684
247.251
248.0805
248.994
249.7563
250.39
251.072
251.7305
252.337
252.8357
253.431
254.0268
254.6248
255.1023
255.5201
256.026
256.4654
256.8337
257.1523
257.5994
258.0911
258.4292
258.7006
259.0455
259.3969
259.602
259.8722
260.1058
260.3881
260.5734
260.8912
261.0967
261.4459
261.6057
261.7999
262.0143
262.2635
262.4454
262.528
262.5588
262.5426
262.5969
262.655
262.7481
262.8179
262.7641
262.8469
262.7973
262.7942
262.7931
262.8
262.7581
262.7297
262.6288
262.5124
262.401
262.4592
262.5955
262.6708
262.5241
262.5407
262.4704
262.4593
262.4283
262.3409
262.3655
262.214
262.1209
262.0317
261.9745
262.0151
262.0768
262.0034
261.9177
261.8257
261.7274
261.717
261.797
261.7503
261.6612
261.6603
261.5253
261.4062
261.3419
261.2371
261.2708
261.3199
261.3218
261.329
261.3
261.1671
260.9911
260.9755
260.8547
260.8181
260.7338
260.6397
260.6096
260.5507
260.4659
260.4314
260.4819
260.4103
260.4096
260.3186
260.274
260.2543
260.1131
259.9862
259.9705
259.9011
259.8221
259.6147
258.9861
258.3962
257.6734
256.9792
256.289
255.6252
254.9662
254.2113
253.3693
252.5945
251.8009
251.1268
250.4068
249.7279
248.9186
248.1422
247.5472
246.7965
246.036
245.2591
244.579
243.8838
243.1106
242.1441
241.4762
240.7312
240.0411
239.2948
238.5028
237.7775
237.0061
236.3228
235.466
234.7055
233.9407
233.1428
232.3664
231.5832
231.0215
230.2981
229.5268
228.7693
227.9868
227.3732
226.4537
225.721
224.8995
224.0664
223.169
222.402
221.6616
220.9078
220.1851
219.376
218.4784
217.7096
217.1089
216.3629
215.5206
214.8188
214.1212
213.4253
212.6734
211.8123
211.034
210.2685
209.5502
208.6716
207.9345
207.2385
206.5697
205.7236
