729.0
729.0
732.079
734.6321
738.4583
742.0355
746.0832
748.3201
752.4451
757.375
763.1852
769.1149
773.7175
780.6717
787.4866
792.7206
799.8259
806.1669
812.5401
819.9823
828.2363
835.8565
843.7614
851.5214
859.9816
870.3355
879.732
889.5653
898.8155
908.5174
917.8937
929.6293
940.9923
950.5447
960.8705
975.0074
985.9724
997.9086
1009.6131
1022.8735
1035.365
1048.5518
1059.9203
1073.9135
1087.5048
1100.7444
1115.1405
1130.2257
1144.5002
1159.6773
1175.0621
1191.3729
1207.7479
1222.8527
1239.0462
1255.5488
1271.4527
1288.8079
1306.5964
1324.0529
1342.9298
1362.9157
1380.3388
1398.7891
1414.4684
1431.476
1450.4469
1468.1457
1487.1902
1503.5845
1522.8883
1540.4883
1557.254
1577.9865
1594.2772
1615.556
1633.0957
1650.9515
1669.8303
1689.6163
1708.487
1728.0121
1748.1093
1771.3973
1791.1869
1812.2707
1834.0484
1853.0657
1872.5833
1890.3782
1913.9508
1935.581
1958.1661
1976.7921
1998.3651
2021.4172
2044.3785
2066.9312
2085.6408
2109.0237
2130.5855
2152.1452
2171.0896
2194.7564
2220.2227
2242.0449
2268.6022
2293.7123
2317.5031
2340.1125
2361.3632
2387.5002
2409.0543
2429.2558
2454.5725
2476.7617
2499.3009
2522.2421
2541.3983
2566.0581
2589.6673
2613.1367
2635.2098
2657.8344
2679.4784
2702.3727
2724.3503
2750.2974
2777.6991
2805.6212
2834.1587
2863.4988
2893.5734
2927.8094
2955.583
2985.7105
3014.9695
3045.7134
3078.6899
3108.8007
3136.1545
3163.0518
3195.3768
3223.8503
3250.4647
3280.6208
3315.7857
3345.1254
3381.4276
3411.2023
3442.1089
3474.6307
3504.1195
3536.095
3569.7987
3598.5842
3627.0119
3658.7901
3689.4195
3720.4818
3754.6207
3787.889
3814.6689
3844.1365
3874.8798
3907.1893
3940.8441
3980.1172
4012.5118
4045.4747
4076.8013
4112.5307
4143.8942
4173.6898
4204.6563
4237.2782
4272.3977
4307.8663
4341.2845
4374.1923
4407.4757
4444.5977
4476.8087
4510.4458
4543.3595
4577.0741
4605.3131
4634.6551
4666.264
4700.271
4734.4046
4764.2718
4800.2635
4831.9107
4865.9209
4897.2836
4925.6862
4963.4631
4994.2608
5034.1276
