36.0
36.0
35.5529
35.1919
34.7915
34.3947
34.0317
33.6138
33.2568
32.8554
32.4651
32.1167
31.7902
31.488
31.2273
30.9347
30.5677
30.2665
29.9884
29.6993
29.425
29.1827
28.9569
28.6572
28.4166
28.212
27.9466
27.7662
27.5418
27.3218
27.1017
26.8932
26.6141
26.3588
26.1582
25.915
25.7008
25.5057
25.3086
25.133
24.9591
24.7513
24.5596
24.4184
24.2395
24.0888
23.9649
23.8143
23.6383
23.4305
23.2889
23.1307
22.9605
22.7635
22.6323
22.4872
22.3427
22.2427
22.1127
21.9825
21.8763
21.7638
21.5647
21.4169
21.3076
21.155
21.043
20.8607
20.6876
20.5468
20.3822
20.2674
20.0938
19.9216
19.785
19.6076
19.4607
19.306
19.1828
19.0508
18.9138
18.7688
18.6297
18.4616
18.3164
18.1377
18.0233
17.8675
17.6852
17.5415
17.3905
17.228
17.1288
16.9986
16.8321
16.6948
16.5568
16.4542
16.3322
16.1764
16.0323
15.8845
15.7712
15.6622
15.5537
15.3523
15.2279
15.086
14.9327
14.7818
14.6828
14.5255
14.4006
14.2925
14.1422
14.0315
13.9033
13.7727
13.671
13.5468
13.4034
13.3099
13.1737
13.0795
12.9634
12.8366
12.7235
12.6412
12.5294
12.4622
12.3484
12.2329
12.1234
12.0148
11.9103
11.8172
11.7475
11.6739
11.5596
11.4487
11.3675
11.2807
11.2085
11.148
11.066
10.9932
10.9112
10.8255
10.6979
10.6362
10.568
10.4892
10.4181
10.378
10.2926
10.2358
10.1705
10.1095
10.0802
10.0135
9.9285
9.8711
9.7749
9.7113
9.6263
9.5814
9.5217
9.4648
9.4246
9.3778
9.3293
9.2933
9.2278
9.1705
9.0865
9.0548
8.9873
8.9179
8.8221
8.7537
8.6794
8.6132
8.5871
8.5379
8.4773
8.4518
8.4047
8.3603
8.3034
8.2646
8.2179
8.1677
8.1521
8.1156
8.0561
8.025
7.9928
7.9491
7.9053
7.8823
