3.0
3.0
2.9817999999999993
2.9629999999999828
2.948400000000002
2.9316999999999984
2.9164000000000034
2.905799999999992
2.8913
2.8786000000000067
2.8674999999999997
2.8572999999999973
2.848499999999991
2.8381000000000016
2.8282999999999983
2.818300000000002
2.8079999999999865
2.7972000000000055
2.7846999999999986
2.7785000000000033
2.7744000000000018
2.764200000000007
2.756599999999993
2.7469000000000023
2.742800000000002
2.736999999999998
2.73520000000001
2.7285000000000057
2.7221999999999955
2.721800000000007
2.7184999999999984
2.713499999999996
2.7128000000000054
2.706800000000003
2.7043999999999944
2.7005000000000035
2.698199999999991
2.6967999999999983
2.6942999999999993
2.6925000000000003
2.6902000000000124
2.689700000000004
2.688000000000008
2.688300000000005
2.6842999999999893
2.682999999999992
2.6814999999999927
2.6797000000000186
2.6821999999999973
2.6838
2.6848999999999896
2.682700000000001
2.6827000000000067
2.6875000000000058
2.700099999999992
2.7140999999999957
2.729700000000004
2.7419999999999973
2.7550999999999926
2.7693000000000083
2.786800000000003
2.8038000000000087
2.8159999999999963
2.832200000000001
2.8474000000000004
2.862299999999998
2.878699999999996
2.8916999999999966
2.905499999999998
2.920900000000009
2.935299999999995
2.9504000000000024
2.967400000000002
2.9842999999999997
2.9996999999999936
3.018100000000009
3.032900000000016
3.0509000000000013
3.065499999999999
3.082400000000003
3.1002000000000005
3.118399999999999
3.135600000000002
3.1540000000000012
3.174200000000002
3.1909000000000005
3.2082000000000086
3.2244999999999937
3.2403000000000013
3.2587999999999995
3.2753000000000037
3.2922000000000016
3.3093999999999992
3.328999999999997
3.3510000000000035
3.3700999999999994
3.3862000000000014
3.404699999999991
3.423099999999994
3.4447000000000036
3.4624999999999964
3.486100000000001
3.5069000000000012
3.529299999999999
3.5512999999999955
3.569599999999994
3.5897
3.6123999999999956
3.6314
3.6531000000000042
3.6736999999999993
3.6914000000000016
3.7091
3.7292000000000014
3.7547999999999995
3.7722
3.7921999999999985
3.8128
3.8325
3.8529
3.8739
3.8956999999999984
3.918
3.941300000000001
3.961200000000002
3.981899999999999
4.005000000000016
4.029899999999972
4.057500000000023
4.086099999999998
4.116399999999983
4.145800000000008
4.1757000000000035
4.199199999999999
4.231599999999947
4.258600000000003
4.289999999999998
4.320899999999963
4.347100000000009
4.375099999999999
4.406200000000008
4.4348999999999865
4.462599999999994
4.4923000000000055
4.521500000000032
4.553399999999986
4.585800000000034
4.616699999999998
4.648700000000003
4.67869999999999
4.7118999999999955
4.740899999999999
4.777400000000003
4.811200000000005
4.8452000000000295
4.879100000000008
4.912399999999999
4.947799999999991
4.9836999999999945
5.0192000000000085
5.05139999999998
5.08120000000002
5.118900000000004
5.156600000000013
5.187499999999985
5.222800000000002
5.263100000000008
5.297199999999998
5.334099999999984
5.374099999999997
5.410900000000019
5.445400000000004
5.4803999999999915
5.513900000000006
5.544500000000004
5.580899999999991
5.6182
5.65399999999997
5.6924000000000055
5.727200000000004
5.762800000000001
5.79530000000001
5.833900000000015
5.867000000000003
5.902800000000009
5.940599999999987
5.978800000000002
6.009399999999996
6.043699999999997
6.078800000000013
6.116199999999986
6.151400000000011
6.1914000000000025
6.2287
6.2666999999999895
6.302799999999984
6.3358
6.370100000000021
6.402899999999981
6.439100000000014
