225.0
225.0
224.7361
224.4927
224.2147
223.9427
223.6794
223.4227
223.2292
222.998
222.7703
222.5285
222.2695
222.0594
221.7776
221.5041
221.2088
220.9042
220.68
220.4313
220.1619
219.9074
219.6462
219.4368
219.1591
218.9116
218.5893
218.3764
218.1292
217.9126
217.6825
217.3948
217.1212
216.8621
216.6338
216.3662
216.0872
215.7744
215.5353
215.2852
215.0646
214.7876
214.5725
214.2702
214.0606
213.824
213.6011
213.3377
213.1432
212.9289
212.702
212.4299
212.2121
211.9041
211.7262
211.5982
211.4551
211.3305
211.2135
211.0813
210.9114
210.7533
210.6141
210.4598
210.3059
210.1706
210.0252
209.8916
209.7271
209.6156
209.5129
209.3893
209.2561
209.1078
208.9651
208.8351
208.7233
208.5977
208.4933
208.3201
208.1952
208.0485
207.9264
207.8317
207.7128
207.5982
207.4899
207.3519
207.2525
207.1153
206.9675
206.8295
206.7268
206.5629
206.4346
206.3094
206.1972
206.0981
206.0049
205.8863
205.7789
205.6636
205.5645
205.4645
205.3264
205.2162
205.1035
205.0009
204.8463
204.7171
204.579
204.4696
204.3433
204.2308
204.1467
204.0421
203.9449
203.8183
203.6549
203.5508
203.4413
203.3201
203.1992
203.1053
203.0129
202.9011
202.7908
202.4831
202.0747
201.4791
200.9492
200.3077
199.7913
199.2639
198.7161
198.238
197.6779
197.1113
196.4956
195.8894
195.3031
194.7821
194.23
193.7086
193.1367
192.6277
192.1188
191.5672
191.0151
190.4377
189.891
189.4141
188.8782
188.3227
187.7204
187.2218
186.627
186.0458
185.5094
184.9373
184.3483
183.8205
183.2437
182.7526
182.2014
181.6802
181.0863
180.5835
180.1079
179.5691
179.0001
178.4719
177.9027
177.3429
176.7695
176.2764
175.6972
175.1241
174.5233
173.9902
173.5099
172.992
172.4918
171.9023
171.4386
170.8891
170.4014
169.8953
169.2748
168.6939
168.1965
167.6695
167.1402
166.637
166.1279
165.6156
165.0613
164.5891
164.0339
163.5459
