32768.0
32768.0
32724.7565
32691.3046
32644.1836
32602.42
32566.7256
32534.1042
32490.6216
32455.2098
32420.9666
32392.2693
32364.839
32333.2547
32299.0145
32272.0836
32245.8327
32212.3342
32188.7624
32166.0074
32140.9555
32116.9899
32097.908
32076.0467
32046.1079
32027.6671
32009.8236
31983.9608
31969.6253
31947.8257
31937.0567
31919.7946
31902.9796
31874.5792
31851.6122
31832.5868
31808.6288
31787.6928
31765.9791
31745.8494
31724.4447
31710.2982
31696.0864
31668.1306
31648.5361
31635.6907
31623.5431
31608.09
31586.77
31573.3088
31555.2832
31535.8747
31528.4311
31504.2541
31475.9316
31429.8742
31384.5274
31350.067
31311.1944
31262.0939
31215.2147
31167.5163
31115.6804
31073.9335
31030.8381
30978.2347
30937.7457
30890.4598
30844.1053
30793.9406
30757.3222
30708.1219
30660.7693
30615.4968
30568.8792
30526.3272
30490.1354
30435.1597
30388.6456
30338.0347
30288.424
30247.0483
30198.1102
30147.912
30107.1516
30074.4737
30022.5995
29979.7931
29936.8774
29885.4246
29844.1218
29793.0158
29746.3945
29694.3426
29649.9026
29601.988
29548.7629
29507.4472
29469.1712
29420.6347
29373.5232
29330.7209
29283.5967
29244.8205
29185.3659
29136.3771
29090.7308
29045.0606
29007.2933
28968.3784
28932.3086
28878.1566
28835.9963
28793.3719
28752.6306
28706.4339
28666.2743
28622.7879
28583.0257
28536.6083
28501.8019
28463.9971
28418.8853
28374.0062
28331.4165
28289.9454
28243.6328
28211.5386
28199.3754
28199.3501
28204.4988
28204.8012
28211.241
28212.7686
28224.3111
28229.9742
28234.7001
28239.8452
28248.8126
28256.7131
28259.0519
28261.2799
28274.4386
28275.5154
28275.3413
28278.5099
28285.885
28298.8686
28303.8704
28311.8062
28322.5727
28335.4441
28333.718
28337.0432
28346.1937
28347.4081
28350.4116
28359.1603
28369.9273
28378.4376
28387.9216
28399.8051
28405.0118
28404.5496
28405.6058
28413.5431
28413.0828
28419.6215
28428.2993
28436.5077
28438.5813
28450.3281
28460.4214
28465.15
28466.9155
28480.6443
28483.5621
28490.2414
28496.7943
28512.8073
28513.4489
28523.1431
28521.48
28523.5821
28538.5982
28544.5343
28556.6897
28566.4996
28566.7564
28573.4422
28574.4157
28583.2478
28585.117
28589.1333
28590.0831
28596.6787
28598.9244
28602.9189
28613.381
28617.8167
