2744.0
2744.0
2747.3935
2751.9793
2748.8272
2745.5518
2740.4426
2738.2209
2734.4511
2730.0609
2728.3689
2715.9116
2706.2581
2696.9481
2690.2971
2676.892
2664.8629
2651.8184
2637.7127
2624.7521
2611.3046
2595.9567
2580.5957
2562.6041
2546.6391
2528.453
2511.8968
2497.2176
2480.1976
2465.2754
2447.8955
2431.1926
2407.7222
2387.9516
2369.3249
2351.8925
2334.7425
2314.2831
2295.9227
2277.3402
2255.9868
2238.9451
2219.6056
2198.1388
2177.4609
2161.8063
2144.7064
2124.7654
2112.4922
2091.8741
2073.8167
2051.8513
2032.9089
2013.8847
1998.233
1983.3637
1969.3217
1953.4177
1937.802
1919.1072
1901.4095
1885.9781
1868.2496
1854.1509
1840.7213
1824.6672
1809.3383
1793.8822
1778.5469
1763.6175
1748.6871
1729.1646
1716.6797
1700.0589
1682.5971
1666.8296
1649.6766
1632.3443
1616.6189
1601.2686
1586.2954
1571.4728
1555.1391
1538.2171
1524.2364
1509.3107
1494.4441
1478.7233
1463.6643
1449.6228
1431.4434
1416.2851
1400.0369
1386.2342
1372.8498
1356.6224
1341.7066
1327.8885
1313.8863
1300.7109
1286.8611
1273.9542
1260.3429
1247.3841
1236.8098
1224.0165
1209.2948
1196.5346
1182.5052
1169.8389
1156.5399
1143.1869
1130.3847
1118.9982
1105.9575
1091.5809
1079.272
1066.3584
1057.035
1044.7435
1033.6582
1021.8725
1011.9204
999.5332
988.4743
976.2352
963.3343
952.0711
940.4577
929.1618
916.6703
904.1549
892.7595
880.6674
868.1104
857.8478
846.5113
834.2094
821.0112
809.2773
797.4357
787.3242
776.7627
765.1304
751.83
741.354
729.7283
720.7487
710.2133
699.1965
686.7015
676.8884
668.5055
657.6075
646.94
637.649
627.2554
617.9435
608.7644
600.8671
589.5651
579.3255
570.7435
561.8455
553.3393
545.4652
536.724
527.3875
518.5201
509.4992
501.8558
493.7277
486.4954
479.3012
471.2682
462.9599
455.0694
445.5696
437.968
430.2584
422.6246
415.0845
408.1422
400.5499
394.1482
386.2135
378.6508
371.6204
364.6965
357.9401
351.3128
345.7223
338.6322
333.1444
326.7047
320.2887
314.9135
309.2129
304.6485
298.5332
