10.0
10.0
9.97389999999996
9.945700000000036
9.914299999999992
9.886700000000014
9.860100000000008
9.833299999999992
9.809999999999983
9.786199999999987
9.764100000000006
9.736900000000004
9.713899999999967
9.697000000000015
9.672700000000008
9.657500000000015
9.637599999999962
9.612999999999985
9.592700000000045
9.571099999999973
9.5485
9.527900000000018
9.5047
9.479800000000056
9.463299999999952
9.449899999999982
9.425499999999978
9.405800000000047
9.390599999999994
9.37249999999994
9.351599999999973
9.334300000000017
9.318299999999974
9.299400000000018
9.28140000000002
9.271500000000026
9.250500000000027
9.235899999999978
9.220799999999988
9.208000000000009
9.195999999999954
9.1849
9.171900000000017
9.156600000000031
9.139399999999977
9.119600000000013
9.104199999999942
9.0902
9.080800000000009
9.068399999999986
9.050800000000038
9.037400000000027
9.025800000000054
9.019700000000006
9.03059999999998
9.042399999999985
9.051100000000014
9.065699999999968
9.081699999999943
9.090600000000011
9.104799999999996
9.120999999999947
9.136299999999991
9.151300000000026
9.167199999999948
9.183699999999996
9.200399999999984
9.218300000000038
9.236199999999995
9.254800000000003
9.272300000000007
9.28720000000004
9.310100000000002
9.332000000000004
9.351799999999992
9.371300000000023
9.392400000000011
9.409800000000068
9.426900000000035
9.448299999999973
9.465900000000023
9.484099999999982
9.505200000000029
9.529099999999996
9.551200000000044
9.573299999999978
9.596599999999986
9.619900000000023
9.64059999999997
9.66189999999997
9.684000000000012
9.708999999999957
9.728599999999986
9.75250000000001
9.77480000000001
9.802700000000014
9.83069999999997
9.853399999999946
9.879499999999979
9.904100000000055
9.929499999999981
9.955600000000011
9.980700000000004
10.012299999999996
10.0401
10.065499999999993
10.090600000000027
10.114299999999984
10.139400000000029
10.16329999999998
10.190000000000023
10.221600000000008
10.249599999999983
10.276100000000008
10.301799999999965
10.3288
10.358700000000022
10.388700000000025
10.418200000000013
10.44889999999996
10.476299999999986
10.509099999999945
10.5323
10.563400000000033
10.592599999999981
10.623000000000046
10.658299999999988
10.694600000000023
10.732899999999978
10.765200000000014
10.79830000000002
10.8331
10.861099999999986
10.895299999999986
10.933800000000003
10.972099999999987
11.006100000000032
11.042999999999983
11.079000000000038
11.117299999999988
11.157099999999964
11.193099999999998
11.230399999999975
11.269099999999998
11.30010000000001
11.33640000000001
11.374399999999975
11.413200000000032
11.452199999999975
11.49510000000004
11.534600000000024
11.572800000000033
11.615500000000008
11.658000000000005
11.70029999999997
11.744999999999992
11.794199999999952
11.8311
11.872099999999985
11.915499999999994
11.96249999999998
11.999899999999974
12.040500000000009
12.079800000000004
12.123000000000024
12.1714
12.215700000000028
12.261599999999998
12.297
12.33720000000002
12.373399999999974
12.418199999999961
12.46609999999996
12.507100000000001
12.55440000000004
12.6018
12.648799999999998
12.698200000000018
12.738399999999999
12.779599999999952
12.823700000000018
12.866999999999983
12.913399999999974
12.958599999999981
13.0027
13.05109999999999
13.089200000000003
13.134899999999988
13.185599999999994
13.234399999999976
13.2831
13.325700000000003
13.373500000000023
13.415799999999983
13.4588
13.506999999999998
13.556100000000026
13.6086
13.653800000000011
13.704600000000006
