216.0
216.0
216.7549
218.0675
219.5636
220.6087
222.226
223.9746
224.8411
226.4437
227.8686
229.3032
230.8464
232.0285
234.0313
235.8953
238.4801
240.7065
242.4011
244.4951
247.3762
249.2025
251.1663
253.4545
255.9749
258.833
261.3627
263.6953
266.3303
269.0938
271.72
274.9937
277.8635
280.2741
282.887
286.5191
289.2294
291.8952
295.2079
298.3931
301.5694
305.2428
307.9605
311.3274
314.6643
317.9058
320.946
323.8175
327.8981
332.1365
335.2176
338.9299
343.0904
346.3628
352.0079
356.4985
362.0149
366.6797
371.2033
375.7192
381.7694
386.8051
393.4425
398.299
403.6651
409.4255
414.8913
420.2627
424.9901
430.1658
435.5562
441.0811
445.6134
450.6624
455.6725
460.8773
466.2779
470.5862
476.4026
481.188
485.691
489.933
496.1198
501.3011
506.6448
511.5438
518.6488
524.3321
529.5274
534.6829
540.3399
544.7172
551.0408
556.5409
563.0916
568.3887
573.0168
577.6871
583.3976
588.6983
594.7468
599.9148
605.1468
611.4978
616.8139
621.6084
628.3306
633.7743
638.5388
644.5881
650.9423
656.9159
662.2272
668.5287
674.6247
682.1109
688.413
694.915
700.8354
706.5816
712.8591
720.0745
726.1202
732.8822
738.7079
744.5972
750.4425
755.4379
758.207
761.4568
763.9925
766.2639
769.6847
773.6069
775.9094
780.0979
783.0015
785.249
786.8664
790.4216
792.0676
795.2674
797.1407
799.101
803.8028
807.0788
810.5256
816.3252
820.3997
824.0742
826.8013
829.6437
832.8875
835.1816
838.7906
842.2812
845.481
848.3931
851.0082
854.7333
858.626
860.14
862.3566
866.698
868.5582
870.2588
873.7197
877.2458
880.0553
883.4176
887.5473
889.0393
891.8726
892.6682
894.5368
898.5059
900.7651
903.5045
906.3668
910.0375
913.1117
915.4228
917.4556
920.8174
923.4897
923.6404
926.9315
928.7031
930.4453
932.7122
934.2911
936.7798
939.572
942.7976
945.2179
948.293
949.709
951.8089
953.8226
956.8179
