5.0
5.0
4.949499999999992
4.897899999999979
4.838699999999991
4.788500000000004
4.73819999999998
4.684299999999995
4.631500000000001
4.587699999999966
4.542200000000005
4.494000000000002
4.4445999999999835
4.40049999999999
4.356399999999981
4.306099999999969
4.261599999999992
4.2102999999999815
4.16480000000002
4.116499999999978
4.07040000000003
4.025000000000012
3.9772
3.9372
3.900899999999999
3.865900000000001
3.8261000000000016
3.7822
3.7397
3.6975999999999987
3.6595999999999993
3.623200000000005
3.591200000000003
3.551499999999994
3.511099999999993
3.4739999999999984
3.4356999999999958
3.4023000000000017
3.3652999999999955
3.3336000000000046
3.2995000000000037
3.265500000000009
3.237400000000009
3.2049
3.1660999999999966
3.136700000000004
3.1063999999999963
3.071499999999996
3.0441
3.0174000000000034
2.9927999999999972
2.964700000000011
2.9401000000000015
2.915699999999991
2.9084000000000056
2.9023999999999965
2.8917000000000024
2.8849999999999953
2.879999999999999
2.870000000000007
2.861299999999996
2.851299999999998
2.8367999999999993
2.8288
2.820199999999998
2.809
2.797399999999992
2.7914000000000034
2.782299999999997
2.7764000000000073
2.766600000000002
2.7569999999999975
2.7490999999999994
2.737799999999998
2.732999999999998
2.7295999999999943
2.7219000000000007
2.717800000000004
2.708199999999996
2.6999000000000004
2.691600000000003
2.6815999999999933
2.6711999999999914
2.6638999999999986
2.6546999999999996
2.6436999999999995
2.6402999999999928
2.633399999999998
2.6272999999999804
2.615399999999996
2.6062000000000056
2.6002999999999994
2.5974999999999997
2.593500000000014
2.588499999999999
2.580399999999999
2.5754999999999932
2.57220000000001
2.5645999999999987
2.5596999999999883
2.5560999999999976
2.547799999999999
2.5403
2.533599999999994
2.5291999999999977
2.522299999999992
2.5156999999999936
2.5064000000000144
2.500800000000004
2.4973999999999936
2.49009999999999
2.4812000000000025
2.4736999999999862
2.46509999999998
2.4580000000000024
2.4511000000000087
2.4423000000000057
2.437400000000002
2.436700000000007
2.4358999999999993
2.4334999999999947
2.424400000000009
2.4160999999999984
2.414900000000008
2.4077999999999977
2.400200000000003
2.39939999999999
2.3906000000000094
2.3800000000000012
2.3698999999999892
2.3525000000000054
2.332900000000005
2.320799999999998
2.307599999999989
2.288499999999998
2.2795000000000014
2.267899999999991
2.2598000000000016
2.252199999999997
2.2440999999999796
2.235699999999993
2.225600000000007
2.208800000000002
2.200900000000004
2.191199999999993
2.179900000000002
2.166699999999995
2.1585000000000134
2.147900000000006
2.1389000000000045
2.127100000000011
2.115600000000004
2.1084000000000063
2.094200000000013
2.084499999999987
2.075699999999995
2.067900000000012
2.059100000000003
2.0522999999999976
2.0438000000000196
2.0352000000000077
2.0174999999999987
2.010100000000001
2.0000000000000053
1.9916000000000047
1.9879000000000064
1.9787999999999963
1.9700000000000015
1.9599999999999993
1.9498999999999993
1.9356000000000004
1.9301000000000008
1.9235
1.9148
1.9091999999999993
1.9018000000000015
1.8965000000000007
1.8877000000000008
1.8780000000000008
1.8645
1.8598999999999992
1.8528000000000016
1.8422000000000003
1.8367
1.8276
1.8184000000000022
1.8071000000000008
1.7976000000000008
1.7884999999999989
1.779199999999998
1.7705
1.7635000000000012
1.755299999999999
1.7470000000000008
1.7457000000000022
1.7411999999999972
1.734
1.7254999999999996
1.7183000000000008
1.709999999999997
