11.0
11.0
10.950700000000024
10.898800000000016
10.85560000000001
10.812199999999967
10.763900000000007
10.721500000000026
10.676599999999985
10.633800000000022
10.590200000000033
10.54900000000005
10.509300000000005
10.467299999999973
10.426900000000005
10.38779999999998
10.351
10.314100000000025
10.274199999999988
10.23660000000006
10.197999999999961
10.160399999999996
10.120900000000047
10.080000000000013
10.048099999999941
10.014200000000004
9.975100000000023
9.939800000000012
9.906600000000056
9.87110000000004
9.836900000000096
9.799899999999944
9.767099999999997
9.731799999999982
9.695500000000008
9.658799999999975
9.62100000000001
9.585600000000012
9.551099999999987
9.514500000000002
9.476100000000018
9.444899999999988
9.407999999999976
9.373500000000009
9.340600000000029
9.303199999999983
9.270599999999991
9.24139999999999
9.208200000000003
9.172900000000022
9.140599999999965
9.112000000000029
9.08089999999999
9.048400000000006
9.018800000000004
8.990600000000002
8.96139999999999
8.935000000000011
8.908899999999987
8.880299999999984
8.858400000000014
8.831700000000007
8.806299999999997
8.777300000000075
8.751899999999992
8.726299999999988
8.69970000000002
8.672399999999994
8.645499999999954
8.615199999999941
8.591599999999978
8.56380000000003
8.53840000000003
8.515499999999944
8.49180000000003
8.468599999999983
8.440499999999986
8.412800000000047
8.388099999999998
8.360700000000055
8.336799999999979
8.311200000000047
8.285399999999981
8.261900000000036
8.236399999999993
8.208900000000018
8.183799999999987
8.158200000000004
8.130500000000072
8.10740000000002
8.081599999999932
8.057400000000046
8.031100000000002
8.000399999999992
7.973599999999991
7.947599999999997
7.9221999999999975
7.896000000000002
7.870999999999999
7.8401
7.809999999999999
7.7846
7.758800000000002
7.735100000000003
7.707699999999997
7.6783
7.653200000000003
7.6218999999999975
7.593999999999997
7.566
7.5365
7.5089
7.482699999999997
7.453599999999997
7.432099999999998
7.4038999999999975
7.378800000000009
7.354600000000001
7.3342
7.3047
7.279699999999997
7.255
7.227300000000006
7.204699999999997
7.179800000000003
7.15219999999999
7.128299999999994
7.0965
7.059599999999988
7.021199999999994
6.988200000000009
6.9509
6.91630000000001
6.880299999999996
6.842699999999986
6.805999999999996
6.770399999999983
6.7304999999999895
6.690699999999992
6.653200000000004
6.616000000000003
6.576499999999989
6.531099999999997
6.491799999999976
6.453399999999993
6.412099999999992
6.3694999999999995
6.329499999999999
6.287399999999986
6.246099999999992
6.207600000000018
6.1658000000000115
6.126499999999996
6.0855000000000095
6.039399999999978
5.997300000000015
5.9569999999999945
5.914199999999997
5.873900000000014
5.832600000000002
5.790300000000012
5.747799999999993
5.705999999999993
5.6616999999999935
5.622899999999999
5.580999999999997
5.541700000000025
5.502100000000012
5.457600000000005
5.41690000000001
5.370700000000013
5.3302999999999985
5.293300000000013
5.245999999999994
5.204699999999997
5.165400000000015
5.123799999999991
5.086800000000008
5.047699999999989
5.005700000000009
4.966299999999988
4.9287999999999945
4.890099999999996
4.848000000000013
4.80809999999999
4.769499999999985
4.726599999999997
4.689800000000035
4.648300000000004
4.60980000000001
4.570700000000009
4.532499999999997
4.49329999999999
4.452699999999995
4.415899999999978
4.382599999999981
4.3457000000000106
4.30779999999996
4.271899999999994
4.232399999999975
