169.0
169.0
170.064
171.1654
172.4137
173.7537
174.8131
175.9998
177.0779
178.3757
179.5159
180.5564
181.6961
182.7918
183.8819
184.711
185.8581
186.7911
187.6196
188.6804
189.5909
190.6221
191.6524
192.399
193.2724
194.1659
194.8872
195.8144
196.5996
197.3414
198.1299
198.9427
199.6187
200.5007
201.337
202.1345
202.7719
203.6155
204.262
204.9132
205.5204
206.4162
206.9985
207.6935
208.4084
208.9551
209.5916
210.1608
210.8115
211.4076
211.9671
212.6588
213.1051
213.4864
214.3689
215.134
216.1145
217.1563
218.1252
219.0346
219.8289
220.5829
221.3727
222.1587
222.7784
223.4726
224.1076
224.7943
225.495
226.3892
227.0609
227.7286
228.2829
228.9903
229.7626
230.5179
231.275
232.0427
232.8466
233.6516
234.3609
234.9815
235.6097
236.2823
236.9178
237.6053
238.1894
238.8906
239.4726
240.0843
240.7712
241.3146
241.8667
242.4938
243.008
243.5342
244.0959
244.7288
245.3459
245.9395
246.5982
247.2103
247.8665
248.5308
249.0945
249.6579
250.3117
250.7717
251.4357
251.8687
252.2709
252.861
253.6003
254.2765
254.7894
255.3122
255.8478
256.2837
256.9353
257.3697
258.0092
258.3794
259.0366
259.4767
259.897
260.2361
260.4706
260.646
260.674
260.8891
261.4252
261.3982
261.5328
261.6084
261.6324
261.7927
261.9543
261.8857
262.0853
262.2073
262.2677
262.2582
262.3663
262.5571
262.5648
262.6778
262.7655
262.7624
262.6966
262.6969
262.8208
262.911
262.9606
263.061
263.0248
263.1697
263.1034
262.9915
262.7096
262.7394
262.8791
262.8285
262.8805
263.0154
262.8855
262.7851
262.6135
262.6488
262.395
262.419
262.4431
262.4938
262.4292
262.3185
262.404
262.3708
262.1511
262.1397
262.1401
262.2074
262.2725
262.2718
262.1508
262.1488
262.1462
261.9867
261.8348
261.8409
261.6747
261.6501
261.6935
261.5685
261.3935
261.1115
260.986
261.0028
260.8721
260.707
260.6749
260.4961
