1.0
1.0
0.8739
0.752
0.6607
0.5881
0.5214
0.4703
0.42
0.3789
0.3482
0.3179
0.2992
0.2783
0.2588
0.2391
0.2264
0.2147
0.2114
0.2056
0.1993
0.2004
0.1986
0.1933
0.1897
0.1911
0.1878
0.1875
0.1864
0.1864
0.1876
0.1909
0.1937
0.1901
0.1939
0.1986
0.1971
0.1984
0.1996
0.2001
0.2087
0.2075
0.2098
0.2108
0.2094
0.2133
0.217
0.2208
0.2222
0.2265
0.2231
0.2311
0.2342
0.2362
0.2447
0.2539
0.2634
0.2718
0.2746
0.2794
0.2833
0.2929
0.295
0.2995
0.2978
0.3006
0.3041
0.3066
0.3097
0.3067
0.3073
0.3063
0.3105
0.3127
0.3099
0.3113
0.3094
0.3077
0.3014
0.2952
0.2883
0.288
0.2836
0.2788
0.2766
0.2743
0.2697
0.2643
0.2601
0.258
0.2634
0.2685
0.2621
0.2548
0.2493
0.246
0.2399
0.2365
0.2339
0.2322
0.2281
0.2251
0.2215
0.2189
0.2156
0.2138
0.2093
0.2097
0.2089
0.207
0.2052
0.2053
0.2021
0.2009
0.1995
0.1964
0.1907
0.1887
0.1847
0.1836
0.1812
0.1801
0.1787
0.1816
0.1777
0.1774
0.175
0.1814
0.1863
0.1933
0.2006
0.2096
0.2169
0.2279
0.2379
0.2464
0.2566
0.2684
0.2766
0.2855
0.2964
0.305
0.3141
0.3205
0.3332
0.3419
0.3525
0.3646
0.3758
0.3867
0.3984
0.4084
0.4191
0.4285
0.4385
0.4474
0.4604
0.4723
0.4783
0.4843
0.4927
0.5054
0.5158
0.5214
0.5307
0.5376
0.5512
0.5587
0.5635
0.5742
0.5803
0.5878
0.6029
0.6188
0.6278
0.6354
0.6454
0.6582
0.6656
0.6747
0.6796
0.689
0.6985
0.7093
0.7211
0.7272
0.7309
0.7462
0.7586
0.7667
0.7855
0.8056
0.8063
0.8162
0.8228
0.8368
0.8459
0.8553
0.8626
0.8676
