216.0
216.0
213.3387
210.8732
208.3278
205.7688
203.519
201.2082
198.9078
196.5919
194.762
192.7638
191.0337
189.4548
187.6214
185.7408
183.8728
182.2367
180.9989
179.4326
177.8918
176.3009
174.5758
172.8461
171.4944
170.4711
169.0099
167.6153
166.9708
165.7861
164.4039
163.2031
162.2232
160.6103
159.4797
158.3584
157.0994
155.929
154.9908
153.9128
152.9618
151.7412
150.8206
149.8601
148.8561
148.1594
147.5279
146.4439
145.7349
144.9835
144.0433
143.3692
142.5955
142.148
142.7926
143.563
144.4922
145.1815
146.0373
146.8741
147.494
148.4065
149.3868
150.2375
151.1022
152.2278
152.9257
153.8273
154.8368
155.5298
156.499
157.4256
158.8902
160.0578
160.9618
162.2262
163.4357
164.8803
166.2167
167.7635
169.2947
171.0472
172.3818
173.5478
175.3979
176.9055
178.3064
179.8721
181.2159
182.4292
183.9492
185.7813
187.3778
189.2263
190.8244
192.3025
193.4382
195.1521
196.8122
198.5576
200.4124
201.7226
203.0601
204.707
206.7325
208.7969
210.482
212.4288
214.2149
215.4812
217.6298
219.6738
221.8156
224.1573
226.374
227.9135
229.8788
232.186
234.2205
236.2735
238.6765
240.8472
243.0368
245.0852
247.0475
249.3338
251.721
254.0218
256.7866
259.0801
261.696
264.4665
267.2726
269.8311
273.0873
276.8341
279.9759
283.3893
287.3038
290.896
294.2981
297.8193
301.6789
305.8164
309.6254
313.5301
317.1331
321.8547
325.9008
329.8261
333.9862
338.4203
343.7473
348.8828
353.7234
358.7847
363.7469
368.4639
373.1381
378.119
383.521
387.9768
393.5506
399.4077
404.4098
409.8041
415.9202
420.9961
426.2484
432.269
437.8884
443.81
449.2637
456.4856
461.7968
467.6597
474.4587
480.7343
486.9788
493.4834
499.8011
507.3568
513.2948
519.5886
525.7074
531.4531
538.1893
543.6758
551.2972
558.2127
564.1265
572.3341
579.5434
587.0813
593.9008
600.449
607.4147
614.3618
622.877
629.9633
