1.0
1.0
0.9725
0.9477
0.9249
0.9023
0.8818
0.8618
0.843
0.8257
0.8089
0.7918
0.7766
0.758
0.7452
0.7309
0.7165
0.6992
0.6841
0.6706
0.6591
0.6443
0.6315
0.619
0.6072
0.5945
0.582
0.5692
0.5601
0.5494
0.5392
0.5309
0.519
0.5115
0.5013
0.4921
0.485
0.4753
0.4661
0.4602
0.4518
0.4431
0.436
0.4267
0.4203
0.4141
0.4084
0.4044
0.3973
0.3892
0.3809
0.3748
0.3694
0.3621
0.3601
0.3574
0.3543
0.3516
0.3488
0.3456
0.3437
0.3416
0.341
0.3379
0.3351
0.3345
0.3344
0.3337
0.3313
0.3301
0.3279
0.3267
0.3245
0.3213
0.3185
0.3184
0.3163
0.3156
0.3142
0.3129
0.3119
0.3116
0.3119
0.3093
0.308
0.3066
0.3059
0.3049
0.3024
0.3031
0.3029
0.3024
0.3001
0.2998
0.299
0.2977
0.2977
0.2951
0.2939
0.2931
0.2926
0.2897
0.2877
0.2878
0.2848
0.2845
0.2833
0.283
0.2819
0.2789
0.2766
0.2749
0.2738
0.2738
0.2727
0.2721
0.2716
0.2699
0.2681
0.2698
0.2705
0.2716
0.2695
0.2691
0.2664
0.2651
0.2657
0.2645
0.2628
0.2612
0.2607
0.2618
0.2616
0.2623
0.2626
0.2637
0.2657
0.2669
0.2663
0.2668
0.2666
0.2663
0.2668
0.2674
0.2664
0.2672
0.2688
0.2682
0.2687
0.269
0.2683
0.2701
0.2709
0.2727
0.2715
0.2709
0.2719
0.2717
0.2722
0.2727
0.2729
0.2724
0.2735
0.2732
0.2739
0.2761
0.2771
0.2762
0.2768
0.2789
0.2787
0.2793
0.2796
0.2794
0.2812
0.2796
0.2792
0.2794
0.2808
0.2805
0.2823
0.2829
0.2832
0.2841
0.2838
0.2833
0.2829
0.2843
0.2854
0.2863
0.2849
0.2868
0.2875
0.2883
0.2871
0.288
0.289
0.2895
0.2902
0.29
