13.0
13.0
12.991599999999966
12.986000000000034
12.983699999999978
12.983399999999998
12.985000000000003
12.98339999999995
12.9858
12.988500000000018
12.994100000000003
13.00999999999999
13.01619999999998
13.023499999999993
13.033099999999994
13.048199999999998
13.061299999999974
13.073099999999988
13.087499999999997
13.102900000000009
13.124599999999983
13.141000000000012
13.159300000000012
13.184899999999988
13.206100000000047
13.230900000000029
13.252000000000042
13.280000000000003
13.303599999999959
13.3287
13.352300000000017
13.377300000000035
13.399999999999983
13.428100000000006
13.45270000000001
13.477799999999995
13.5036
13.535800000000004
13.564000000000005
13.594000000000007
13.618099999999977
13.6429
13.670599999999995
13.709499999999995
13.743099999999986
13.780300000000024
13.814300000000022
13.845900000000006
13.882499999999991
13.918900000000006
13.948400000000012
13.985699999999989
14.018799999999983
14.051600000000006
14.089499999999994
14.118500000000012
14.152100000000006
14.1842
14.2205
14.258799999999997
14.289400000000024
14.322300000000006
14.356800000000012
14.397099999999995
14.431399999999988
14.466499999999982
14.497300000000012
14.537199999999988
14.570999999999994
14.608099999999995
14.645000000000007
14.680099999999994
14.713899999999994
14.747700000000012
14.785
14.821
14.8625
14.902199999999993
14.943300000000011
14.980799999999997
15.0164
15.051800000000009
15.078600000000005
15.1121
15.149499999999998
15.184499999999995
15.2204
15.255900000000006
15.295599999999997
15.338900000000011
15.380100000000006
15.4216
15.4594
15.501700000000003
15.5387
15.5757
15.6182
15.6518
15.6857
15.7269
15.7677
15.7987
15.8378
15.8796
15.9201
15.961199999999982
16.00419999999999
16.041899999999966
16.082500000000017
16.124799999999983
16.164399999999922
16.198399999999886
16.241099999999943
16.277200000000082
16.317099999999982
16.355099999999982
16.39420000000003
16.435899999999975
16.477100000000053
16.51220000000003
16.5588
16.60519999999994
16.648500000000112
16.691999999999847
16.731799999999986
16.771199999999943
16.81289999999995
16.858099999999975
16.904100000000078
16.948100000000064
16.99009999999992
17.028000000000006
17.072099999999992
17.115800000000167
17.160600000000045
17.20540000000008
17.249899999999947
17.29140000000001
17.33580000000003
17.38949999999992
17.431500000000025
17.479200000000045
17.51829999999997
17.567100000000092
17.6195
17.665000000000063
17.706699999999966
17.752699999999958
17.794500000000042
17.84619999999997
17.894299999999955
17.943599999999847
17.98579999999993
18.030700000000106
18.07530000000001
18.120199999999883
18.167900000000035
18.21420000000004
18.26339999999997
18.312199999999983
18.35989999999995
18.41070000000009
18.4607
18.508099999999967
18.557999999999957
18.604600000000012
18.651899999999966
18.69979999999993
18.744599999999977
18.785699999999917
18.836300000000012
18.88329999999999
18.929699999999947
18.98160000000003
19.03159999999993
19.077299999999976
19.117900000000013
19.16560000000005
19.20739999999995
19.257400000000118
19.301699999999943
19.3552
19.40220000000001
19.458899999999943
19.508500000000033
19.56019999999987
19.609800000000135
19.659199999999966
19.70870000000004
19.7631
19.811399999999864
19.863300000000013
19.909499999999976
19.95690000000003
20.00389999999999
20.059900000000116
20.109999999999985
20.1561
20.212199999999964
20.264099999999996
