2.0
2.0
2.021300000000008
2.046000000000016
2.0736000000000097
2.0962000000000027
2.126400000000001
2.1581000000000023
2.1818999999999984
2.2122999999999946
2.2387
2.276200000000002
2.307199999999998
2.3382999999999963
2.374000000000001
2.4104000000000076
2.4507999999999983
2.4881000000000077
2.5275
2.5644999999999905
2.598899999999996
2.634999999999988
2.6779999999999933
2.716099999999994
2.7573000000000043
2.802199999999997
2.838700000000008
2.8813999999999838
2.9217000000000057
2.9595000000000002
3.0008999999999917
3.0372999999999983
3.071699999999998
3.109600000000008
3.1466000000000016
3.1891
3.225299999999996
3.2596000000000096
3.2956999999999943
3.336300000000005
3.380299999999998
3.4169000000000014
3.4569
3.4912999999999985
3.5258
3.5682999999999985
3.6066000000000007
3.6426999999999987
3.6858000000000044
3.7302000000000013
3.7627
3.8027
3.841700000000001
3.8825000000000007
3.93
3.9726
4.018699999999983
4.063300000000005
4.10480000000001
4.145399999999982
4.189499999999975
4.229200000000007
4.2736000000000205
4.318100000000009
4.355500000000005
4.4025999999999685
4.4409999999999865
4.478499999999992
4.515599999999992
4.553499999999993
4.590699999999988
4.629000000000002
4.6711999999999945
4.708700000000012
4.750199999999981
4.7857999999999885
4.81790000000001
4.856200000000003
4.893000000000007
4.9298000000000055
4.9679000000000055
5.004400000000008
5.034199999999991
5.068999999999981
5.102499999999996
5.136500000000008
5.1737000000000215
5.209300000000011
5.241399999999993
5.27689999999998
5.314500000000003
5.350099999999992
5.381299999999997
5.413100000000005
5.4453000000000245
5.4815000000000165
5.51909999999999
5.552099999999998
5.586100000000007
5.618499999999982
5.648500000000019
5.681300000000014
5.7112000000000105
5.746099999999994
5.779200000000005
5.811200000000032
5.84440000000002
5.882200000000011
5.91170000000001
5.949799999999994
5.984699999999993
6.015699999999992
6.051599999999997
6.081300000000003
6.1134
6.143399999999997
6.174600000000001
6.2113
6.241400000000003
6.271999999999999
6.3066
6.3354
6.3671999999999995
6.402899999999999
6.432299999999998
6.461199999999999
6.493000000000002
6.5117999999999805
6.512499999999999
6.521899999999986
6.5292000000000066
6.536499999999989
6.541199999999996
6.549800000000008
6.551200000000028
6.5599000000000185
6.5676000000000085
6.574299999999997
6.585000000000009
6.592900000000021
6.59819999999999
6.613299999999988
6.625800000000003
6.6381
6.6545
6.668299999999994
6.680299999999997
6.687200000000006
6.696499999999994
6.708599999999992
6.7157
6.735299999999999
6.753300000000003
6.7659999999999885
6.7818000000000085
6.797199999999991
6.812700000000029
6.821900000000006
6.839600000000003
6.857399999999998
6.876000000000003
6.890699999999999
6.9101
6.929399999999997
6.945000000000003
6.959699999999997
6.980300000000004
6.994800000000004
7.015500000000012
7.0325
7.0505
7.0652
7.078199999999997
7.091700000000003
7.102999999999999
7.122299999999997
7.138400000000009
7.1512999999999955
7.176000000000005
7.199099999999999
7.206600000000004
7.227399999999994
7.244199999999998
7.260999999999994
7.277999999999997
7.2905000000000015
7.312499999999997
7.330299999999997
7.341500000000003
7.356200000000001
7.371400000000003
7.3878
7.401600000000001
7.4237
7.447000000000002
7.466000000000007
7.488100000000001
7.509099999999994
7.5257
7.551899999999999
