4913.0
4913.0
4844.4794
4776.1925
4718.9952
4656.9049
4586.5243
4520.6212
4463.3057
4391.9914
4330.227
4268.328
4204.0628
4144.9699
4085.1452
4025.2088
3963.9772
3905.7616
3845.7482
3786.3054
3728.9211
3670.3628
3617.1573
3559.1394
3501.899
3444.4104
3393.057
3341.1813
3289.7453
3240.3676
3185.8698
3138.4041
3087.7797
3038.5988
2990.5797
2942.5644
2896.4962
2849.5409
2802.4147
2756.3477
2707.8865
2665.6147
2619.8642
2576.2538
2532.6162
2488.2298
2445.9768
2403.4406
2362.9192
2319.6939
2279.9931
2243.3532
2202.138
2166.2663
2147.4206
2128.4764
2111.1264
2092.2595
2073.6766
2055.1305
2036.2883
2018.679
1996.9139
1978.0343
1959.17
1940.3185
1924.219
1907.8934
1890.7238
1875.5032
1857.4944
1840.283
1823.4157
1807.6247
1790.2819
1773.7442
1759.4101
1743.5817
1728.8445
1711.5389
1697.0651
1683.2924
1665.8418
1650.5974
1637.1579
1621.3712
1610.4448
1596.2229
1580.9748
1568.1097
1555.8453
1542.6152
1527.2148
1513.8995
1501.4147
1487.3134
1475.2376
1462.5634
1448.8273
1438.4079
1426.0051
1414.4833
1402.575
1389.8257
1377.0175
1364.4246
1351.0636
1338.9506
1329.1812
1316.1236
1305.6246
1295.6743
1286.2935
1276.8248
1266.3036
1254.3879
1244.1173
1232.6362
1221.378
1208.6106
1198.503
1188.7485
1177.9648
1169.0127
1160.5371
1150.1322
1139.5972
1128.7101
1113.9361
1096.353
1079.9557
1064.5442
1048.6775
1032.555
1019.7602
1004.0208
989.1787
978.7233
964.8711
951.3885
937.2032
925.0407
912.0297
898.9375
885.8299
874.2518
864.1352
852.2107
839.0915
826.0432
814.6093
804.011
794.8694
784.8402
774.9052
761.4719
749.8571
738.6536
728.7321
719.7124
708.099
698.7369
688.1955
677.9667
668.5586
658.0996
648.4849
639.7983
630.8294
621.4737
611.1382
601.3401
591.9804
584.126
576.0026
568.3427
559.9953
552.7771
545.6155
537.6299
529.9499
523.5878
515.751
508.6307
502.0466
494.4057
487.488
479.1852
472.5253
465.4618
458.3724
452.2093
444.4493
439.4113
433.7057
427.6059
422.242
415.3976
409.4368
402.6102
