1.0
1.0
0.9737
0.9505
0.9293
0.9099
0.8918
0.8742
0.8582
0.8451
0.8311
0.8168
0.8048
0.7878
0.7798
0.7679
0.7563
0.7412
0.7261
0.7138
0.7051
0.6923
0.6823
0.6698
0.6588
0.6477
0.6344
0.6236
0.6169
0.6088
0.6002
0.5953
0.583
0.5779
0.5665
0.5589
0.5542
0.5437
0.5375
0.5352
0.528
0.5225
0.5172
0.5069
0.5017
0.4963
0.4914
0.4908
0.4853
0.476
0.4687
0.4638
0.4612
0.4531
0.4533
0.4506
0.4479
0.4456
0.4432
0.4392
0.4411
0.4402
0.44
0.4373
0.4371
0.4391
0.441
0.4431
0.4397
0.4389
0.4369
0.4369
0.4333
0.4287
0.4259
0.4298
0.4297
0.4302
0.4296
0.4275
0.4285
0.4298
0.4339
0.4305
0.4296
0.4286
0.4295
0.4299
0.4258
0.4299
0.4313
0.4352
0.4307
0.4318
0.4306
0.4299
0.4321
0.4275
0.4267
0.4259
0.4258
0.4207
0.4187
0.4212
0.4166
0.4175
0.4177
0.4182
0.4167
0.4127
0.4088
0.4063
0.4066
0.4074
0.4077
0.4075
0.4074
0.4045
0.4001
0.4036
0.4051
0.41
0.4075
0.4073
0.4014
0.3995
0.4043
0.4029
0.3982
0.394
0.3921
0.3954
0.3962
0.3991
0.4008
0.4031
0.4073
0.4107
0.4103
0.4102
0.4084
0.4077
0.4086
0.4088
0.406
0.4072
0.41
0.4098
0.4107
0.4126
0.4115
0.4161
0.4171
0.4225
0.4209
0.4209
0.4245
0.4237
0.427
0.4269
0.4279
0.426
0.4291
0.4266
0.4277
0.4345
0.4367
0.435
0.4346
0.4421
0.4405
0.4429
0.4432
0.4412
0.4446
0.4418
0.442
0.4432
0.4452
0.4449
0.4483
0.4507
0.4528
0.4555
0.4558
0.4539
0.4499
0.4535
0.4582
0.4621
0.4555
0.4594
0.4615
0.4645
0.4619
0.4642
0.466
0.4675
0.4688
0.4692
