10.0
10.0
10.01710000000002
10.034999999999966
10.053099999999985
10.073199999999991
10.094199999999976
10.116999999999996
10.14129999999998
10.157600000000013
10.179600000000006
10.202200000000024
10.226199999999984
10.24899999999994
10.27369999999996
10.294599999999955
10.321299999999976
10.345599999999983
10.373099999999994
10.3967
10.42420000000003
10.45070000000001
10.474900000000002
10.500600000000043
10.525500000000012
10.55020000000002
10.578500000000028
10.604400000000012
10.634399999999971
10.664300000000011
10.692700000000016
10.720699999999994
10.746500000000038
10.77340000000002
10.79979999999999
10.826999999999996
10.851599999999985
10.879199999999976
10.905899999999974
10.934299999999986
10.965700000000018
10.998299999999997
11.025499999999978
11.052100000000028
11.080299999999987
11.109499999999983
11.135700000000027
11.16750000000001
11.199100000000039
11.224400000000001
11.25740000000003
11.286800000000031
11.318199999999953
11.343100000000032
11.367600000000019
11.390299999999973
11.413299999999994
11.434799999999983
11.455800000000027
11.480299999999989
11.494200000000001
11.516299999999998
11.535999999999998
11.558400000000011
11.581200000000004
11.600999999999996
11.622699999999982
11.644199999999985
11.670900000000001
11.686900000000023
11.70539999999999
11.722900000000028
11.747099999999984
11.764199999999978
11.787399999999966
11.807900000000025
11.825799999999997
11.845599999999989
11.866399999999986
11.884099999999988
11.903500000000022
11.918099999999978
11.93719999999999
11.952499999999961
11.969900000000035
11.988000000000003
12.007400000000011
12.025700000000018
12.041799999999972
12.059399999999973
12.075700000000003
12.092200000000004
12.113200000000003
12.12929999999999
12.145399999999988
12.158399999999991
12.180300000000006
12.195200000000003
12.210699999999994
12.228899999999975
12.247700000000021
12.267299999999993
12.284299999999973
12.301099999999998
12.321299999999997
12.3369
12.357600000000003
12.374099999999974
12.392100000000031
12.409499999999996
12.425300000000009
12.444300000000018
12.46180000000003
12.482500000000003
12.504199999999983
12.518300000000004
12.541299999999955
12.560099999999986
12.577800000000002
12.597200000000004
12.6131
12.636600000000021
12.652200000000024
12.669399999999985
12.689200000000012
12.707700000000006
12.726300000000005
12.7431
12.773700000000005
12.796600000000021
12.821799999999971
12.852099999999977
12.883600000000062
12.90999999999996
12.93930000000004
12.9738
13.006300000000007
13.042399999999974
13.07909999999999
13.1191
13.158299999999988
13.193399999999983
13.230199999999996
13.269699999999983
13.301000000000029
13.34040000000002
13.374800000000002
13.413
13.453400000000011
13.494499999999979
13.534000000000017
13.57830000000001
13.61810000000002
13.660699999999979
13.708300000000023
13.748399999999995
13.791199999999991
13.833199999999989
13.880300000000013
13.921599999999982
13.964600000000011
14.007699999999991
14.051699999999988
14.091499999999995
14.1394
14.187500000000005
14.24049999999998
14.282199999999985
14.3292
14.373500000000012
14.4181
14.460399999999995
14.510299999999997
14.552000000000017
14.596700000000004
14.642999999999988
14.6837
14.7272
14.7748
14.817399999999994
14.8695
14.9205
14.968699999999995
15.0115
15.061100000000009
15.108199999999995
15.1577
15.206899999999997
15.258200000000006
15.305999999999997
15.3565
15.4042
15.448599999999994
15.4932
15.543700000000003
15.593500000000002
15.649
15.6969
15.7435
15.7895
