25.0
25.0
25.1154
25.2009
25.3284
25.4062
25.4953
25.6389
25.7458
25.8843
25.9992
26.1006
26.2567
26.3962
26.4856
26.6221
26.7188
26.8755
26.9702
27.1034
27.2338
27.3622
27.4828
27.5941
27.7165
27.8122
27.9182
28.0724
28.1642
28.2719
28.3601
28.479
28.6066
28.6825
28.7939
28.8732
29.0038
29.0977
29.2246
29.3399
29.4643
29.5809
29.6775
29.8097
29.9194
30.0435
30.1599
30.2586
30.3621
30.4885
30.6237
30.7616
30.8968
30.9642
30.9473
30.9618
30.9533
30.9222
30.9035
30.8526
30.8795
30.8552
30.8328
30.818
30.8458
30.8868
30.9449
30.9583
30.9206
30.9324
30.9405
30.9772
30.9831
31.0082
31.0238
31.0255
31.0066
31.0561
31.1152
31.1833
31.1905
31.3015
31.2912
31.3431
31.4213
31.4432
31.4644
31.4657
31.5398
31.5501
31.6071
31.728
31.74
31.8096
31.9023
31.9086
32.0094
32.0812
32.1577
32.2169
32.2536
32.3241
32.3583
32.4076
32.5329
32.5907
32.6688
32.7403
32.8007
32.8266
32.9341
33.0
33.1148
33.151
33.2244
33.3369
33.4248
33.5021
33.5276
33.5881
33.6859
33.7291
33.7612
33.8419
33.9241
34.0155
34.0757
34.1436
34.1483
34.1301
34.0812
34.0075
33.9472
33.9157
33.8251
33.8192
33.7835
33.7369
33.7105
33.6985
33.6928
33.6796
33.5881
33.5802
33.553
33.4844
33.4247
33.3927
33.3332
33.3118
33.2953
33.2501
33.2677
33.2097
33.1932
33.144
33.0825
33.0662
32.964
32.9665
32.9284
32.8474
32.8095
32.8079
32.763
32.7309
32.6501
32.6191
32.6053
32.5288
32.5479
32.5169
32.5003
32.4795
32.3967
32.3864
32.3438
32.2641
32.2389
32.1811
32.1487
32.124
32.1206
32.0558
32.0328
32.0186
32.0147
32.0496
32.025
32.024
31.9694
31.9283
31.921
31.846
31.8031
31.768
31.7109
31.686
31.6362
31.6264
