125.0
125.0
126.184
127.1299
128.4128
129.3324
130.3175
131.7381
132.8736
134.2381
135.4316
136.5062
138.0129
139.4132
140.4062
141.7639
142.7542
144.2919
145.2862
146.571
147.8724
149.192
150.3754
151.5233
152.8001
153.8222
154.946
156.4808
157.5
158.6549
159.6827
160.8768
162.165
163.0725
164.2977
165.2026
166.5348
167.5525
168.8264
170.0909
171.3715
172.6005
173.6411
175.0865
176.3466
177.6771
178.9067
179.98
181.0983
182.4987
183.9321
185.3798
186.7292
187.5944
187.8557
188.4432
188.6419
188.7604
188.8659
188.8594
189.5245
189.6708
189.8164
190.1186
190.7258
191.556
192.4153
192.9687
192.9816
193.55
194.0425
194.8594
195.2559
195.8506
196.4082
196.7523
196.9898
197.8915
198.7786
199.7425
200.1671
201.5855
201.8374
202.7249
203.8285
204.4788
205.0098
205.4083
206.5494
206.9949
208.0127
209.5498
209.9826
211.0556
212.3967
212.8188
214.2512
215.3172
216.4241
217.4155
218.1154
219.2955
219.9053
220.7812
222.4743
223.3041
224.4456
225.4785
226.6459
227.15
228.7397
229.8434
231.4248
232.1108
233.3078
234.9109
236.2422
237.3369
238.0392
238.9975
240.3231
241.1607
241.5974
242.8855
244.0647
245.1895
246.2277
247.5152
248.0395
248.4801
248.5968
248.2113
248.2052
248.5715
248.0519
248.3824
248.6395
248.5975
248.9187
249.3263
249.724
250.1338
249.6931
250.1558
250.3838
250.1108
249.9651
249.9555
249.7472
250.0132
250.4643
250.5615
251.3457
251.1811
251.206
251.1658
250.8599
251.3052
250.4574
250.9673
251.0804
250.601
250.4603
251.0105
250.8874
250.6981
250.1297
250.5029
250.8931
250.5124
251.1239
251.3247
251.3973
251.8065
251.1783
251.442
251.4306
251.2587
251.1949
250.7753
250.9025
250.8954
251.204
251.0472
251.3034
251.6808
252.0747
252.9224
252.9528
253.4248
253.136
253.1979
253.5636
253.0454
252.9683
253.014
252.9447
253.0662
252.555
252.7726
