1024.0
1024.0
1023.0793
1022.363
1021.354
1020.4584
1019.69
1018.9856
1018.053
1017.2876
1016.5472
1015.9253
1015.3294
1014.6455
1013.9051
1013.3208
1012.7501
1012.0208
1011.5004
1010.995
1010.4433
1009.9125
1009.4806
1008.9941
1008.3371
1007.9215
1007.5216
1006.952
1006.6207
1006.1319
1005.8793
1005.4856
1005.0998
1004.4782
1003.9644
1003.5364
1002.9996
1002.5262
1002.0415
1001.5924
1001.1109
1000.7818
1000.4552
999.8388
999.3953
999.0895
998.8099
998.4544
997.9772
997.6586
997.2476
996.8065
996.6149
996.0761
995.4522
994.449
993.4598
992.699
991.8414
990.7719
989.7477
988.7087
987.5724
986.6563
985.7161
984.5689
983.6759
982.6324
981.6235
980.5302
979.7154
978.6393
977.5919
976.6008
975.5798
974.6396
973.8298
972.6229
971.5942
970.4841
969.3854
968.4671
967.3936
966.2848
965.3824
964.6567
963.5057
962.5633
961.6164
960.476
959.5682
958.4498
957.4081
956.2524
955.2614
954.2148
953.0403
952.123
951.2608
950.1799
949.1328
948.1877
947.1375
946.2761
944.9521
943.8695
942.8566
941.8292
940.9879
940.1214
939.3196
938.1196
937.1815
936.2295
935.3072
934.2649
933.3587
932.3855
931.4891
930.4471
929.6537
928.8033
927.7941
926.7842
925.8117
924.8756
923.8286
923.107
922.8282
922.8067
922.9022
922.887
923.012
923.0288
923.2551
923.3626
923.4419
923.538
923.703
923.8529
923.8783
923.9087
924.1654
924.171
924.1481
924.2013
924.3338
924.5914
924.6884
924.836
925.0471
925.3035
925.2516
925.3062
925.4759
925.4891
925.537
925.7085
925.9355
926.0986
926.2866
926.5229
926.6138
926.5852
926.5852
926.7417
926.7152
926.8377
927.0059
927.1621
927.1849
927.4223
927.609
927.6976
927.7259
928.0103
928.0603
928.1906
928.3081
928.6351
928.6299
928.8269
928.776
928.8083
929.115
929.2253
929.4673
929.6626
929.6472
929.775
929.7767
929.9496
929.9764
930.0351
930.0451
930.1659
930.2058
930.2769
930.4794
930.5433
