343.0
343.0
321.5636
301.5762
282.9105
264.7894
247.4293
231.1545
215.8356
201.4215
187.2525
174.6945
162.8629
152.0567
141.8865
132.221
123.6178
115.1709
107.0131
99.3871
92.4371
85.9246
79.6338
73.7586
68.7367
64.1198
59.6618
55.3701
51.3584
47.5669
44.2183
41.0384
37.9067
35.309
32.5995
30.2274
28.1491
26.0292
24.061
22.1242
20.3635
18.7641
17.0395
15.6843
14.4265
13.368
12.2802
11.393
10.4687
9.5715
8.9266
8.2159
7.7598
7.1833
7.0348
6.979
6.9158
6.881
6.7812
6.7123
6.6211
6.5016
6.4516
6.3103
6.2103
6.159
6.064
6.0537
5.9968
5.9185
5.7638
5.6769
5.6374
5.6064
5.5603
5.5172
5.4321
5.3913
5.3266
5.256
5.1862
5.1137
5.0109
4.9148
4.8868
4.8097
4.7429
4.6402
4.5984
4.5152
4.4721
4.4024
4.4026
4.363
4.3033
4.2737
4.219
4.1586
4.1195
4.0499
3.9847
3.949
3.8892
3.8847
3.7957
3.8223
3.7533
3.6651
3.5862
3.5216
3.4865
3.4331
3.3592
3.3269
3.3044
3.1881
3.1607
3.1138
3.0519
3.0191
2.9844
2.9505
2.9449
2.8678
2.8034
2.7918
2.7425
2.6844
2.5594
2.4006
2.3013
2.1795
2.1153
2.0601
2.0075
1.9344
1.8653
1.7361
1.6912
1.6427
1.5591
1.4888
1.4139
1.3415
1.2983
1.2338
1.1744
1.1457
1.1036
1.0699
1.0378
1.0007
0.9697
0.9346
0.8964
0.8779
0.8332
0.8205
0.7817
0.772
0.7448
0.733
0.6922
0.6929
0.6761
0.662
0.6586
0.6347
0.6193
0.6164
0.6065
0.6024
0.606
0.5962
0.5809
0.5827
0.5793
0.5624
0.5504
0.5357
0.5183
0.525
0.5283
0.5287
0.5161
0.4832
0.4815
0.4693
0.4992
0.5207
0.5119
0.5302
0.5141
0.5154
0.5081
0.5084
0.4812
0.4869
0.5025
0.479
