5832.0
5832.0
5788.3948
5743.9095
5699.4515
5658.7774
5617.9804
5578.8514
5538.6662
5500.7247
5459.8193
5419.9586
5380.2412
5343.8408
5305.0154
5269.38
5234.4664
5195.3887
5159.4641
5124.6745
5089.8754
5055.865
5021.4837
4985.0838
4949.9361
4915.8615
4880.6686
4848.4591
4814.4084
4780.3133
4747.5667
4716.1776
4684.4232
4652.4427
4622.2656
4590.7943
4559.6281
4525.0774
4496.5186
4464.1214
4431.4059
4401.4065
4371.5635
4343.8137
4313.2126
4288.6106
4258.4506
4224.6947
4195.1726
4164.9091
4135.6285
4108.1667
4079.3627
4044.0506
4000.786
3958.8349
3916.7848
3873.191
3829.5023
3789.7908
3748.7289
3706.4253
3669.3047
3631.1114
3592.8621
3555.626
3514.9096
3477.2531
3440.1541
3405.7357
3368.2322
3333.146
3299.1773
3265.2305
3233.5902
3200.0249
3164.2708
3128.2697
3089.6804
3058.4245
3024.6574
2992.2367
2959.8687
2926.9211
2895.942
2864.7588
2832.7128
2802.6252
2773.3684
2744.0269
2718.5022
2688.0026
2657.8791
2632.585
2606.9245
2576.7084
2549.4826
2523.0035
2492.9654
2466.4407
2441.8229
2414.96
2389.8065
2363.837
2338.0733
2315.0725
2289.1326
2266.8029
2244.8299
2221.0754
2196.771
2173.9726
2149.4248
2126.2784
2102.2244
2077.2076
2056.797
2036.4829
2016.0861
1995.867
1974.0052
1952.4437
1931.1058
1909.8141
1891.0653
1872.4601
1850.9697
1833.8663
1820.8194
1806.1445
1792.31
1778.2518
1763.0029
1747.9404
1734.0478
1720.0639
1706.2763
1691.8179
1678.7987
1666.4213
1651.1167
1635.8405
1622.405
1609.033
1596.6627
1582.3616
1571.0636
1558.2637
1546.43
1532.1979
1520.2784
1507.0736
1494.0831
1483.6536
1472.036
1460.4292
1449.2595
1438.2044
1425.1216
1413.2784
1401.9466
1391.1564
1380.3764
1368.5974
1356.3658
1344.0581
1332.165
1320.9717
1310.9377
1301.4067
1290.2726
1280.6222
1269.15
1258.9965
1248.6793
1238.9187
1228.9053
1219.4181
1209.8152
1199.4438
1191.6001
1182.034
1172.8843
1163.7421
1156.3109
1145.2762
1134.4921
1124.2809
1112.996
1103.6267
1096.0147
1087.0564
1077.3233
1069.151
1060.8445
1050.6096
1041.5793
1033.7188
1025.6904
1017.9455
