729.0
729.0
737.9181
746.5415
756.2733
764.067
771.9208
780.659
788.9904
796.2364
803.6001
810.2202
816.1879
824.3987
831.2031
836.9989
843.5294
851.6536
857.904
864.443
870.6864
877.8722
884.3221
890.9988
897.932
902.2561
908.9859
913.9817
920.2807
924.5758
931.6203
937.5278
943.8214
950.9166
957.9963
964.8737
970.9468
977.059
983.2714
987.7475
993.6194
1000.3094
1007.2188
1013.0762
1021.0464
1026.001
1031.0918
1037.8551
1044.2649
1050.7805
1056.6877
1063.7921
1070.6388
1078.18
1081.3297
1085.6216
1087.8317
1093.1067
1095.9205
1100.3253
1105.2538
1108.9867
1115.2071
1118.6565
1123.7612
1129.2634
1134.5619
1138.3955
1145.2934
1151.0839
1157.5407
1161.9602
1168.0293
1173.9934
1178.8483
1183.7807
1189.0333
1196.2843
1203.8574
1212.8839
1221.6356
1227.8881
1234.1877
1242.6051
1248.1344
1254.9613
1260.9256
1267.8347
1275.0504
1282.9834
1289.595
1296.7965
1304.4178
1311.2224
1318.7568
1326.4001
1334.9386
1343.7724
1352.3509
1359.2505
1366.6891
1373.193
1380.5808
1388.9662
1398.7806
1407.9795
1417.4615
1423.7704
1431.4087
1441.3831
1450.0754
1455.9265
1465.417
1475.4818
1485.483
1494.1187
1503.8597
1511.8375
1521.3868
1532.4631
1542.011
1550.7613
1559.9032
1573.4225
1585.4832
1595.283
1603.6643
1615.7821
1633.0276
1652.3667
1670.7289
1691.5424
1708.5591
1727.6707
1744.0804
1763.6431
1780.0651
1796.7971
1814.8686
1834.0012
1852.0268
1870.0621
1888.8802
1906.0429
1925.4164
1944.1298
1962.4225
1979.8337
1999.5043
2019.8179
2036.156
2054.076
2073.5689
2092.27
2112.0632
2132.6748
2152.345
2171.1716
2189.1762
2206.9386
2228.8917
2244.2129
2265.31
2283.7778
2303.1799
2321.5882
2342.7766
2361.5562
2380.2479
2398.5794
2417.5118
2436.5315
2458.0193
2475.9972
2496.9557
2515.5683
2534.9911
2552.9767
2572.4524
2591.8636
2608.6261
2630.1799
2648.4031
2669.9215
2688.2195
2707.8231
2727.3004
2749.5703
2771.9312
2789.849
2810.8534
2831.7511
2852.8285
2873.017
2893.8827
2912.5896
2934.9316
2953.8852
2974.9586
2996.4348
