7.0
7.0
6.993899999999997
6.990200000000003
6.988
6.983400000000006
6.978100000000003
6.9749000000000025
6.9743999999999975
6.973100000000001
6.9708
6.9706
6.971799999999991
6.972500000000003
6.973200000000006
6.971300000000009
6.973899999999994
6.977200000000015
6.976600000000006
6.98240000000001
6.983699999999997
6.9859
6.988699999999992
6.9931
6.995200000000003
6.9996
7.0067999999999975
7.008900000000011
7.011100000000006
7.017999999999986
7.0238
7.029000000000003
7.032600000000003
7.040499999999993
7.051100000000009
7.060300000000004
7.067
7.074100000000003
7.082400000000006
7.090700000000003
7.098399999999983
7.107799999999998
7.1171
7.121600000000006
7.129299999999999
7.138200000000003
7.1467000000000045
7.150999999999991
7.1587
7.164599999999994
7.174200000000003
7.1838999999999915
7.1922
7.201800000000001
7.217599999999997
7.233800000000008
7.251500000000003
7.266499999999995
7.2844
7.302799999999994
7.3191000000000015
7.333799999999996
7.350700000000002
7.3667
7.3801
7.3999
7.416799999999991
7.436499999999999
7.454900000000007
7.4747
7.493999999999997
7.513299999999994
7.529700000000002
7.553000000000002
7.571199999999998
7.5892
7.607600000000003
7.6259
7.6461000000000015
7.663200000000002
7.680999999999997
7.698299999999999
7.717800000000001
7.7353
7.757500000000001
7.772599999999999
7.7914
7.8109
7.8323
7.852899999999998
7.8716
7.8901
7.9097
7.93
7.952499999999999
7.9714
7.990199999999999
8.009099999999957
8.026200000000014
8.046699999999968
8.067899999999941
8.085599999999978
8.107699999999959
8.126300000000017
8.148600000000009
8.171700000000007
8.193800000000062
8.215800000000021
8.236399999999966
8.255600000000031
8.277499999999966
8.298699999999997
8.31760000000001
8.334700000000003
8.358199999999979
8.380500000000005
8.400499999999962
8.419899999999982
8.44009999999997
8.463100000000008
8.481400000000011
8.500300000000031
8.521299999999968
8.540600000000035
8.558300000000012
8.579999999999972
8.59880000000001
8.617299999999988
8.637299999999998
8.658
8.674400000000018
8.692599999999995
8.70990000000003
8.728599999999986
8.74570000000001
8.764699999999934
8.783399999999967
8.806500000000032
8.825299999999979
8.846999999999962
8.867300000000027
8.888100000000025
8.909100000000008
8.926599999999981
8.943599999999998
8.963100000000042
8.984200000000008
9.002599999999989
9.024000000000008
9.043800000000042
9.063599999999951
9.085799999999969
9.106500000000016
9.127800000000004
9.149299999999911
9.167299999999951
9.18829999999998
9.209300000000006
9.226299999999963
9.250299999999944
9.269700000000002
9.290900000000002
9.31080000000001
9.331399999999972
9.351799999999992
9.367200000000027
9.389700000000005
9.410900000000002
9.429400000000015
9.44839999999999
9.469299999999993
9.49409999999997
9.512900000000018
9.532399999999992
9.556199999999992
9.577500000000008
9.59680000000002
9.616499999999968
9.63399999999997
9.6538
9.674500000000018
9.700100000000033
9.716400000000021
9.737299999999978
9.757100000000033
9.779500000000017
9.801899999999986
9.821799999999948
9.84369999999999
9.865399999999989
9.883600000000026
9.9037
9.925099999999945
9.946200000000047
9.968600000000015
9.991199999999957
10.013300000000017
10.02809999999997
10.049499999999979
10.068400000000002
