15.0
15.0
15.009299999999994
15.019199999999994
15.031499999999998
15.042200000000015
15.0536
15.061600000000006
15.073799999999991
15.085100000000006
15.095199999999995
15.107500000000005
15.118099999999995
15.128699999999995
15.141900000000005
15.154899999999994
15.166500000000006
15.179600000000006
15.191900000000006
15.203900000000003
15.215799999999994
15.225300000000011
15.2374
15.248100000000003
15.258300000000006
15.266000000000004
15.2772
15.2869
15.296599999999994
15.307600000000006
15.319599999999998
15.330400000000003
15.340499999999993
15.349799999999995
15.359399999999997
15.368299999999989
15.377699999999994
15.3881
15.3959
15.403599999999997
15.414199999999994
15.4208
15.427399999999993
15.437599999999994
15.445199999999994
15.4518
15.459099999999994
15.468499999999993
15.4747
15.4845
15.492400000000004
15.5018
15.510999999999994
15.518000000000002
15.524
15.529399999999997
15.534299999999996
15.5394
15.5464
15.5541
15.560400000000007
15.566100000000002
15.5719
15.5784
15.5851
15.5892
15.5942
15.599800000000004
15.606700000000005
15.6126
15.617800000000003
15.6223
15.6275
15.6336
15.6384
15.6438
15.6484
15.6554
15.6597
15.662999999999997
15.6685
15.6726
15.6767
15.6815
15.6861
15.6907
15.6954
15.699599999999997
15.7042
15.7089
15.712699999999996
15.716500000000003
15.7194
15.7242
15.7287
15.7329
15.7365
15.739200000000002
15.7434
15.7475
15.7495
15.7524
15.7553
15.758099999999997
15.7608
15.7633
15.7668
15.7692
15.7726
15.7753
15.7777
15.7798
15.7823
15.7865
15.7896
15.7938
15.7968
15.7987
15.8024
15.8045
15.8074
15.809200000000002
15.8114
15.8134
15.8173
15.821
15.8238
15.8275
15.8296
15.832
15.8352
15.8381
15.839
15.8406
15.8427
15.8432
15.8449
15.8468
15.8472
15.8481
15.8496
15.8492
15.8506
15.8519
15.8528
15.8552
15.8574
15.8588
15.8598
15.8614
15.8625
15.8645
15.8667
15.8673
15.8685
15.8679
15.8687
15.8691
15.8692
15.8703
15.8709
15.8728
15.873
15.873
15.8745
15.8772
15.8786
15.8791
15.8794
15.8805
15.8814
15.881
15.88
15.8801
15.8802
15.8811
15.8804
15.8817
15.8806
15.8811
15.8823
15.8817
15.8822
15.8821
15.8827
15.8837
15.8838
15.8843
15.884
15.8859
15.8859
15.8869
15.8883
15.8876
15.8863
15.8869
15.8871
15.8884
15.8891
15.889
