2.0
2.0
1.9498000000000006
1.9042000000000008
1.8609999999999987
1.8209000000000017
1.7795999999999985
1.7422999999999986
1.7043
1.6691999999999994
1.6344999999999985
1.6094000000000015
1.582799999999994
1.5535
1.525899999999996
1.5039
1.4798999999999995
1.459699999999998
1.4432000000000014
1.4245000000000005
1.4083000000000063
1.3947000000000014
1.3796999999999993
1.3681
1.3564999999999956
1.3467000000000007
1.3381000000000014
1.334799999999999
1.3277999999999994
1.3225000000000007
1.3200000000000067
1.3108999999999953
1.3026000000000015
1.3054999999999997
1.3000999999999958
1.2995000000000043
1.3018000000000007
1.3066000000000069
1.3113999999999981
1.3145000000000007
1.3143999999999947
1.3182000000000016
1.3190999999999928
1.3270000000000013
1.3285999999999984
1.3344000000000003
1.3383000000000054
1.3430000000000049
1.349799999999997
1.3538999999999992
1.3559000000000019
1.3658999999999994
1.373300000000002
1.3777999999999981
1.3966000000000027
1.4154000000000015
1.4429000000000027
1.4660000000000004
1.4873999999999952
1.5091000000000054
1.5274
1.5482999999999991
1.5719
1.5907999999999973
1.6108000000000064
1.629899999999999
1.6454000000000018
1.6673000000000033
1.6852000000000023
1.7029
1.7216999999999971
1.7417999999999985
1.7537000000000014
1.7729000000000021
1.7920000000000007
1.8066000000000015
1.8236999999999997
1.8412999999999982
1.8537000000000003
1.8641
1.8768000000000007
1.8926000000000003
1.9094999999999989
1.9256
1.9387999999999992
1.9486
1.9594000000000005
1.9731
1.987
1.9984000000000048
2.0101999999999935
2.0260000000000034
2.0411999999999875
2.0518999999999976
2.0610999999999917
2.076500000000002
2.0890000000000053
2.0996999999999915
2.114600000000007
2.1297000000000024
2.140900000000008
2.1523000000000096
2.166100000000009
2.178599999999999
2.1933999999999996
2.202800000000009
2.2081000000000053
2.2193000000000085
2.228599999999988
2.237600000000009
2.2512999999999987
2.265900000000001
2.2741
2.2859999999999925
2.2950000000000093
2.309099999999995
2.317200000000006
2.3255999999999903
2.3341000000000003
2.344100000000006
2.3539999999999925
2.3622000000000027
2.375000000000014
2.3854999999999955
2.3944999999999874
2.4005000000000134
2.4107000000000043
2.4190000000000116
2.4173
2.417
2.417700000000003
2.415000000000004
2.420199999999997
2.423799999999995
2.4246999999999987
2.426300000000004
2.428100000000002
2.42949999999999
2.4329999999999905
2.4349000000000087
2.4392999999999976
2.4406000000000003
2.440699999999998
2.440399999999998
2.437399999999993
2.439200000000005
2.439300000000006
2.443900000000003
2.447199999999998
2.449300000000001
2.4491000000000036
2.453300000000004
2.4539000000000044
2.4521999999999933
2.452899999999996
2.4512000000000054
2.448000000000007
2.4505000000000075
2.451699999999986
2.4527999999999883
2.45169999999999
2.4523999999999924
2.4517000000000055
2.4533999999999825
2.450700000000001
2.450100000000003
2.4482999999999984
2.448100000000008
2.4488999999999965
2.4538000000000015
2.4549000000000105
2.4576999999999978
2.456800000000004
2.453199999999995
2.4531999999999976
2.454000000000003
2.451600000000002
2.4476000000000067
2.448600000000003
2.446699999999997
2.445200000000006
2.447799999999997
2.447799999999989
2.4467999999999983
2.444500000000001
2.4445000000000063
2.440399999999995
2.4413999999999976
2.439600000000009
2.4435000000000007
2.445900000000007
2.447599999999986
2.4431000000000034
2.4366999999999965
2.433600000000008
2.43570000000001
2.434100000000004
2.4280000000000044
2.432600000000014
2.430900000000003
