5.0
5.0
5.007400000000004
5.011899999999987
5.020400000000012
5.023800000000012
5.028499999999994
5.038499999999999
5.044800000000005
5.054499999999998
5.0617999999999945
5.067799999999999
5.079300000000027
5.088799999999991
5.093600000000002
5.10310000000001
5.109399999999985
5.120700000000003
5.12680000000001
5.136599999999999
5.145599999999966
5.154199999999999
5.1628000000000025
5.1701
5.177900000000022
5.183600000000006
5.1902000000000115
5.201000000000028
5.206200000000001
5.212699999999989
5.216900000000004
5.225400000000036
5.234400000000025
5.237700000000014
5.244300000000003
5.24860000000001
5.257800000000008
5.2639000000000165
5.27300000000001
5.279900000000007
5.2884999999999955
5.296500000000004
5.302699999999997
5.31109999999999
5.317199999999988
5.325300000000008
5.333300000000004
5.3397999999999985
5.346299999999982
5.3541000000000105
5.363100000000035
5.3725999999999905
5.382800000000008
5.3858000000000015
5.3788999999999945
5.373600000000009
5.369499999999998
5.361400000000007
5.355899999999977
5.346400000000008
5.343700000000013
5.336999999999978
5.330200000000016
5.322800000000002
5.320399999999997
5.3183999999999925
5.319099999999994
5.315700000000009
5.307600000000007
5.303000000000003
5.298099999999998
5.295399999999998
5.2905
5.287600000000004
5.283600000000002
5.279700000000005
5.272400000000009
5.271100000000019
5.272000000000013
5.273500000000008
5.26910000000003
5.274499999999995
5.269000000000017
5.267900000000003
5.2698999999999945
5.266800000000011
5.263799999999989
5.258500000000006
5.259600000000007
5.255700000000005
5.255299999999996
5.260600000000014
5.257200000000006
5.258000000000015
5.260500000000013
5.256000000000004
5.258599999999988
5.260200000000001
5.261900000000006
5.261499999999994
5.259400000000004
5.258700000000006
5.257100000000016
5.256400000000025
5.261699999999993
5.26350000000001
5.265600000000012
5.266500000000002
5.265699999999985
5.264599999999995
5.267899999999998
5.267599999999988
5.271599999999997
5.269399999999997
5.269999999999995
5.2741
5.277000000000013
5.280300000000008
5.277599999999984
5.27829999999996
5.282100000000023
5.280299999999998
5.280199999999994
5.281899999999993
5.2838999999999965
5.288500000000003
5.288099999999991
5.286799999999984
5.281300000000002
5.2707
5.2578
5.246099999999994
5.233999999999984
5.222900000000014
5.211499999999987
5.205399999999963
5.194900000000003
5.184700000000026
5.177700000000005
5.1688999999999865
5.164599999999987
5.155599999999991
5.141499999999964
5.133200000000005
5.124199999999994
5.112199999999997
5.101499999999993
5.093700000000015
5.08460000000002
5.075800000000022
5.067300000000004
5.055899999999995
5.051700000000026
5.041300000000025
5.0356000000000005
5.025400000000023
5.0146999999999915
5.006999999999992
4.993200000000011
4.987099999999998
4.9784000000000095
4.966400000000022
4.958899999999988
4.9529000000000245
4.944400000000008
4.936899999999999
4.925300000000034
4.916300000000003
4.9086999999999925
4.895200000000004
4.891100000000008
4.881300000000004
4.875300000000001
4.866299999999995
4.854900000000004
4.849199999999995
4.840200000000004
4.827900000000011
4.821099999999985
4.812500000000009
4.804699999999994
4.800000000000013
4.794800000000004
4.783800000000013
4.775400000000016
4.769400000000001
4.763099999999977
4.758200000000004
4.751999999999991
4.748200000000011
4.739000000000017
4.7295000000000025
4.723199999999988
4.712600000000005
4.7033000000000005
4.694400000000001
4.683899999999983
4.675200000000007
4.6692
4.663000000000002
