13.0
13.0
13.034200000000025
13.0698
13.11069999999998
13.1549
13.188300000000027
13.227000000000015
13.261499999999995
13.304700000000024
13.341499999999986
13.375799999999986
13.412499999999968
13.448000000000011
13.483099999999988
13.508399999999972
13.546300000000011
13.576099999999983
13.602200000000003
13.636399999999977
13.665100000000015
13.698500000000012
13.730200000000005
13.752799999999993
13.779799999999994
13.806500000000005
13.82900000000001
13.857999999999993
13.8812
13.903800000000006
13.927500000000018
13.951700000000011
13.972099999999994
13.999099999999988
14.025
14.049100000000015
14.066699999999988
14.091900000000024
14.1096
14.128400000000006
14.145599999999988
14.173600000000002
14.189899999999994
14.211300000000017
14.2316
14.245499999999996
14.263400000000003
14.2784
14.295500000000006
14.312399999999986
14.328299999999983
14.349400000000017
14.361300000000023
14.369000000000014
14.3965
14.42
14.450899999999992
14.482499999999987
14.5112
14.539200000000015
14.563099999999995
14.585699999999997
14.610099999999994
14.633700000000008
14.6506
14.670399999999994
14.689800000000012
14.709100000000007
14.730200000000012
14.758399999999988
14.7771
14.797999999999995
14.813900000000002
14.8345
14.857800000000012
14.8797
14.901999999999989
14.923700000000004
14.948
14.972600000000012
14.992899999999988
15.010899999999994
15.027899999999992
15.047300000000005
15.065
15.084499999999997
15.101
15.1214
15.136800000000006
15.154700000000004
15.173000000000004
15.188799999999993
15.203299999999997
15.2202
15.2336
15.248
15.2643
15.2818
15.298500000000006
15.313700000000006
15.3318
15.3483
15.366900000000006
15.385
15.401099999999994
15.4169
15.435699999999994
15.447099999999994
15.464700000000006
15.475899999999994
15.486100000000002
15.502599999999994
15.522100000000009
15.5403
15.5542
15.5686
15.5822
15.5921
15.6111
15.622299999999997
15.6394
15.6484
15.6654
15.6765
15.6874
15.6953
15.7
15.7028
15.7012
15.7035
15.715999999999994
15.713399999999996
15.7142
15.712399999999993
15.7096
15.7099
15.7127
15.7069
15.7107
15.7121
15.7111
15.7088
15.7083
15.7109
15.707
15.708
15.7087
15.704800000000002
15.6992
15.6939
15.6942
15.694200000000002
15.693
15.693
15.6898
15.6907
15.6838
15.6769
15.6646
15.6628
15.6635
15.657500000000006
15.655100000000006
15.656199999999997
15.6503
15.644100000000003
15.6353
15.632999999999997
15.622199999999998
15.6198
15.6161
15.6132
15.6094
15.6033
15.6024
15.5972
15.586899999999996
15.5817
15.5765
15.574999999999998
15.5733
15.569000000000003
15.562399999999997
15.5606
15.557
15.5493
15.541999999999996
15.5393
15.5295
15.5241
15.5247
15.5169
15.508899999999993
15.4955
15.487600000000002
15.4846
15.478100000000007
15.4702
15.466100000000003
15.4555
