64.0
64.0
59.7023
55.8344
52.1343
48.5234
45.2325
42.1767
39.5367
36.8879
34.4186
32.1452
29.9219
27.892
26.0142
24.2042
22.6179
21.109
19.6505
18.343
17.0845
15.9366
14.8332
13.825
12.8997
12.0778
11.2607
10.5042
9.8538
9.2409
8.6063
7.9966
7.4043
6.8883
6.4056
5.975
5.5842
5.2241
4.8948
4.5965
4.3076
4.0236
3.7856
3.5868
3.3599
3.1802
2.9868
2.7949
2.616
2.4881
2.3129
2.1362
2.0042
1.8861
1.8893
1.9102
1.9054
1.9155
1.9127
1.9329
1.9707
1.9756
1.9968
2.0449
2.0685
2.0696
2.0874
2.1031
2.1245
2.1378
2.1632
2.18
2.2382
2.2732
2.3047
2.3559
2.366
2.4184
2.4653
2.5034
2.5191
2.5727
2.6065
2.6571
2.7092
2.7573
2.7964
2.831
2.8716
2.919
2.978
3.0209
3.063
3.1721
3.2361
3.2569
3.3228
3.3749
3.4446
3.4318
3.5172
3.6193
3.7204
3.8125
3.8292
3.9211
3.9637
4.0263
4.1181
4.2223
4.2688
4.3839
4.4761
4.5789
4.633
4.7129
4.7979
4.847
4.9149
4.9776
5.0784
5.156
5.2193
5.2576
5.3117
5.3615
5.4339
5.4919
5.5348
5.4046
5.4017
5.3351
5.2651
5.2152
5.2192
5.1517
5.1819
5.1564
5.1534
5.1692
5.1415
5.0518
5.0154
5.0708
4.997
5.0016
4.9812
4.9276
4.8424
4.6932
4.7133
4.7136
4.732
4.6735
4.6868
4.6818
4.6992
4.6532
4.6511
4.6215
4.6875
4.6475
4.7162
4.7212
4.7035
4.7592
4.7748
4.7379
4.7769
4.789
4.7819
4.7567
4.7284
4.8017
4.77
4.746
4.7251
4.6807
4.6716
4.6011
4.5114
4.5176
4.5632
4.6091
4.6379
4.6067
4.5462
4.4466
4.4057
4.4397
4.492
4.4865
4.5115
4.5011
4.4545
4.4711
4.4195
4.3823
4.3506
4.3354
