144.0
144.0
142.914
141.7951
140.7131
139.6406
138.6409
137.6506
136.6791
135.6781
134.6204
133.6698
132.6687
131.7451
130.7573
129.8608
128.9661
127.9637
126.9877
125.9626
125.0104
124.0879
123.1476
122.1591
121.1266
120.0514
119.1068
118.2582
117.3225
116.4417
115.5286
114.5107
113.5762
112.63
111.7508
110.9732
110.0429
109.1006
108.1597
107.2582
106.3642
105.4276
104.5698
103.6497
102.7595
101.9498
101.0688
100.2862
99.378
98.5719
97.6861
96.8904
96.1269
95.3624
94.7101
94.2121
93.7123
93.1721
92.6904
92.196
91.741
91.2323
90.7483
90.3091
89.8364
89.4093
88.9605
88.4897
88.0066
87.5471
87.0626
86.5312
86.1191
85.6428
85.2333
84.7562
84.3595
83.8774
83.4171
82.9203
82.5221
82.1034
81.651
81.2067
80.7751
80.3549
79.9067
79.4441
78.9586
78.5255
78.1085
77.7399
77.3624
76.9721
76.579
76.1963
75.7327
75.2958
74.9095
74.5194
74.1143
73.7336
73.3352
72.9323
72.5236
72.0744
71.6717
71.2527
70.8522
70.4568
70.0781
69.7163
69.3054
68.8882
68.5057
68.0991
67.649
67.2961
66.8957
66.5334
66.1267
65.724
65.3505
64.9363
64.4989
64.1077
63.7463
63.3582
62.8679
62.3931
61.8846
61.4343
60.9795
60.5329
60.0745
59.5775
59.1519
58.6656
58.2318
57.7899
57.3374
56.8453
56.3841
55.9598
55.4933
55.0491
54.6777
54.253
53.8317
53.3934
52.958
52.5544
52.1291
51.7106
51.2933
50.8523
50.47
50.0581
49.631
49.264
48.8638
48.4911
48.0483
47.6244
47.2058
46.8174
46.4417
46.0206
45.5833
45.2052
44.8727
44.4806
44.1153
43.7318
43.3741
43.0324
42.664
42.3146
41.8964
41.5165
41.1756
40.8454
40.5029
40.1481
39.771
39.414
39.0525
38.7135
38.3502
37.9513
37.6222
37.2939
36.9515
36.6151
36.269
35.9772
35.6443
35.3466
35.0388
34.7313
