289.0
289.0
285.711
282.5108
278.9539
275.6279
272.5214
269.1628
266.0075
263.0112
259.9769
256.8567
253.6439
250.5854
247.7198
244.5941
241.574
238.5176
235.49
232.6393
229.5309
226.701
223.9328
221.0953
218.1252
215.3345
212.3056
209.5537
206.7722
204.0662
201.3682
198.4822
195.815
193.3329
190.71
188.0877
185.51
182.7549
180.3738
177.871
175.4203
172.9758
170.5519
168.1837
165.6706
163.2534
160.8124
158.5838
156.1748
154.0018
151.7521
149.4593
147.12
144.929
142.8517
140.7432
138.4986
136.4066
134.3308
132.2486
130.2908
128.2537
126.3801
124.4313
122.4692
120.4065
118.4607
116.6162
114.7269
112.9146
111.0252
109.2576
107.4407
105.6198
103.8117
102.0918
100.3362
98.6199
97.0523
95.4765
93.7574
92.1908
90.664
88.9633
87.3221
85.812
84.259
82.6138
81.0796
79.5422
78.1191
76.6251
75.2315
73.8636
72.5089
71.1767
69.7076
68.3623
67.0446
65.736
64.4768
63.1711
61.9354
60.7242
59.5102
58.305
57.1297
55.9878
54.7968
53.6994
52.484
51.4132
50.3486
49.3247
48.1807
47.1347
46.0899
45.0388
44.1023
43.1432
42.1888
41.2051
40.2774
39.3405
38.4334
37.5499
36.6831
35.9418
35.4264
34.9603
34.4885
34.0672
33.6258
33.1581
32.7066
32.3086
31.9071
31.4957
31.0582
30.6712
30.2895
29.8925
29.4658
29.0791
28.6604
28.2741
27.8838
27.5438
27.1604
26.8193
26.4921
26.1081
25.7472
25.4028
25.0591
24.7503
24.3956
24.0693
23.7237
23.3926
23.08
22.7696
22.4426
22.1187
21.8023
21.4685
21.1159
20.8262
20.5229
20.2347
19.9347
19.6695
19.4246
19.103
18.8259
18.5144
18.1966
17.9536
17.6979
17.4312
17.1647
16.8937
16.6591
16.3879
16.1424
15.9251
15.6406
15.3782
15.1423
14.9085
14.682
14.4608
14.2511
14.0288
13.7992
13.5696
13.3532
13.1242
12.9131
12.7132
