0.0
0.0
0.0048
0.0091
0.0131
0.0166
0.0193
0.0223
0.0264
0.026
0.03
0.0297
0.0275
0.0326
0.0357
0.0359
0.0392
0.0378
0.035
0.0354
0.037
0.0409
0.0442
0.0465
0.0459
0.0457
0.0468
0.0513
0.0553
0.0559
0.0556
0.0576
0.0598
0.0597
0.0568
0.0585
0.0611
0.0604
0.0632
0.0581
0.0623
0.0627
0.0641
0.0652
0.0608
0.062
0.0653
0.066
0.0654
0.0676
0.0686
0.0682
0.0676
0.0671
0.0698
0.0777
0.0819
0.0844
0.0871
0.0985
0.1014
0.1036
0.1065
0.1161
0.1191
0.1228
0.1247
0.1268
0.1347
0.1344
0.145
0.1523
0.152
0.1522
0.1569
0.1613
0.1642
0.1649
0.1711
0.1766
0.1859
0.1827
0.1906
0.2024
0.203
0.2113
0.2131
0.2161
0.2274
0.2335
0.2297
0.2236
0.2226
0.2241
0.2298
0.2235
0.2223
0.2262
0.2261
0.2253
0.2342
0.2381
0.2298
0.2256
0.2315
0.2467
0.2459
0.2416
0.243
0.2425
0.2415
0.2439
0.2574
0.2617
0.2731
0.2758
0.2764
0.2734
0.2713
0.2643
0.261
0.2761
0.2832
0.2804
0.2724
0.2758
0.2702
0.2695
0.2739
0.2921
0.3057
0.3139
0.3314
0.3419
0.3399
0.3406
0.351
0.3634
0.3668
0.3764
0.3895
0.3897
0.3974
0.4068
0.4125
0.4346
0.4464
0.4609
0.4608
0.474
0.4727
0.4677
0.4904
0.4923
0.4918
0.4892
0.4993
0.4789
0.4944
0.5
0.4912
0.5041
0.5205
0.5213
0.5238
0.5174
0.5021
0.5004
0.5028
0.5208
0.5322
0.5415
0.546
0.5465
0.5503
0.5483
0.5474
0.5605
0.5562
0.568
0.5727
0.5812
0.5735
0.5847
0.5893
0.6132
0.6096
0.6168
0.6231
0.6143
0.6305
0.6445
0.6576
0.663
0.6525
0.6624
0.6571
0.6546
0.6564
0.6561
