3375.0
3375.0
3369.2579
3363.9659
3357.9251
3352.0195
3346.3026
3340.7461
3336.5526
3331.5382
3326.6133
3321.3903
3315.7941
3311.2556
3305.172
3299.2609
3292.9032
3286.3322
3281.4944
3276.1553
3270.3571
3264.8918
3259.3206
3254.8684
3248.8995
3243.6108
3236.7079
3232.1674
3226.8332
3222.1972
3217.2865
3211.1324
3205.2734
3199.7311
3194.8954
3189.1734
3183.2032
3176.5208
3171.4675
3166.1882
3161.4992
3155.613
3151.0945
3144.674
3140.2122
3135.201
3130.4729
3124.9225
3120.8014
3116.3159
3111.536
3105.7951
3101.2195
3094.7309
3090.9536
3088.2736
3085.2559
3082.6073
3080.1581
3077.4221
3073.8604
3070.5583
3067.6409
3064.3846
3061.1475
3058.3346
3055.2784
3052.4806
3049.0325
3046.7514
3044.6045
3042.1075
3039.3283
3036.2054
3033.2063
3030.4453
3028.0965
3025.5155
3023.3553
3019.7209
3017.1142
3014.0555
3011.5646
3009.6411
3007.1672
3004.817
3002.5547
2999.6889
2997.6285
2994.7987
2991.7513
2988.8867
2986.7428
2983.3169
2980.6794
2978.1152
2975.8586
2973.8629
2971.9395
2969.5303
2967.3585
2965.0322
2963.0377
2960.9467
2958.13
2955.8424
2953.5163
2951.4305
2948.2155
2945.5965
2942.7792
2940.5234
2937.9651
2935.6426
2933.9337
2931.7669
2929.7911
2927.1717
2923.8141
2921.7252
2919.5209
2917.1127
2914.659
2912.7661
2910.8757
2908.6371
2906.404
2900.0831
2891.7107
2879.5423
2868.6988
2855.4993
2845.0155
2834.1817
2822.9709
2813.2326
2801.8933
2790.3535
2777.762
2765.482
2753.5275
2743.1793
2731.9568
2721.466
2710.0665
2699.8533
2689.5994
2678.5542
2667.5305
2655.8749
2645.0582
2635.6517
2624.9436
2613.8777
2601.9884
2592.188
2580.3472
2569.017
2558.5442
2547.2369
2535.7217
2525.2987
2514.1281
2504.4666
2493.7094
2483.5174
2471.8419
2462.0603
2452.7521
2442.1599
2431.0815
2420.9931
2410.1039
2399.2765
2388.0241
2378.454
2367.3598
2356.2763
2344.7529
2334.5408
2325.3723
2315.6212
2306.199
2294.9555
2286.2008
2275.7161
2266.5356
2256.8189
2245.1298
2234.1821
2224.8595
2214.9891
2204.9826
2195.6062
2186.0635
2176.4218
2165.9163
2157.1549
2146.8463
2137.9829
