8.0
8.0
7.8718
7.7956
7.7446
7.7387
7.7214
7.7333
7.7745
7.8102
7.8289
7.9196
7.9812
8.0071
8.0473
8.1213
8.1609
8.3129
8.4842
8.5573
8.7025
8.7987
8.8923
9.0127
9.1697
9.2499
9.3001
9.4852
9.5346
9.7195
9.8952
10.1009
10.302
10.4945
10.6157
10.7861
10.9858
11.338
11.5372
11.8481
11.9698
12.2154
12.4551
12.6784
12.8702
13.2042
13.4925
13.6694
13.8724
14.0787
14.2721
14.6661
14.9531
15.242
15.7096
16.074
16.6385
17.1752
17.7186
18.2383
18.6184
19.0527
19.5617
19.9664
20.5048
21.0045
21.4184
21.9497
22.504
22.9771
23.5401
24.0612
24.4109
25.0001
25.657
26.1036
26.6229
27.2405
27.6291
27.8993
28.4544
28.9724
29.5161
30.1064
30.6062
31.0582
31.4764
31.9467
32.3422
32.8144
33.2858
33.7978
34.2282
34.7147
35.0257
35.8235
36.2482
36.7557
37.3202
37.9275
38.3269
38.8105
39.3853
39.9336
40.3504
40.811
41.2207
41.6639
42.173
42.656
43.2313
43.9881
44.4751
44.961
45.5352
46.2219
46.692
47.1672
47.6455
48.1319
48.6506
49.1172
49.7474
50.5037
51.0659
51.5135
52.0085
52.4692
52.7309
53.084
53.2173
53.4204
53.7328
54.0982
54.4171
54.6221
54.9179
55.2325
55.4142
55.6153
56.0721
56.1934
56.6123
56.8556
57.059
57.3116
57.6129
58.1839
58.5562
58.9807
59.2697
59.6849
60.0593
60.2424
60.2449
60.1574
60.3402
60.7633
61.0273
61.2108
61.2235
61.2212
61.6453
61.6368
61.6095
61.7271
61.9431
61.9357
62.2413
62.5714
62.7387
63.1951
63.265
63.3688
63.6184
63.735
64.044
64.1306
64.3716
64.4171
64.4576
64.7536
65.0734
65.1024
65.4157
65.5597
65.789
66.0048
66.0702
66.2493
66.3711
66.3776
66.0299
66.0439
66.2094
66.2571
66.1853
65.9134
66.2966
66.5235
