3375.0
3375.0
3382.1193
3389.6442
3398.7909
3407.0186
3415.544
3421.7248
3430.8348
3439.3139
3446.9104
3456.1993
3464.1293
3472.1223
3481.8369
3491.4961
3500.1189
3509.8502
3518.9519
3527.9261
3536.6926
3543.7839
3552.7564
3560.5965
3568.1103
3574.0082
3582.138
3589.2031
3596.5082
3604.5178
3613.3396
3621.2224
3628.6023
3635.4432
3642.3408
3648.8435
3655.6287
3663.1109
3668.8241
3674.4904
3682.1852
3686.9672
3691.7612
3699.0884
3704.541
3709.3086
3714.6589
3721.3481
3725.8261
3732.8133
3738.5782
3745.3028
3751.8976
3756.8924
3761.1374
3764.9954
3768.4389
3772.0524
3776.929
3782.3469
3786.8004
3790.8735
3795.0775
3799.7622
3804.4399
3807.3876
3810.974
3814.9402
3819.8347
3823.938
3827.572
3830.6905
3834.3413
3838.59
3841.9896
3845.901
3849.1372
3854.0774
3857.0949
3859.4718
3863.3839
3866.2674
3869.2205
3872.5931
3875.8815
3879.1777
3882.4848
3885.4326
3888.6508
3891.8859
3894.5447
3897.2491
3899.3226
3902.7186
3905.7585
3908.7141
3911.2755
3913.1688
3916.1082
3919.0097
3920.4175
3922.4016
3924.4127
3926.3589
3928.3134
3930.1063
3932.5038
3934.1472
3936.5962
3938.4979
3940.1827
3941.626
3943.3577
3946.2347
3948.426
3951.372
3953.4642
3954.7981
3957.4646
3958.9523
3960.9826
3962.2348
3963.8528
3965.233
3968.0791
3970.691
3972.639
3975.1807
3976.6588
3978.3004
3980.5632
3982.5929
3983.1716
3984.2802
3985.7229
3986.0972
3987.2527
3988.5704
3988.8588
3989.4741
3990.6006
3990.3836
3991.3492
3992.3657
3993.0392
3994.7792
3996.3564
3997.3532
3998.004
3999.139
3999.9225
4001.3255
4002.8409
4003.2819
4004.0949
4003.7061
4004.2823
4004.6055
4004.6248
4005.3915
4005.7971
4007.1586
4007.3004
4007.3088
4008.3201
4010.1336
4011.134
4011.5377
4011.7534
4012.4757
4013.1162
4012.862
4012.1488
4012.1681
4012.1958
4012.8447
4012.3316
4013.2869
4012.4686
4012.8477
4013.7219
4013.3247
4013.6228
4013.5777
4013.9923
4014.6629
4014.7086
4015.0607
4014.836
4016.1609
4016.1597
4016.8105
4017.8199
4017.3068
4016.3695
4016.8189
4016.9451
4017.8548
4018.3337
4018.2628
