4913.0
4913.0
4797.7183
4686.2945
4568.9309
4460.5751
4355.8875
4251.9851
4149.9019
4049.1181
3955.018
3854.3852
3755.7876
3665.3875
3570.729
3474.0716
3384.6036
3293.1542
3208.4929
3121.1298
3030.8568
2953.057
2874.2038
2794.209
2717.3817
2640.9978
2568.0168
2493.4962
2418.2838
2342.7025
2270.5434
2205.289
2140.4686
2078.4213
2017.4309
1955.26
1896.1024
1838.5226
1780.3425
1722.9831
1669.2325
1616.8509
1561.347
1509.2496
1461.717
1414.5963
1367.8682
1323.9405
1279.52
1237.844
1194.6838
1151.506
1109.2814
1075.5949
1056.7378
1037.522
1017.7037
999.2913
979.7323
962.9526
943.8408
922.5593
905.8887
889.2048
872.7908
854.9838
838.2713
821.2129
806.2875
788.5743
769.49
752.1217
736.3277
720.9073
705.0031
689.4105
674.4547
659.812
644.6793
629.7681
615.675
600.9782
587.4818
574.3213
559.1835
547.6846
535.8478
522.2574
510.7153
498.7579
487.5183
476.451
465.4978
453.1031
441.2261
429.1862
418.6886
408.753
398.753
388.9193
378.5179
369.0637
359.1079
350.3419
341.1274
332.6218
323.8765
315.1851
307.0285
299.2685
291.8435
283.2051
275.4531
268.5895
260.9378
254.0088
246.8633
239.5811
233.4409
227.0081
220.7188
213.8925
207.9412
201.9669
196.4317
191.5755
186.1982
180.7045
176.6755
172.6276
168.3614
163.5519
159.3764
155.1949
151.3601
147.6165
143.6259
139.99
136.7093
133.6258
130.1455
127.0383
123.8906
121.0697
118.0377
114.9452
112.3687
109.3225
107.0261
104.4893
102.4772
99.6702
97.2747
94.6935
92.1466
89.8489
88.0034
86.1236
84.5248
82.6519
80.8991
78.7476
77.1002
75.1948
73.4095
71.8696
70.1691
68.3819
67.1562
65.1915
63.6375
62.0075
60.2998
59.0302
57.6469
56.4036
55.2929
53.7787
52.5495
51.0639
49.951
48.8518
47.8744
46.7137
45.34
44.2145
43.2171
42.3944
41.2636
40.1016
39.2793
38.4261
37.2713
36.2728
35.1267
34.1315
33.4696
32.353
31.6811
30.9044
