1728.0
1728.0
1694.6381
1659.906
1625.6805
1593.1697
1560.8368
1530.3256
1499.4493
1470.2689
1440.7539
1411.5344
1383.3624
1355.6018
1330.1219
1304.2196
1279.668
1253.3083
1227.8148
1202.4765
1177.0165
1151.7298
1128.0296
1104.7364
1081.4226
1057.513
1036.2404
1015.9416
995.9753
976.2592
957.1884
936.2815
915.8818
898.0793
879.3421
862.6826
843.9428
825.489
806.591
790.2666
772.5944
755.7177
738.5879
724.2897
707.3916
691.7307
675.982
661.7937
646.912
633.5535
619.691
605.9113
592.4242
580.0899
569.371
559.7467
550.8243
541.6071
532.1442
522.6391
513.8723
504.4667
496.5006
487.786
478.9917
470.4616
462.3984
453.9432
445.5228
436.7838
427.9437
420.8916
413.6855
405.9515
398.9752
391.4402
385.1786
378.5431
371.6926
364.7635
357.7873
350.495
344.3692
338.0347
331.8178
325.2336
318.5322
312.5603
306.8081
300.556
295.1204
289.1989
284.124
278.9594
273.0191
267.668
261.9627
256.5834
251.3623
246.3236
241.5652
236.6616
232.0537
227.2763
222.8122
218.2284
213.933
209.9046
205.4886
200.9188
196.329
192.1606
187.9169
183.6663
179.7929
175.8864
172.1555
168.5422
164.946
161.3238
157.5093
154.332
150.7167
147.2986
143.9748
141.2073
138.0258
135.099
132.3052
130.0751
128.0352
125.5288
123.4409
121.2463
119.0156
117.0416
114.4316
112.4786
110.1869
108.1539
106.282
103.989
102.0328
100.1895
98.313
96.3032
94.4869
92.7657
90.9923
89.5652
87.628
86.0101
84.4798
82.7011
80.9747
79.4718
78.047
76.3743
74.7374
73.4735
71.9703
70.3236
69.1236
67.7293
66.401
65.2037
64.0979
62.7862
61.4069
60.0181
58.6812
57.3658
55.9993
54.9468
53.6892
52.6814
51.5658
50.4387
49.59
48.4248
47.5345
46.5829
45.6138
44.6161
43.7266
42.7511
41.7658
41.0617
40.2332
39.5549
38.9353
38.0864
37.298
36.4504
35.7939
35.1707
34.4117
33.5917
32.8517
32.263
