14.0
14.0
13.992700000000003
13.988499999999986
13.970800000000002
13.954
13.933399999999983
13.9197
13.903500000000022
13.886700000000017
13.874699999999976
13.843999999999971
13.817499999999988
13.791900000000028
13.772099999999995
13.739199999999988
13.708300000000035
13.676000000000018
13.6427
13.61089999999997
13.5776
13.541699999999988
13.505299999999968
13.465700000000018
13.427699999999973
13.385599999999982
13.344400000000023
13.308799999999982
13.269399999999974
13.233800000000015
13.193300000000006
13.152399999999972
13.098799999999978
13.052000000000001
13.009100000000007
12.968300000000024
12.926100000000028
12.877500000000008
12.833899999999966
12.788399999999974
12.738600000000027
12.693699999999971
12.646599999999998
12.591999999999972
12.540300000000014
12.498899999999985
12.4546
12.403600000000022
12.366200000000006
12.3125
12.265299999999986
12.2065
12.158100000000003
12.108900000000036
12.067399999999992
12.026499999999986
11.987900000000021
11.94309999999997
11.89919999999996
11.849400000000015
11.80369999999998
11.763499999999995
11.714599999999985
11.67150000000002
11.630900000000024
11.586000000000002
11.542100000000044
11.498200000000052
11.449100000000005
11.404499999999992
11.358900000000007
11.301000000000027
11.260099999999987
11.213099999999972
11.160299999999996
11.112800000000009
11.061599999999995
11.008700000000022
10.959500000000013
10.911000000000012
10.863400000000018
10.816999999999982
10.766700000000004
10.710099999999947
10.662599999999996
10.612099999999955
10.560700000000034
10.510099999999976
10.458899999999979
10.410600000000008
10.353600000000027
10.303899999999977
10.249099999999995
10.196600000000005
10.148399999999937
10.09279999999996
10.040800000000052
9.986700000000047
9.935099999999968
9.881099999999975
9.829499999999983
9.778800000000054
9.724500000000058
9.674699999999985
9.629800000000026
9.578100000000008
9.522800000000013
9.471199999999966
9.414599999999952
9.367499999999989
9.315899999999951
9.26009999999998
9.204300000000055
9.152399999999947
9.099299999999966
9.04229999999998
8.987799999999908
8.933400000000036
8.888399999999946
8.841099999999976
8.787400000000014
8.734699999999952
8.684400000000004
8.627800000000043
8.578900000000058
8.523399999999988
8.46730000000004
8.41269999999998
8.35470000000001
8.29739999999998
8.238500000000007
8.180900000000017
8.126100000000008
8.06459999999997
8.006799999999995
7.9526
7.8919
7.8312
7.7658
7.710299999999998
7.650900000000003
7.5966
7.533899999999998
7.4768
7.4112
7.355400000000003
7.292899999999997
7.238899999999994
7.178900000000006
7.117499999999997
7.046700000000003
6.984199999999994
6.931699999999998
6.869699999999988
6.810199999999997
6.750200000000017
6.6928
6.635299999999994
6.577999999999989
6.522099999999978
6.458100000000017
6.390299999999992
6.33129999999999
6.271899999999998
6.217900000000014
6.162999999999986
6.106800000000002
6.045700000000009
5.985699999999997
5.925800000000014
5.865199999999996
5.808900000000008
5.751399999999991
5.6972
5.638200000000013
5.574500000000022
5.516399999999998
5.451600000000009
5.39200000000002
5.333599999999987
5.273599999999986
5.21490000000001
5.158800000000009
5.098299999999985
5.048799999999992
4.992099999999983
4.934199999999979
4.878199999999998
4.823100000000014
4.768099999999995
4.715000000000013
4.6643
4.608000000000012
4.5568000000000195
4.504699999999996
4.451699999999971
4.394899999999994
4.339700000000006
4.292700000000003
4.238600000000009
