49.0
49.0
46.7562
44.6074
42.5597
40.5188
38.5277
36.6125
34.7768
32.9967
31.2089
29.5947
28.0375
26.5659
25.1489
23.7616
22.5148
21.2585
20.0315
18.8655
17.7597
16.7278
15.6928
14.7348
13.8763
13.0708
12.2812
11.5279
10.8098
10.1217
9.4999
8.8928
8.3091
7.7946
7.2777
6.805
6.3863
5.9518
5.5404
5.1404
4.7853
4.4577
4.1041
3.8125
3.5369
3.2914
3.0412
2.845
2.6437
2.4423
2.291
2.1373
2.0202
1.8881
1.8562
1.842
1.8266
1.8158
1.8006
1.7841
1.7663
1.7408
1.7276
1.7011
1.6771
1.661
1.6468
1.6405
1.6274
1.6129
1.5856
1.5677
1.5526
1.5424
1.5287
1.518
1.5043
1.4911
1.474
1.4556
1.4368
1.4253
1.4063
1.3826
1.3698
1.3537
1.3387
1.3152
1.3028
1.2866
1.2713
1.256
1.249
1.2398
1.2257
1.2179
1.2056
1.1922
1.1797
1.1671
1.1509
1.1408
1.1266
1.1225
1.1021
1.0985
1.0817
1.0641
1.0494
1.0366
1.0291
1.0187
1.0034
0.9947
0.9894
0.9677
0.9613
0.9524
0.9367
0.9227
0.911
0.9043
0.9035
0.8862
0.8726
0.8646
0.8545
0.8394
0.8038
0.7598
0.7289
0.6961
0.6777
0.6547
0.6375
0.6176
0.5983
0.5729
0.5578
0.5437
0.5255
0.5106
0.4887
0.4715
0.4607
0.4454
0.4334
0.4261
0.4198
0.4105
0.4008
0.3895
0.3797
0.3744
0.3614
0.3539
0.3424
0.3387
0.3335
0.3304
0.3256
0.323
0.3124
0.3111
0.3093
0.3062
0.305
0.3001
0.2967
0.294
0.2883
0.2838
0.2878
0.2844
0.2815
0.2843
0.2839
0.2796
0.2786
0.2725
0.2673
0.2694
0.2695
0.2707
0.2655
0.255
0.2539
0.2513
0.2574
0.2609
0.2575
0.2656
0.2615
0.2594
0.2559
0.2548
0.2492
0.2523
0.2551
0.2512
