289.0
289.0
284.2439
279.6167
274.7275
270.1625
265.7019
261.2387
256.8263
252.4423
248.31
243.8574
239.4612
235.3879
231.0792
226.6692
222.5484
218.2812
214.2973
210.1628
205.8412
202.1014
198.2286
194.2726
190.4511
186.6064
182.9136
179.1162
175.2234
171.3063
167.5162
164.0124
160.5324
157.1359
153.7713
150.3426
146.995
143.6868
140.3749
137.0417
133.8523
130.7213
127.4032
124.2476
121.3234
118.3735
115.4472
112.6863
109.8456
107.0944
104.2954
101.4692
98.6422
96.3547
95.0128
93.6942
92.3521
91.0727
89.7039
88.506
87.1578
85.6469
84.4167
83.1798
81.9686
80.6628
79.4265
78.1563
77.0401
75.7225
74.3232
73.0327
71.8337
70.6289
69.4205
68.2131
67.0191
65.8594
64.6785
63.5029
62.3924
61.2294
60.1568
59.0833
57.8823
56.9052
55.8904
54.7656
53.7491
52.7285
51.7479
50.7604
49.8004
48.7403
47.7043
46.665
45.716
44.7916
43.8714
42.9671
42.0305
41.1631
40.2507
39.4291
38.5726
37.756
36.9269
36.0909
35.3163
34.5609
33.8467
33.0561
32.3033
31.6105
30.8708
30.1956
29.5003
28.7765
28.1343
27.4965
26.864
26.1879
25.5778
24.9573
24.3715
23.8383
23.2744
22.6941
22.2349
21.792
21.3114
20.8163
20.3728
19.9083
19.4803
19.0643
18.6175
18.2264
17.8415
17.4814
17.1003
16.7331
16.382
16.0543
15.7011
15.345
15.0341
14.6929
14.3925
14.0867
13.8412
13.5142
13.2303
12.9209
12.6384
12.3661
12.132
11.8808
11.6622
11.4331
11.2259
10.9858
10.7794
10.5458
10.3321
10.121
9.9053
9.6749
9.4948
9.2701
9.0797
8.8719
8.6492
8.4732
8.2883
8.1306
7.9699
7.7917
7.6175
7.4413
7.2986
7.1596
7.0206
6.8661
6.6854
6.5387
6.4073
6.292
6.1458
6.003
5.8949
5.7725
5.6289
5.4996
5.3577
5.2307
5.1392
5.007
4.9095
4.8042
