4913.0
4913.0
4973.7159
5033.5761
5098.6022
5164.4167
5230.6128
5300.0127
5365.9634
5430.7375
5497.4042
5565.6381
5644.0424
5719.2156
5798.0525
5875.2998
5949.0735
6031.0678
6112.3533
6196.0714
6277.6553
6359.62
6445.1272
6531.0451
6625.5576
6715.6393
6803.8588
6894.2631
6986.5987
7078.0737
7179.8719
7282.8758
7376.9664
7477.4503
7580.871
7683.676
7791.9639
7901.0633
8008.0206
8109.3518
8217.6499
8325.2811
8437.9576
8554.2538
8671.5932
8779.056
8893.3163
9009.9933
9127.3751
9240.9555
9356.584
9482.5561
9611.4201
9735.1273
9821.8688
9910.7668
10004.413
10096.0246
10180.5761
10269.3934
10353.227
10440.6801
10527.6148
10602.8155
10692.4228
10771.0678
10849.8322
10931.366
11017.5234
11100.1084
11175.545
11266.8148
11346.7721
11423.7263
11513.7198
11590.3123
11668.4474
11751.0697
11820.8156
11902.725
11982.7148
12056.5846
12128.8619
12211.3412
12287.8991
12369.1911
12450.2281
12529.7188
12603.9228
12682.467
12761.1203
12834.5089
12913.6216
12988.7163
13065.7122
13141.139
13214.3815
13295.7928
13360.731
13429.6154
13504.0228
13575.4612
13659.1275
13728.3704
13805.5024
13877.8319
13957.9239
14040.8603
14113.5109
14176.4907
14251.5381
14324.8615
14396.1186
14466.9247
14536.2293
14607.986
14676.9827
14767.8746
14847.7631
14923.5875
14995.7572
15072.0412
15143.4211
15205.6015
15288.4062
15349.9998
15435.494
15508.5207
15600.5018
15691.842
15774.3968
15875.6758
15968.2175
16060.607
16145.7049
16224.1404
16315.6284
16402.4698
16486.0297
16565.7418
16645.3717
16729.5713
16827.1302
16909.33
16991.1839
17069.4866
17142.7992
17229.4522
17301.3332
17385.5043
17461.0271
17539.6745
17629.7577
17705.0225
17794.9688
17886.7411
17971.0465
18053.2807
18137.5615
18218.2955
18301.3747
18379.8183
18468.8734
18544.7539
18624.4746
18711.9898
18793.6412
18874.1296
18954.9525
19043.5621
19124.2054
19192.7257
19276.4139
19350.9374
19436.5191
19503.0593
19581.0675
19662.8592
19742.662
19813.0461
19881.1844
19957.735
20030.3776
20102.9617
20160.5908
20234.9901
20299.5871
20379.6377
20457.3612
20530.8914
20609.3287
20679.2329
20741.0374
20814.8443
20888.6711
20951.8466
21021.5696
21082.8844
21149.0044
21221.654
