9.0
9.0
3.1585
1.0492
0.3438
0.145
0.0841
0.0626
0.0596
0.0518
0.0523
0.0474
0.0452
0.0524
0.0495
0.0512
0.0549
0.0496
0.0491
0.0479
0.051
0.0469
0.0435
0.0473
0.0475
0.0435
0.0482
0.0497
0.0451
0.0413
0.0418
0.0447
0.0453
0.0459
0.0414
0.0487
0.0453
0.0458
0.0448
0.043
0.0438
0.0431
0.0456
0.0417
0.0424
0.0424
0.04
0.0415
0.0407
0.0422
0.0475
0.0426
0.0409
0.047
0.0484
0.053
0.0542
0.0529
0.0523
0.0498
0.0482
0.0441
0.0482
0.0456
0.0433
0.0437
0.0441
0.0472
0.0479
0.0458
0.0458
0.0453
0.0452
0.0505
0.0457
0.039
0.0436
0.0431
0.0409
0.0411
0.0404
0.0422
0.0423
0.0394
0.0446
0.042
0.0354
0.0363
0.0377
0.0383
0.0392
0.0389
0.0377
0.0389
0.0338
0.0362
0.0402
0.0416
0.0408
0.037
0.0366
0.0409
0.0365
0.0382
0.0334
0.0386
0.037
0.0364
0.0346
0.0361
0.037
0.0366
0.0385
0.0377
0.0357
0.0373
0.036
0.0372
0.0385
0.0389
0.0359
0.04
0.0376
0.0384
0.0369
0.0382
0.0381
0.0385
0.0401
0.0433
0.0425
0.0447
0.0445
0.0465
0.0477
0.0451
0.0488
0.0507
0.0541
0.0553
0.0544
0.0508
0.0543
0.0512
0.0499
0.0452
0.0489
0.051
0.0503
0.0493
0.0513
0.0486
0.0509
0.0513
0.0493
0.0525
0.048
0.0509
0.0501
0.058
0.0533
0.0496
0.0517
0.0508
0.0493
0.0497
0.0525
0.056
0.057
0.0548
0.0524
0.0515
0.0508
0.0509
0.0497
0.0519
0.0527
0.0502
0.0458
0.045
0.0457
0.0471
0.0488
0.0483
0.0509
0.049
0.0454
0.0483
0.0498
0.0478
0.0463
0.0457
0.048
0.051
0.0507
0.0481
0.0482
0.0498
0.0462
0.0458
