49.0
49.0
48.8388
48.7077
48.5804
48.4164
48.274
48.157
48.0788
48.0686
47.99
47.8997
47.8591
47.8165
47.7919
47.7833
47.7806
47.7723
47.75
47.735
47.7833
47.7944
47.833
47.8515
47.9111
47.943
48.0425
48.0851
48.1497
48.2102
48.2983
48.399
48.4904
48.5854
48.6774
48.7888
48.9348
49.0236
49.163
49.3144
49.4473
49.5986
49.6978
49.8936
50.0462
50.1916
50.3476
50.5269
50.7156
50.9231
51.0762
51.2466
51.4456
51.6403
51.7705
51.8768
51.952
52.066
52.157
52.2627
52.359
52.5205
52.6119
52.6608
52.681
52.7446
52.8242
52.9237
53.01
53.036
53.0994
53.1924
53.2833
53.3592
53.3687
53.4839
53.4933
53.5409
53.5946
53.6675
53.7386
53.8148
53.8272
53.8842
53.9689
53.9903
54.1141
54.1712
54.1963
54.1839
54.1666
54.2081
54.2894
54.3129
54.2996
54.3594
54.3772
54.4436
54.4661
54.5055
54.5516
54.6145
54.648
54.6329
54.6732
54.733
54.7504
54.7309
54.7608
54.8066
54.8455
54.852
54.9076
54.8981
54.8787
54.9169
54.94
54.9191
54.9167
54.9193
54.8994
54.9373
54.987
55.0211
55.0236
55.0426
55.0659
55.0544
55.0321
54.9344
54.8837
54.8329
54.7922
54.755
54.7183
54.6832
54.6726
54.6867
54.7133
54.6631
54.6445
54.6179
54.5445
54.5467
54.4974
54.5081
54.5234
54.501
54.5279
54.594
54.6392
54.6184
54.6825
54.703
54.7841
54.791
54.8157
54.8458
54.8352
54.8202
54.7792
54.7926
54.7907
54.8196
54.7997
54.8548
54.8689
54.828
54.8694
54.9427
54.9878
55.0044
55.0541
55.0482
55.0859
55.153
55.1759
55.177
55.2628
55.2774
55.288
55.327
55.3765
55.3366
55.3932
55.4595
55.5373
55.6196
55.6565
55.636
55.649
55.682
55.675
55.7959
55.8875
55.8923
55.966
56.0425
56.1021
56.1059
