7.0
7.0
7.0492
7.090799999999997
7.136499999999991
7.184899999999997
7.229799999999996
7.271300000000005
7.317000000000003
7.3624
7.404400000000007
7.4456
7.487099999999999
7.525700000000006
7.5674
7.608799999999999
7.648900000000001
7.6912
7.733
7.7736
7.8141
7.8555
7.8969
7.9358
7.9752
8.012599999999969
8.050099999999992
8.08840000000003
8.127999999999975
8.168600000000065
8.20210000000003
8.240500000000035
8.277699999999962
8.316000000000026
8.34579999999999
8.382699999999964
8.417600000000046
8.452900000000003
8.488599999999991
8.524599999999964
8.56010000000002
8.596900000000012
8.633900000000057
8.666300000000021
8.700400000000052
8.73340000000003
8.765800000000013
8.798699999999995
8.830699999999988
8.863400000000004
8.8954
8.929799999999979
8.962900000000014
8.996199999999986
9.03009999999996
9.060500000000024
9.09050000000001
9.119400000000043
9.153599999999994
9.185499999999996
9.216599999999978
9.247300000000035
9.2788
9.308799999999964
9.336999999999998
9.364600000000006
9.392300000000011
9.420199999999962
9.450299999999979
9.478699999999998
9.508800000000052
9.531999999999995
9.560400000000007
9.586000000000022
9.614100000000034
9.64079999999999
9.66760000000002
9.695799999999966
9.720100000000038
9.745600000000028
9.77360000000002
9.801400000000015
9.830200000000024
9.858799999999976
9.886199999999983
9.912400000000009
9.933599999999984
9.960099999999988
9.983200000000004
10.00809999999999
10.03539999999999
10.061600000000002
10.086999999999989
10.113399999999965
10.13810000000003
10.162400000000094
10.1866
10.213
10.236900000000052
10.262999999999998
10.287999999999995
10.312799999999957
10.33699999999997
10.36250000000001
10.390700000000047
10.415299999999988
10.43970000000001
10.462999999999994
10.48630000000002
10.506000000000016
10.531099999999986
10.552299999999983
10.57740000000004
10.598899999999961
10.62389999999998
10.64540000000001
10.669600000000013
10.691600000000022
10.716500000000005
10.73949999999999
10.762899999999972
10.787100000000022
10.810999999999975
10.837200000000026
10.858600000000004
10.880500000000012
10.902300000000041
10.927900000000022
10.955400000000033
10.982399999999942
11.007100000000014
11.033399999999999
11.055699999999998
11.081000000000001
11.106600000000011
11.134900000000046
11.162600000000003
11.192200000000007
11.219999999999978
11.248800000000081
11.273499999999995
11.303300000000002
11.332799999999974
11.36109999999997
11.387199999999988
11.414500000000011
11.439200000000039
11.46529999999999
11.491899999999985
11.519700000000013
11.545400000000008
11.573200000000009
11.602200000000007
11.630400000000018
11.655399999999977
11.680900000000007
11.708299999999987
11.734199999999968
11.763000000000037
11.78980000000001
11.815699999999955
11.843800000000005
11.871600000000008
11.898700000000023
11.927800000000031
11.952900000000026
11.979499999999973
12.00820000000004
12.032700000000043
12.058199999999959
12.08490000000004
12.113099999999987
12.138900000000007
12.166900000000012
12.197699999999994
12.226799999999997
12.25439999999997
12.2825
12.309899999999988
12.3381
12.363399999999992
12.3909
12.417499999999993
12.442100000000037
12.469099999999987
12.498099999999996
12.522099999999933
12.550300000000009
12.578100000000015
12.604099999999992
12.63259999999998
12.659499999999975
12.6874
12.717500000000017
12.745099999999972
12.769999999999989
12.797100000000036
12.825699999999994
12.855900000000021
12.881699999999983
