529.0
529.0
527.1794
525.2545
523.3569
521.5519
519.688
517.7909
515.8727
513.7735
511.9695
510.2082
508.4772
506.7724
505.172
503.3923
501.8913
500.2114
498.6775
497.2863
495.7172
494.1011
492.446
490.899
489.2585
487.8053
486.3396
485.0658
483.5012
482.0121
480.6114
479.2796
478.0714
476.8524
475.4744
474.0204
472.8617
471.5444
470.2257
468.899
467.6898
466.4589
465.1714
463.8743
462.4149
461.1352
459.8997
458.5598
457.3414
455.9309
454.9828
453.7786
452.6014
451.4167
450.302
449.2325
448.2654
447.3045
446.4675
445.2224
444.1247
443.2291
442.4284
441.4326
440.4812
439.4225
438.4551
437.5289
436.5037
435.4347
434.4643
433.2313
432.2613
431.3383
430.7617
429.8397
428.7053
427.8136
426.9282
426.0566
425.0284
424.0057
423.0353
422.1457
421.2395
420.2905
419.3798
418.4871
417.4968
416.7082
415.8052
414.7578
413.5942
412.7691
411.8831
410.9074
409.9535
409.0824
408.0211
407.2583
406.2346
405.3305
404.4965
403.5153
402.6312
401.6906
400.7768
399.9735
398.8175
397.9346
396.9226
396.0204
395.1567
394.1237
393.1866
392.355
391.5708
390.5149
389.7075
388.7425
387.837
386.9521
386.2915
385.4676
384.5611
383.8611
382.9426
381.785
380.2365
378.6022
377.0309
375.2683
373.729
372.1107
370.5637
368.984
367.3279
365.7379
363.9509
362.2594
360.669
359.1428
357.6563
356.0743
354.6029
353.096
351.4338
349.8286
348.3029
346.8823
345.3536
343.8706
342.3316
341.0436
339.4986
338.0502
336.5455
335.1922
334.0309
332.6905
331.3929
329.937
328.5809
327.3349
326.0441
324.8357
323.5821
322.2285
321.1884
319.7852
318.5353
317.3128
316.0508
314.7111
313.4431
312.1645
311.095
309.7285
308.6057
307.4727
306.3386
305.0738
303.8878
302.721
301.4754
300.2023
299.3168
298.1553
297.0318
295.8004
294.5265
293.6299
292.6502
291.6123
290.441
289.3798
288.2989
287.0517
285.8239
284.6737
