27.0
27.0
7.9893
2.4356
0.7326
0.2836
0.1313
0.084
0.0748
0.0598
0.0607
0.0548
0.0504
0.0584
0.0547
0.0626
0.0725
0.0592
0.0603
0.0577
0.0604
0.0547
0.0517
0.0559
0.0535
0.0471
0.0542
0.0553
0.0545
0.0469
0.0474
0.0503
0.0521
0.0519
0.045
0.0559
0.0513
0.0528
0.0492
0.0478
0.049
0.0479
0.0528
0.0487
0.0488
0.048
0.0462
0.0475
0.0475
0.0474
0.0559
0.0484
0.0459
0.0568
0.056
0.0622
0.0658
0.0673
0.0645
0.0618
0.0576
0.0489
0.0562
0.053
0.0495
0.0493
0.0525
0.055
0.0559
0.0512
0.0544
0.0511
0.0516
0.0621
0.0551
0.0446
0.0496
0.0503
0.0441
0.0463
0.047
0.0488
0.0471
0.0428
0.0506
0.0494
0.039
0.0409
0.0439
0.0411
0.0432
0.0461
0.0425
0.0425
0.035
0.0402
0.0446
0.0468
0.0452
0.0406
0.0398
0.0463
0.0409
0.0446
0.0366
0.0438
0.0406
0.0404
0.0394
0.0421
0.0442
0.0418
0.0461
0.0441
0.0397
0.0443
0.0408
0.0416
0.0459
0.0459
0.0405
0.0472
0.042
0.0424
0.0431
0.0464
0.0455
0.0481
0.0479
0.0519
0.0469
0.0513
0.0505
0.0521
0.0541
0.0495
0.056
0.0621
0.0667
0.0661
0.0672
0.0598
0.0647
0.0572
0.0583
0.0516
0.0573
0.0586
0.0597
0.0599
0.0625
0.0566
0.0599
0.0577
0.0557
0.0621
0.0572
0.0613
0.0589
0.068
0.0631
0.0606
0.0609
0.06
0.0565
0.0577
0.0631
0.0708
0.0738
0.0666
0.0608
0.0609
0.0606
0.0599
0.0581
0.0635
0.0607
0.0578
0.0518
0.0502
0.0517
0.0535
0.059
0.0593
0.0597
0.0558
0.0514
0.0569
0.061
0.0552
0.0541
0.0489
0.0528
0.059
0.0661
0.0551
0.0572
0.0582
0.0526
0.053
