9.0
9.0
8.9423
8.892
8.8645
8.8244
8.8062
8.7899
8.7605
8.7637
8.7566
8.7639
8.7679
8.7761
8.7779
8.7956
8.8418
8.8973
8.933
8.9595
8.982
9.0265
9.0416
9.0803
9.1089
9.1382
9.1732
9.2283
9.2775
9.3022
9.3554
9.3977
9.4446
9.5146
9.5465
9.6333
9.6979
9.7749
9.828
9.8833
9.9528
10.0202
10.0866
10.126
10.1781
10.2561
10.3534
10.4158
10.4904
10.5851
10.6493
10.7072
10.8124
10.9057
11.0203
11.1771
11.2957
11.4307
11.5709
11.7016
11.8369
11.9824
12.1123
12.2675
12.397
12.5179
12.6861
12.8433
12.9818
13.1136
13.2617
13.3859
13.5341
13.6801
13.8461
13.9969
14.1417
14.2614
14.4059
14.5842
14.7599
14.9216
15.0779
15.2473
15.3834
15.5328
15.666
15.8311
16.0029
16.1662
16.346
16.5159
16.6749
16.8503
16.9992
17.1708
17.3448
17.5096
17.6872
17.8785
18.0553
18.2425
18.4356
18.6313
18.8291
19.0053
19.2146
19.4023
19.6242
19.8072
20.0139
20.2143
20.4586
20.6156
20.8448
21.0557
21.2708
21.5057
21.7169
21.9051
22.1071
22.3323
22.5335
22.7498
22.9632
23.1987
23.4287
23.6813
23.9518
24.2265
24.4816
24.807
25.0873
25.3599
25.6605
25.9418
26.2629
26.6008
26.8914
27.2279
27.4969
27.8353
28.1253
28.441
28.7767
29.0963
29.4304
29.7784
30.1441
30.5958
30.9427
31.2923
31.6382
31.997
32.3514
32.7252
33.1323
33.4755
33.8383
34.2065
34.611
34.9904
35.3472
35.7172
36.0641
36.4424
36.8003
37.2258
37.6288
38.0555
38.5097
38.8856
39.2217
39.6134
40.0682
40.5531
40.971
41.3813
41.8283
42.3189
42.7957
43.2318
43.6923
44.1325
44.585
45.0198
45.4402
45.9343
46.4132
46.8201
47.2588
47.7114
48.1623
48.6152
49.0651
49.5198
50.0088
50.4681
50.964
51.4756
