23.0
23.0
22.959582790091282
22.92133854845718
22.88222511951325
22.834419817470685
22.790525858322457
22.748370273794013
22.71794871794872
22.683615819209002
22.649282920469375
22.608431116905663
22.56714471968709
22.52890047805299
22.494132985658386
22.463276836158222
22.42199043893962
22.38809213385486
22.34810951760107
22.312038244241663
22.281616688396372
22.24945675793132
22.202086049543695
22.172099087353324
22.136027813993927
22.106475445458464
22.071707953063886
22.046936114732727
21.999130812690147
21.969578444154717
21.930899608865726
21.907431551499343
21.87961755758367
21.84789222077357
21.81182094741414
21.779661016949163
21.75532377227293
21.717079530638838
21.68361581920907
21.655367231638444
21.624076488483272
21.587136027813976
21.554541503694043
21.522381573229037
21.500651890482406
21.46675358539766
21.430682312038293
21.390265102129497
21.362885701868745
21.33420252064318
21.297696653628865
21.269448066058278
21.235984354628453
21.208604954367694
21.17818339852235
21.146892655367246
21.117340286831816
21.088222511951386
21.058670143415927
21.027813993915718
21.013472403302895
20.984354628422416
20.96523250760539
20.948717948717956
20.92872664059104
20.912646675358566
20.885701868752722
20.85962624945677
20.827466318991736
20.803129074315585
20.790091264667563
20.7657540199913
20.742285962624933
20.71534115601913
20.692742285962627
20.66883963494136
20.642329421990468
20.615384615384638
20.59235115167318
20.565406345067316
20.539765319426294
20.518904823989576
20.500217296827454
20.47109952194696
20.4498044328553
20.4267709691438
20.401564537157764
20.372446762277292
20.356366797044746
20.33116036505864
20.306823120382468
20.28118209474142
20.251629726206012
20.228161668839668
20.201651455888705
20.179487179487186
20.16079965232507
20.12472837896565
20.098218166014785
20.07561929595826
20.04563233376794
20.013472403302888
19.988265971316828
19.966536288570158
19.94741416775316
19.91612342459801
19.891351586266897
19.864841373315915
19.83702737940024
19.80790960451981
19.79313342025212
19.761408083441985
19.74576271186436
19.721425467188215
19.693611473272504
19.66536288570182
19.63928726640591
19.612777053455005
19.590178183398514
19.56844850065191
19.534550195567125
19.510647544545836
19.487614080834437
19.461973055193397
19.439374185136916
19.421555845284708
19.379834854411126
19.343763581051725
19.298565840938718
19.255541069100374
19.205997392438064
19.157757496740533
19.116471099521945
19.06345067362016
19.013906996957886
18.96914385049973
18.92611907866142
18.885701868752705
18.837896566710167
18.801390699695794
18.74923946110382
18.719252498913534
18.680139069969563
18.64450239026511
18.577140373750517
18.530638852672748
18.481529769665368
18.447631464580645
18.397218600608447
18.360712733594088
18.318991742720534
18.275532377227307
18.224250325945277
18.18035636679705
18.125597566275538
18.073446327683598
18.03129074315516
17.97870491090828
17.93176879617561
17.891786179921787
17.843111690569273
17.788352890047808
17.735332464145994
17.694915254237245
17.650586701434158
17.61016949152545
17.56279878313775
17.513689700130406
17.475880052151226
17.43502824858758
17.385919165580187
17.33681008257277
17.289439374185086
17.223381138635368
17.172099087353306
17.126032159930432
17.08300738809216
17.043024771838333
16.98565840938723
16.941764450238995
16.902651021295103
16.852238157322915
16.803998261625473
16.75706214689263
16.715775749674023
16.667101260321548
16.61016949152541
16.56279878313779
16.519339417644456
16.471534115601884
16.431116905693177
16.37157757496743
16.318122555410664
16.267275097783564
16.228161668839597
16.185571490656194
16.142981312472813
16.095610604085184
16.054758800521544
16.001738374619794
