169.0
169.0
167.7861
166.493
165.2857
163.9258
162.4069
161.0923
159.6731
158.2827
156.8579
155.5882
154.1632
152.5867
151.1869
149.7238
148.1973
146.8066
145.3465
143.7585
142.361
140.8016
139.1807
137.7022
136.1167
134.6343
133.2223
131.7279
130.2468
128.8742
127.4963
125.9409
124.4795
122.9727
121.4787
119.9584
118.473
116.9643
115.362
113.9227
112.3979
110.9772
109.5437
107.9932
106.6053
105.284
103.8917
102.4908
101.1236
99.745
98.4182
96.9416
95.6363
94.1748
93.2642
92.4698
91.6721
91.0406
90.3588
89.6133
88.9166
88.1654
87.4637
86.7866
86.0688
85.3067
84.611
83.9373
83.1599
82.3819
81.6868
80.8965
80.2029
79.4076
78.6714
77.9774
77.2678
76.5371
75.8406
75.061
74.3768
73.6342
72.9052
72.1875
71.4737
70.6723
69.9901
69.2744
68.5424
67.7682
67.0479
66.3111
65.6232
64.9238
64.2255
63.5595
62.8871
62.2067
61.4895
60.8145
60.06
59.3393
58.6668
57.9755
57.2961
56.5475
55.8495
55.2497
54.6369
53.969
53.3064
52.5803
51.944
51.3436
50.7242
50.1428
49.5119
48.9431
48.3293
47.6913
47.1169
46.5517
45.9537
45.4253
44.7917
44.2217
43.6342
43.0879
42.6699
42.2632
41.9019
41.5434
41.2405
40.9525
40.6509
40.3626
40.0776
39.8381
39.5483
39.2699
39.0268
38.761
38.4945
38.2165
37.9308
37.667
37.4673
37.2605
37.0382
36.8227
36.6132
36.3545
36.1571
35.9009
35.646
35.4301
35.234
35.0188
34.7762
34.5735
34.3727
34.1373
33.9179
33.6967
33.4768
33.2987
33.0822
32.8741
32.6543
32.4893
32.2994
32.1057
31.8693
31.6514
31.4262
31.252
31.0282
30.8119
30.6233
30.4471
30.2789
30.0476
29.841
29.6758
29.4905
29.2803
29.0933
28.8898
28.7071
28.5278
28.3779
28.1755
27.9925
27.8619
27.7065
27.4855
27.3314
27.1603
27.0088
26.8543
