529.0
529.0
528.7258
528.3007
527.9051
527.5295
527.303
527.0801
526.8388
526.51
526.3507
526.2161
526.2494
526.206
526.2131
526.148
526.3148
526.3163
526.461
526.6721
526.7765
526.7685
526.6932
526.878
527.0432
527.2815
527.4682
527.4265
527.6356
527.735
527.8543
528.1756
528.3136
528.5897
528.6916
529.0782
529.2649
529.6865
529.921
530.2896
530.5589
530.9603
531.1931
531.4501
531.9191
532.2758
532.8702
533.203
533.6232
533.9067
534.3333
534.564
534.8677
535.4071
535.6635
536.097
536.435
536.6988
537.1532
537.5488
537.824
538.2401
538.644
538.9417
539.259
539.4806
539.6346
540.1241
540.3807
540.6741
541.1945
541.4826
541.8712
542.1916
542.1868
542.4939
542.8273
543.24
543.6787
543.9708
544.046
544.1436
544.4326
544.7835
545.0786
545.5411
545.8402
546.1172
546.3541
546.6836
546.9936
547.1603
547.3348
547.6074
547.7609
547.9015
548.2643
548.4353
548.6001
548.9803
549.189
549.5139
549.5232
549.7316
549.9378
550.1038
550.3978
550.558
550.6192
550.8379
550.9088
551.162
551.3799
551.6317
551.8681
552.2656
552.4447
552.4746
552.6331
552.7905
552.8483
553.0414
553.0291
553.1486
553.1919
553.3135
553.6942
554.1516
554.4194
554.5807
554.5576
554.7541
554.9376
555.1384
555.2985
555.5636
555.7167
555.9123
556.069
556.1535
556.4343
556.4826
556.4567
556.4824
556.5773
556.7672
556.7554
556.6299
556.7812
556.7923
556.7888
556.7013
556.6579
556.8205
556.6241
556.7016
556.903
556.7859
556.6524
556.7557
556.7809
556.8212
556.8266
556.7627
556.7432
556.9026
556.9479
557.2185
557.2691
557.3478
557.3068
557.3613
557.3065
557.241
557.1236
557.0766
557.0368
556.9813
556.9676
556.9817
557.0539
557.0973
557.069
557.0742
557.169
557.0364
557.177
557.1598
557.0585
556.7933
556.8393
556.8016
556.8126
556.8831
556.8197
556.7313
556.6064
556.5227
556.5695
556.4586
