125.0
125.0
126.7689
128.7235
130.291
132.5761
133.9327
135.6634
137.8286
139.684
141.5134
143.1828
144.6505
146.2861
148.1839
149.7722
151.6612
153.3529
155.0051
156.7674
158.3466
160.1935
162.2987
164.455
165.9846
168.0859
169.694
171.4324
173.2558
175.0354
176.5676
178.1862
180.0763
181.8436
183.7994
185.2768
186.7866
188.8155
190.3791
191.9987
193.9963
195.8202
197.8249
199.8181
201.7406
203.3001
205.0009
207.0644
208.8832
210.7726
212.5609
214.2148
216.2349
217.6451
218.3565
219.3769
219.9319
220.5766
221.7438
222.1566
222.9088
223.3097
224.3987
224.9252
225.8644
226.6669
226.9371
228.0231
228.6527
229.0311
229.6523
230.3924
230.8178
231.5858
232.0553
232.9535
233.4297
233.906
234.6914
235.4771
236.384
238.0154
238.4453
238.9297
239.8325
240.3571
241.0346
241.6847
242.4865
243.7132
244.1765
245.0402
245.3784
246.5451
247.6368
247.8957
248.7802
250.1638
251.0824
251.995
253.025
253.8316
254.7659
256.3005
257.1794
258.1421
259.2005
260.3253
261.2224
261.9489
263.0428
263.7552
264.9388
265.5957
265.939
266.7667
267.6783
268.3981
269.5652
269.8981
270.5559
270.7151
271.9421
272.7931
272.8534
273.6249
274.351
274.4839
274.4961
274.9185
274.2654
274.1952
274.106
272.9308
272.7698
272.2025
272.5235
271.9713
272.0025
272.1585
272.3375
272.5844
272.4108
271.2418
271.1073
271.0696
270.2943
269.6227
269.5784
268.8074
269.1269
268.6199
268.6363
267.8715
268.2833
268.5466
268.3467
267.7238
267.3391
266.9001
266.7765
266.3954
266.6961
265.5905
265.171
264.8391
264.7222
264.4522
263.6919
263.0369
263.0102
262.6121
261.9964
261.2372
260.9962
260.6047
261.0581
260.7544
260.4664
259.945
259.5202
259.2344
259.0359
259.5078
258.9191
259.3726
259.3918
259.2134
258.9374
259.2195
259.4571
259.2941
258.7808
258.8314
257.9052
256.7118
256.8907
257.113
256.6068
256.5801
