729.0
729.0
745.3919
761.4004
778.0608
797.4474
815.9449
833.5204
851.3306
868.7596
886.7535
905.7585
923.178
941.8832
960.2697
978.161
997.1296
1017.4136
1037.0806
1055.7883
1075.7232
1096.6518
1117.9045
1138.8013
1160.6193
1179.1242
1197.6182
1218.8244
1238.3145
1258.8266
1281.2177
1300.3588
1322.5275
1345.2473
1369.0075
1391.0772
1414.5085
1437.3409
1460.1448
1482.5439
1506.0327
1530.3622
1551.7717
1577.3738
1599.6487
1622.8279
1646.0742
1671.6838
1694.0182
1714.9486
1737.7311
1761.6039
1786.7132
1810.8542
1834.5145
1855.2087
1876.5006
1898.0709
1920.2926
1943.7868
1966.7586
1990.8201
2013.0431
2036.2612
2056.6574
2080.2454
2100.9447
2125.842
2149.1298
2172.3165
2195.0596
2216.738
2240.4423
2263.6413
2288.8221
2309.8055
2331.0419
2348.8763
2371.8527
2392.7277
2415.0222
2437.1193
2460.5467
2480.9744
2502.9101
2524.4292
2544.2142
2567.2491
2589.2072
2611.3626
2632.5403
2653.1697
2674.1484
2693.2559
2717.5729
2739.9093
2759.2047
2780.6588
2801.9554
2822.4204
2840.3151
2863.0167
2881.7838
2903.9633
2925.486
2946.049
2964.6402
2986.1408
3004.9296
3024.6915
3045.541
3065.3792
3086.7533
3107.6664
3127.4517
3148.8959
3168.4929
3189.6875
3208.2032
3228.4309
3248.0984
3266.493
3287.0808
3305.2294
3324.9121
3341.281
3361.8964
3381.3461
3397.6695
3416.3028
3433.5662
3452.4651
3469.5959
3485.6834
3502.3948
3519.9518
3535.8404
3554.3741
3573.0803
3588.6349
3607.2329
3625.03
3643.5083
3658.0881
3673.4566
3688.7624
3704.8516
3722.6472
3737.074
3754.7587
3773.1794
3788.3572
3802.953
3819.1088
3835.1429
3849.1339
3864.9087
3878.0734
3892.5292
3910.2903
3924.8443
3942.414
3956.3933
3971.2984
3984.3644
3999.3053
4010.375
4026.0357
4038.5579
4053.2461
4071.5138
4085.2149
4100.2505
4115.8825
4129.2945
4144.7608
4160.2257
4171.6813
4184.8346
4198.6565
4213.4301
4229.0805
4243.6802
4255.8979
4267.6151
4282.2533
4298.2573
4315.9584
4330.3247
4344.5314
4358.5389
4374.2282
4388.2594
4400.7641
4414.7839
4428.4122
4441.8286
4455.6061
4468.7662
4480.7339
