25.0
25.0
25.1835
25.3865
25.5454
25.7895
25.9209
26.099
26.33
26.5182
26.7098
26.8732
27.0239
27.1897
27.3877
27.5484
27.7478
27.9221
28.0851
28.2644
28.4202
28.6075
28.8209
29.04
29.1908
29.4017
29.5644
29.7284
29.9124
30.083
30.2392
30.3942
30.5891
30.7658
30.9568
31.0982
31.2388
31.4195
31.5651
31.7107
31.9021
32.0712
32.2635
32.4539
32.6402
32.7819
32.9429
33.1306
33.2996
33.4718
33.6439
33.7874
33.9779
34.0951
34.1347
34.2053
34.2163
34.2432
34.309
34.3158
34.3598
34.3643
34.4323
34.4362
34.4872
34.5257
34.5127
34.5839
34.6017
34.5909
34.6241
34.6562
34.669
34.707
34.7101
34.7549
34.7719
34.7948
34.8312
34.8737
34.9166
35.0348
35.0367
35.0531
35.0933
35.1033
35.136
35.1605
35.2097
35.3052
35.3321
35.3792
35.371
35.4387
35.4958
35.4915
35.518
35.626
35.6728
35.719
35.783
35.8176
35.8643
35.9673
36.008
36.0627
36.1291
36.1931
36.2392
36.2737
36.3404
36.3638
36.4556
36.4715
36.452
36.4911
36.5415
36.5917
36.6606
36.6561
36.6849
36.6771
36.7497
36.7955
36.7712
36.8147
36.842
36.8111
36.7723
36.7461
36.659
36.606
36.5492
36.3888
36.3114
36.2211
36.1791
36.0861
36.0205
35.9681
35.9189
35.8776
35.8196
35.6672
35.6153
35.5548
35.4605
35.3277
35.266
35.1542
35.1267
35.0509
35.0061
34.9109
34.8929
34.8778
34.8195
34.7264
34.6685
34.6059
34.5557
34.4728
34.4609
34.3301
34.256
34.1851
34.1328
34.0424
33.9473
33.8381
33.7846
33.7165
33.6146
33.5076
33.4448
33.3649
33.3775
33.3102
33.2556
33.165
33.1004
33.043
32.9779
32.9298
32.8451
32.8272
32.7746
32.7182
32.6518
32.6371
32.6163
32.5559
32.494
32.4588
32.3564
32.2436
32.2107
32.1862
32.1084
32.0517
