2744.0
2744.0
2754.1263
2761.1621
2770.6773
2772.9321
2771.5246
2776.4618
2776.9755
2771.0318
2767.3409
2762.0412
2758.3911
2754.1482
2747.7426
2739.3433
2731.9772
2719.3901
2709.7628
2701.0589
2690.3073
2678.5915
2662.2478
2645.9448
2633.608
2613.6927
2600.3447
2582.0256
2565.3584
2549.0939
2528.1289
2510.4663
2493.9124
2472.7417
2455.2469
2436.12
2416.8238
2396.7761
2378.4176
2355.6839
2337.3333
2317.3489
2297.3049
2276.0234
2257.3572
2234.5071
2212.8082
2194.0211
2173.7066
2150.1753
2128.4031
2106.4074
2083.7366
2064.8231
2045.2282
2027.8298
2008.1438
1991.4364
1976.122
1958.3551
1940.5455
1920.4585
1902.4385
1884.9321
1865.6313
1848.327
1832.7998
1813.8913
1797.0611
1780.5239
1765.0198
1745.6613
1727.7422
1710.3057
1694.7935
1680.1962
1662.593
1645.9053
1630.6395
1612.3919
1595.5277
1578.8333
1559.8026
1542.2808
1526.5711
1510.7745
1496.3836
1481.6514
1465.1941
1448.465
1433.4298
1418.7954
1405.1709
1392.348
1376.2375
1362.4825
1348.8792
1333.3343
1318.3859
1301.8398
1286.0275
1271.8103
1257.8898
1242.909
1229.769
1214.8509
1199.6207
1185.3775
1171.2038
1155.8806
1142.1875
1128.1429
1113.5919
1100.0838
1085.2809
1070.4828
1058.2647
1044.4422
1031.7175
1017.788
1005.3877
992.8882
979.7124
966.2218
953.7349
943.8474
931.9266
919.3394
906.9472
894.5367
883.1455
870.1695
859.8779
848.6204
837.7036
826.7278
815.6748
805.4494
794.2453
781.3366
769.2893
758.9704
748.6391
737.2482
726.6321
717.7718
707.2832
697.7599
688.6043
677.3896
666.3824
656.6975
646.9727
637.5678
627.9957
618.3378
609.7602
600.4358
591.7712
583.052
574.2126
563.741
554.8471
545.8306
537.8158
529.4354
521.2423
512.8129
504.3654
496.9473
489.7191
483.2728
475.0716
466.9857
459.6083
452.3826
445.9052
439.9555
433.8665
427.8462
421.2582
414.7718
408.6083
401.3595
394.2811
388.3231
382.2414
377.605
372.5803
367.0371
361.0399
355.6771
349.8468
344.682
338.8471
333.5414
328.8158
323.777
318.9211
314.4643
