32768.0
32768.0
32735.7316
32702.809
32676.3289
32640.6094
32611.7621
32588.256
32563.8382
32525.8312
32501.8856
32476.9017
32453.9717
32425.0559
32401.0035
32373.9784
32348.2453
32321.786
32290.2383
32264.5568
32246.0856
32233.8282
32215.8521
32192.2882
32174.078
32157.7957
32132.7336
32115.7173
32095.1495
32074.3944
32065.7495
32041.5229
32020.0758
31989.651
31976.4118
31955.6015
31934.9961
31916.5314
31896.4358
31874.9088
31849.6066
31832.0369
31809.5134
31792.21
31778.2647
31756.3379
31734.584
31719.6911
31703.279
31688.0211
31667.3185
31647.9614
31624.5841
31601.7392
31571.8698
31527.5999
31472.8167
31430.1894
31384.5258
31329.5097
31284.8465
31238.5074
31196.6669
31149.5394
31095.9841
31047.0852
30995.157
30953.6535
30907.7898
30855.492
30810.4362
30761.5532
30715.731
30662.8841
30610.3379
30566.277
30521.5356
30473.7764
30427.0139
30371.1764
30328.8267
30282.2793
30237.2896
30181.5158
30135.5145
30084.0356
30038.6385
29992.6251
29948.9341
29905.0615
29855.2791
29815.4894
29782.6568
29729.892
29678.0039
29637.1563
29585.2851
29534.9776
29487.5188
29444.6618
29399.1365
29362.4036
29314.364
29271.6877
29228.8069
29190.4678
29143.7415
29103.813
29057.4862
29014.0507
28971.1694
28920.4418
28879.6317
28839.0752
28794.9743
28759.6123
28723.7108
28680.4447
28628.2876
28594.0551
28547.6545
28501.6509
28457.3656
28412.6192
28372.8125
28330.1108
28284.7878
28249.6247
28239.7643
28237.7879
28240.0798
28242.7646
28246.2055
28253.055
28258.2311
28262.9617
28265.0585
28276.7216
28278.48
28292.3029
28298.2914
28311.9881
28321.221
28335.128
28339.9287
28336.0406
28344.7597
28352.1655
28361.1941
28365.9593
28366.7912
28373.2962
28377.2258
28385.237
28388.2776
28394.253
28404.8863
28406.9319
28415.7926
28417.5638
28433.4125
28440.9888
28441.6266
28448.7132
28453.7801
28465.3372
28471.5051
28476.2521
28480.6847
28479.5079
28487.9732
28493.6577
28493.4632
28495.2054
28501.024
28498.1917
28511.2078
28518.5621
28533.0742
28540.3634
28545.3297
28554.3252
28562.4243
28569.0032
28573.2257
28583.3238
28582.1987
28584.5043
28583.7301
28580.7775
28584.6458
28586.9527
28595.6055
28599.5504
28606.5242
28606.1562
28613.0309
28620.9299
28621.9838
28625.4956
