17.0
17.0
16.896699999999992
16.79999999999992
16.698599999999917
16.602699999999967
16.497500000000098
16.39790000000012
16.304600000000026
16.204899999999984
16.1006999999999
16.005999999999997
15.9025
15.8009
15.703199999999997
15.5992
15.4947
15.392500000000004
15.295500000000002
15.196599999999997
15.092999999999995
14.994399999999994
14.8925
14.791099999999995
14.692900000000003
14.594699999999994
14.496
14.393699999999988
14.291700000000011
14.193999999999994
14.100200000000003
13.993100000000013
13.896699999999989
13.797999999999988
13.701399999999994
13.600599999999977
13.500099999999994
13.402100000000008
13.30339999999999
13.207899999999993
13.107500000000023
13.005100000000041
12.908000000000023
12.809099999999969
12.713300000000002
12.614999999999974
12.518499999999998
12.422299999999952
12.318999999999985
12.221799999999956
12.117199999999958
12.010099999999982
11.912799999999988
11.817299999999994
11.717200000000025
11.619499999999965
11.524299999999986
11.429300000000014
11.329899999999999
11.23470000000002
11.142099999999976
11.050799999999976
10.957299999999954
10.86720000000001
10.769899999999993
10.673999999999985
10.581899999999987
10.489699999999983
10.39519999999999
10.304900000000023
10.20970000000001
10.117900000000027
10.022499999999999
9.925499999999973
9.833099999999932
9.741000000000012
9.64740000000005
9.552700000000026
9.45730000000006
9.363000000000026
9.265099999999991
9.16819999999999
9.075399999999993
8.979499999999975
8.887200000000037
8.790899999999954
8.699900000000003
8.607500000000035
8.51920000000011
8.423699999999938
8.327999999999971
8.23389999999996
8.140900000000068
8.048300000000056
7.9488
7.8559
7.7605
7.665700000000005
7.571000000000006
7.478400000000008
7.388299999999994
7.295700000000009
7.2031999999999865
7.105299999999991
7.013299999999997
6.9251999999999985
6.831699999999988
6.736199999999994
6.6472000000000016
6.559100000000007
6.460199999999976
6.369399999999984
6.276999999999984
6.186700000000012
6.100199999999999
6.011399999999986
5.922099999999984
5.834999999999998
5.746700000000009
5.660100000000003
5.57359999999999
5.4862000000000055
5.399800000000009
5.30739999999999
5.218799999999996
5.137200000000008
5.052599999999994
4.973500000000002
4.901199999999985
4.836800000000001
4.777000000000015
4.724399999999997
4.6740999999999895
4.625600000000004
4.574799999999999
4.530999999999999
4.4875000000000185
4.442999999999996
4.401700000000015
4.359000000000002
4.315800000000031
4.272899999999989
4.234800000000006
4.192699999999989
4.152399999999981
4.112899999999999
4.0698999999999765
4.028200000000011
3.9905999999999957
3.9484
3.906399999999999
3.8638999999999983
3.8241999999999994
3.7846000000000006
3.7504
3.707
3.6671
3.6308000000000007
3.5932999999999984
3.558300000000003
3.5194000000000027
3.480899999999997
3.4431999999999956
3.405699999999999
3.3638000000000043
3.3283999999999963
3.293699999999997
3.259999999999996
3.225500000000004
3.1902999999999984
3.157700000000003
3.123200000000004
3.087000000000002
3.0549000000000106
3.0193000000000105
2.9833000000000065
2.950799999999996
2.9115000000000033
2.87809999999999
2.8448999999999915
2.810400000000002
2.775900000000012
2.738299999999996
2.707499999999987
2.6730999999999963
2.6400000000000015
2.607000000000002
2.5795000000000012
2.5475
2.5177999999999945
2.4860000000000055
2.4550999999999963
2.426800000000009
2.3991000000000064
2.3722000000000016
2.3413999999999886
2.310499999999992
2.2790000000000017
2.250900000000001
2.2240000000000046
