0.0
0.0
3.99999999999999E-4
8.999999999999993E-4
0.0014000000000000006
0.0018000000000000004
0.002200000000000001
0.0025999999999999994
0.0035000000000000005
0.0037000000000000062
0.004599999999999984
0.005499999999999994
0.006200000000000011
0.0069000000000000025
0.00769999999999998
0.0087
0.009199999999999995
0.010399999999999967
0.01119999999999995
0.0119
0.012800000000000011
0.013500000000000017
0.014499999999999976
0.015299999999999984
0.016399999999999994
0.017100000000000025
0.01899999999999997
0.019800000000000064
0.02050000000000007
0.021300000000000055
0.022099999999999988
0.023500000000000017
0.024499999999999966
0.02539999999999999
0.02630000000000001
0.02669999999999997
0.027399999999999976
0.028999999999999984
0.029800000000000035
0.030500000000000027
0.03229999999999994
0.03370000000000004
0.03430000000000003
0.034800000000000116
0.03609999999999993
0.0373999999999999
0.038599999999999975
0.039600000000000087
0.040599999999999775
0.04209999999999996
0.04310000000000002
0.04499999999999997
0.04580000000000006
0.0469
0.04840000000000001
0.050099999999999936
0.051200000000000065
0.052000000000000046
0.053399999999999975
0.0553
0.056300000000000024
0.0578
0.0598
0.06230000000000015
0.06499999999999963
0.06719999999999975
0.06919999999999986
0.07090000000000028
0.07290000000000003
0.07590000000000001
0.07870000000000002
0.08040000000000008
0.08290000000000022
0.08539999999999975
0.08839999999999987
0.09000000000000005
0.09260000000000013
0.09490000000000007
0.09800000000000007
0.09979999999999994
0.10330000000000009
0.106
0.11000000000000004
0.1138
0.11719999999999997
0.11940000000000005
0.12319999999999995
0.12580000000000086
0.12909999999999983
0.13160000000000008
0.13510000000000044
0.13910000000000006
0.14330000000000032
0.14580000000000007
0.14830000000000013
0.15209999999999987
0.15479999999999983
0.15870000000000029
0.16290000000000054
0.16669999999999988
0.17090000000000047
0.17429999999999943
0.17800000000000063
0.1814999999999992
0.18589999999999993
0.18960000000000052
0.19270000000000026
0.19700000000000026
0.20119999999999957
0.20569999999999955
0.20889999999999992
0.2125
0.21800000000000014
0.22219999999999995
0.22589999999999968
0.22979999999999973
0.2355
0.24000000000000005
0.2447
0.24740000000000037
0.2508000000000002
0.2543000000000013
0.25849999999999806
0.26350000000000007
0.2689999999999993
0.2742000000000014
0.2779000000000007
0.28099999999999875
0.28599999999999975
0.2912999999999985
0.29430000000000056
0.2991000000000009
0.30320000000000025
0.30800000000000094
0.31179999999999963
0.3176999999999994
0.3232999999999991
0.32770000000000093
0.3316000000000006
0.3356000000000002
0.3413999999999989
0.3459000000000001
0.34919999999999984
0.3535000000000008
0.35839999999999944
0.3623000000000002
0.3666000000000003
0.3704000000000002
0.3750000000000008
0.3786999999999994
0.38250000000000034
0.38639999999999924
0.3908000000000005
0.39399999999999924
0.39750000000000024
0.4013999999999999
0.4055999999999993
0.40890000000000093
0.4117999999999991
0.41459999999999947
0.41849999999999943
0.4228000000000002
0.42600000000000093
0.4288999999999996
0.43339999999999945
0.4370000000000009
0.43949999999999984
0.4429
0.44580000000000075
0.4486000000000004
0.45210000000000017
0.45499999999999957
0.45829999999999954
0.4611000000000003
0.46489999999999965
0.4682999999999997
0.47029999999999983
0.47340000000000054
0.4764000000000004
0.4780000000000002
0.48190000000000016
0.48439999999999983
0.4873
0.49110000000000037
0.4944000000000002
0.49620000000000025
0.4986000000000021
0.5005000000000014
0.503500000000002
0.5060999999999957
0.5088999999999988
0.511400000000002
0.5140000000000009
0.516400000000002
0.5180999999999983
0.5197000000000015
0.5224000000000009
0.524500000000001
0.525800000000003
0.5283999999999979
