1.0
1.0
0.9768
0.9544
0.9334
0.9167
0.898
0.8773
0.8594
0.8449
0.8288
0.8124
0.7961
0.7797
0.7639
0.7523
0.7361
0.7222
0.7069
0.6913
0.6784
0.6659
0.6544
0.6419
0.629
0.6152
0.6034
0.5935
0.582
0.5721
0.5613
0.5514
0.5441
0.5331
0.5238
0.5126
0.5018
0.4925
0.4865
0.4798
0.4717
0.4645
0.4597
0.4527
0.446
0.4383
0.4334
0.426
0.4201
0.4117
0.4023
0.3953
0.3885
0.3833
0.3797
0.3749
0.3729
0.3708
0.3676
0.3669
0.3638
0.3598
0.3582
0.3566
0.3531
0.35
0.3507
0.3485
0.3478
0.3476
0.3463
0.3441
0.3424
0.3401
0.3378
0.3359
0.335
0.3318
0.3284
0.3264
0.324
0.3224
0.32
0.3181
0.3147
0.3154
0.3135
0.3119
0.3114
0.3104
0.311
0.3107
0.3085
0.3075
0.306
0.3052
0.305
0.3033
0.3023
0.3015
0.3017
0.3006
0.2973
0.296
0.2937
0.2924
0.2905
0.2878
0.2856
0.2825
0.281
0.2807
0.2784
0.279
0.2792
0.2767
0.2763
0.2752
0.2767
0.2753
0.2746
0.2723
0.2709
0.2722
0.2704
0.2695
0.2694
0.2693
0.2694
0.2687
0.2682
0.2685
0.2699
0.2699
0.2694
0.272
0.2725
0.2717
0.2707
0.2711
0.2732
0.2728
0.2723
0.2709
0.2712
0.2706
0.2705
0.2724
0.2733
0.2723
0.2719
0.2726
0.2745
0.2768
0.2762
0.2767
0.2767
0.2775
0.2785
0.2797
0.2806
0.282
0.284
0.2827
0.2838
0.284
0.2835
0.2846
0.2846
0.2859
0.2856
0.2842
0.2854
0.2852
0.2862
0.2864
0.2875
0.2885
0.2881
0.2888
0.2882
0.2888
0.289
0.2901
0.2915
0.2899
0.2912
0.2903
0.2921
0.2934
0.2917
0.2934
0.2938
0.2956
0.2956
0.2961
0.2964
0.2994
0.3005
0.3006
