8.0
8.0
9.1976
10.3618
11.5162
12.8057
14.0097
15.2471
16.6048
18.017
19.4597
20.9503
22.3294
23.8293
25.3324
27.0287
28.7532
30.465
32.3052
34.1326
35.8725
37.7532
39.665
41.5854
43.7474
45.8575
47.9188
50.1177
52.4753
55.1644
57.6097
60.2169
62.7059
65.3834
68.1692
70.5695
73.4739
76.4858
79.2972
81.9408
84.8577
87.7041
90.7154
93.5135
96.5961
99.5589
102.614
105.4937
108.3488
111.6371
115.0685
118.769
122.2628
125.9181
129.4451
133.7402
137.3492
141.6831
145.3615
149.5529
153.6003
158.0862
161.7126
165.3565
169.0898
173.1775
177.0517
181.2878
185.3284
189.3045
193.761
198.3598
202.7315
207.7169
211.8091
216.2472
220.4521
225.9486
229.9458
234.1961
238.6103
242.9359
247.1346
252.3526
256.944
261.4679
266.1178
271.2743
276.7896
281.6378
286.1956
291.5152
297.2892
302.6477
307.6822
312.9692
318.8691
323.7279
329.7251
335.9646
341.8437
348.3751
353.4919
359.0883
365.2053
370.9524
375.7083
381.0114
386.7932
392.8779
399.3393
405.648
411.1315
416.2573
422.9961
429.4266
436.0356
442.6805
449.671
456.5311
462.8974
470.1612
476.9248
483.0221
491.305
497.4086
503.65
509.9965
515.2608
519.2018
523.7286
527.2256
531.9342
537.4678
542.631
547.9487
553.0746
556.7309
561.9973
567.034
571.8331
575.9168
581.75
586.6213
589.9656
592.7187
597.2055
602.1282
606.7659
611.902
617.1806
621.6062
626.7955
631.623
634.916
638.5365
643.5049
648.7229
653.2829
659.8578
664.7091
671.4725
674.2105
678.9935
683.8913
689.5562
695.9108
701.7506
707.8782
715.0005
721.7332
727.5171
732.4503
739.4484
743.5282
749.6922
755.0293
761.7099
766.5731
772.0847
776.5785
783.2627
789.4243
795.3349
801.6563
808.4787
813.4658
820.115
826.5571
832.4042
837.1836
843.7514
851.0772
855.3403
861.6777
866.8686
873.305
881.1478
887.5254
891.8657
