1.0
1.0
0.9018
0.8013
0.7381
0.6819
0.6177
0.573
0.5404
0.4989
0.4679
0.4469
0.4334
0.4201
0.398
0.3909
0.386
0.3739
0.3526
0.3372
0.3365
0.3211
0.3307
0.329
0.3363
0.3334
0.32
0.3076
0.3093
0.3004
0.299
0.2994
0.2964
0.2919
0.3018
0.3117
0.3089
0.3106
0.314
0.3207
0.3225
0.3277
0.3331
0.344
0.3489
0.3762
0.3881
0.3958
0.3991
0.4033
0.4
0.4085
0.4227
0.4373
0.4506
0.4674
0.4786
0.4846
0.4922
0.4901
0.4944
0.4913
0.4921
0.5157
0.5234
0.5507
0.5623
0.5776
0.5867
0.581
0.5734
0.5571
0.5694
0.5661
0.5665
0.588
0.5902
0.5747
0.5514
0.5609
0.5536
0.5323
0.5426
0.5282
0.5292
0.5192
0.5131
0.5033
0.5017
0.4967
0.4988
0.4914
0.4731
0.466
0.4616
0.4698
0.4709
0.4668
0.4605
0.458
0.4483
0.4333
0.4265
0.4203
0.4134
0.4288
0.4192
0.4147
0.4092
0.3978
0.3845
0.3861
0.3741
0.3685
0.352
0.3542
0.3516
0.3526
0.3384
0.3412
0.3277
0.313
0.3097
0.311
0.3014
0.2999
0.2922
0.2827
0.2934
0.2904
0.2968
0.3067
0.3184
0.326
0.3282
0.3497
0.3679
0.3868
0.4007
0.4161
0.426
0.4384
0.4562
0.4694
0.4828
0.5071
0.522
0.5332
0.5637
0.5758
0.581
0.6073
0.6151
0.6428
0.6643
0.6763
0.6951
0.7174
0.7235
0.7505
0.765
0.7931
0.8119
0.8308
0.8506
0.8819
0.9144
0.9343
0.939
0.9512
0.9709
0.9971
1.0204
1.0287
1.035
1.0683
1.0983
1.1261
1.1429
1.1666
1.1906
1.2212
1.25
1.2759
1.2826
1.3197
1.3518
1.3704
1.4021
1.4253
1.4593
1.4826
1.5134
1.5435
1.5709
1.5601
1.5837
1.5965
1.6067
1.6631
