144.0
144.0
142.0522
139.9285
137.9674
135.9998
134.1384
132.3409
130.3969
128.5006
126.7881
125.0706
123.4467
121.6481
119.9332
118.2375
116.5187
114.769
113.1114
111.4083
109.718
108.0937
106.5807
105.0239
103.4191
101.7989
100.2094
98.7638
97.3463
95.7727
94.2603
92.7086
91.2267
89.7052
88.4418
87.0298
85.5625
84.1368
82.7941
81.4425
80.1115
78.7816
77.443
76.127
74.7324
73.4851
72.3183
71.0377
69.8315
68.6133
67.4601
66.3927
65.2185
64.1024
63.0409
62.1569
61.2042
60.3174
59.4429
58.6416
57.8363
57.1111
56.2757
55.5467
54.7145
53.9317
53.2338
52.4626
51.7081
51.0255
50.3133
49.5446
48.8565
48.186
47.4745
46.7549
46.0854
45.3903
44.6983
44.0365
43.3191
42.6691
41.9915
41.3169
40.6157
39.943
39.3018
38.7324
38.0348
37.3947
36.7771
36.1815
35.6361
35.1007
34.4886
33.9427
33.3495
32.76
32.223
31.6663
31.1303
30.5968
30.0971
29.5962
29.0825
28.5787
28.0756
27.6048
27.1471
26.6753
26.2152
25.7651
25.2858
24.8576
24.4127
23.9704
23.5209
23.0926
22.6897
22.2346
21.7761
21.3657
20.9665
20.5873
20.221
19.862
19.5186
19.1731
18.817
18.5039
18.1564
17.8627
17.595
17.3147
16.9943
16.7228
16.4318
16.1815
15.9032
15.6451
15.3979
15.138
14.8853
14.6441
14.4137
14.1678
13.9563
13.7224
13.5165
13.2874
13.1044
12.9034
12.7043
12.5014
12.3069
12.1022
11.8877
11.6812
11.5009
11.3307
11.1503
10.9535
10.7742
10.5727
10.4229
10.2274
10.0461
9.8809
9.6916
9.5008
9.3183
9.1593
8.9821
8.8204
8.6866
8.5327
8.4043
8.2481
8.0937
7.9444
7.7881
7.6523
7.5201
7.3869
7.2566
7.1127
6.9729
6.8355
6.6987
6.5705
6.4536
6.3399
6.2179
6.1041
6.0035
5.8862
5.7762
5.6829
5.5931
5.4881
