81.0
81.0
82.153
83.2947
84.4167
85.5306
86.7265
87.9253
89.0911
90.2865
91.5604
92.6869
93.8697
95.0165
96.2316
97.2749
98.4984
99.8188
100.981
102.2344
103.3026
104.4433
105.614
106.9385
108.1296
109.3727
110.4266
111.6132
112.7798
113.9389
115.0689
116.1814
117.3566
118.5603
119.7749
120.9316
122.1145
123.2226
124.3675
125.7192
126.8196
128.1508
129.3624
130.6459
131.8196
132.9836
134.0829
135.1814
136.2135
137.4106
138.4838
139.7084
141.0532
142.2149
143.3773
144.5027
145.6288
146.7894
147.9423
149.0424
150.1786
151.3079
152.3256
153.3762
154.4817
155.5878
156.6951
157.6902
158.7196
159.6981
160.7963
161.8318
162.9829
163.9675
164.9697
166.0609
167.0921
168.1604
169.1467
170.1122
171.13
172.0352
173.0262
174.0
174.8484
175.8223
176.6554
177.5271
178.4707
179.3443
180.1973
181.0787
182.1356
183.0954
184.0237
185.0128
185.8476
186.7063
187.543
188.4057
189.2407
189.9964
190.8452
191.6794
192.4762
193.3296
194.1905
194.9525
195.6985
196.6146
197.4759
198.3412
199.1821
200.109
200.9994
201.7383
202.5101
203.2904
204.0308
204.8219
205.6074
206.3009
207.0408
207.8879
208.6112
209.2732
210.0858
210.8129
211.5494
212.2222
212.9476
213.6558
214.351
214.9005
215.5812
216.269
216.918
217.4845
218.2392
218.8959
219.5146
220.098
220.7442
221.3443
221.9722
222.5198
223.1782
223.7989
224.4857
225.07
225.7704
226.4782
227.0958
227.7305
228.2982
228.9687
229.5543
230.0536
230.5802
231.0451
231.617
232.1635
232.7661
233.4002
233.908
234.485
235.0249
235.5678
236.0512
236.5766
237.0672
237.5817
237.9994
238.4094
238.8588
239.3384
239.9629
240.4475
240.9458
241.407
241.8074
242.2692
242.6761
243.2006
243.5855
244.0368
244.5235
244.958
245.4215
245.9346
246.4116
246.873
247.2826
247.6296
248.013
248.5033
248.7792
249.2842
249.6724
250.0471
