9.0
9.0
9.05860000000004
9.116300000000043
9.172700000000013
9.228400000000047
9.288100000000005
9.347499999999986
9.404700000000018
9.46330000000003
9.52579999999999
9.58070000000002
9.638300000000019
9.693700000000003
9.752200000000007
9.801700000000016
9.859400000000038
9.922399999999929
9.977200000000003
10.035599999999977
10.085599999999943
10.137899999999963
10.191799999999988
10.252699999999978
10.3068
10.363299999999978
10.410999999999978
10.46520000000001
10.517399999999986
10.56909999999997
10.619700000000007
10.669000000000004
10.72080000000001
10.772899999999975
10.825699999999975
10.875999999999996
10.926899999999996
10.97480000000002
11.023300000000008
11.080600000000004
11.12740000000004
11.183200000000012
11.234399999999992
11.2887
11.337599999999956
11.385400000000008
11.430699999999993
11.476199999999979
11.518499999999976
11.568000000000017
11.611799999999999
11.662000000000031
11.716799999999992
11.764500000000007
11.81150000000002
11.857099999999987
11.903000000000002
11.949800000000028
11.995299999999995
12.039400000000015
12.08500000000001
12.12949999999998
12.169999999999991
12.211599999999992
12.256100000000005
12.299400000000015
12.342700000000017
12.38160000000003
12.42119999999999
12.459299999999999
12.50150000000001
12.541400000000012
12.586499999999964
12.624299999999986
12.662500000000005
12.70409999999996
12.743100000000029
12.784000000000004
12.821699999999966
12.857200000000018
12.895599999999996
12.92960000000002
12.966599999999982
13.002199999999995
13.033600000000007
13.070099999999991
13.100599999999988
13.133300000000006
13.168500000000005
13.201299999999977
13.232499999999987
13.2647
13.303199999999991
13.33859999999999
13.372700000000012
13.408599999999995
13.438999999999995
13.469299999999986
13.499199999999997
13.530300000000056
13.560499999999994
13.587999999999989
13.618400000000017
13.647599999999994
13.675600000000006
13.706000000000007
13.73690000000001
13.764300000000011
13.790899999999974
13.823400000000008
13.854500000000014
13.885200000000006
13.914500000000002
13.946800000000017
13.978200000000015
14.004500000000005
14.0313
14.058599999999988
14.08440000000001
14.112500000000006
14.140200000000018
14.1639
14.189599999999988
14.218899999999989
14.244200000000003
14.266800000000012
14.295400000000008
14.320500000000006
14.3458
14.369400000000024
14.394799999999982
14.41980000000002
14.443199999999994
14.462700000000012
14.486400000000003
14.510400000000011
14.5328
14.552099999999994
14.577800000000005
14.6007
14.622
14.641999999999994
14.663799999999982
14.6841
14.7046
14.723200000000006
14.745599999999994
14.766499999999988
14.789499999999986
14.8098
14.833199999999994
14.856800000000005
14.877800000000011
14.899300000000006
14.919000000000002
14.941099999999986
14.960899999999993
14.977799999999991
14.9954
15.0107
15.029399999999994
15.048299999999994
15.068099999999998
15.089400000000014
15.106600000000006
15.125599999999991
15.1439
15.161599999999996
15.177800000000007
15.195
15.2116
15.228500000000006
15.242800000000006
15.2566
15.271399999999995
15.287199999999997
15.307300000000005
15.3235
15.340599999999997
15.35580000000001
15.369
15.384200000000005
15.398099999999998
15.414799999999994
15.4273
15.4422
15.4581
15.4728
15.488100000000006
15.505
15.5208
15.535999999999994
15.5498
15.5616
15.573999999999996
15.590100000000003
15.5996
15.616000000000003
15.6286
15.6409
