0.0
0.0
0.0069999999999999785
0.010899999999999986
0.015200000000000003
0.017100000000000014
0.021500000000000002
0.023799999999999943
0.0292
0.03330000000000002
0.0355
0.03740000000000011
0.04180000000000003
0.04269999999999994
0.04320000000000017
0.0456999999999998
0.0480000000000001
0.05189999999999999
0.05480000000000002
0.05579999999999993
0.058500000000000274
0.059499999999999796
0.06260000000000028
0.06289999999999973
0.0648
0.06670000000000013
0.06800000000000013
0.06960000000000022
0.07170000000000004
0.07249999999999972
0.07299999999999986
0.07520000000000004
0.07369999999999988
0.07530000000000056
0.07659999999999971
0.07899999999999967
0.07960000000000039
0.07970000000000009
0.08050000000000021
0.08289999999999968
0.08360000000000037
0.08369999999999994
0.0866
0.08549999999999976
0.08599999999999995
0.0865000000000001
0.08919999999999985
0.08920000000000025
0.08810000000000018
0.08729999999999977
0.08730000000000011
0.08930000000000014
0.09200000000000014
0.09479999999999981
0.09719999999999981
0.09899999999999988
0.10339999999999987
0.10520000000000014
0.10870000000000002
0.11369999999999998
0.11429999999999996
0.11690000000000009
0.11970000000000004
0.12110000000000032
0.12100000000000055
0.1265000000000008
0.12929999999999978
0.13229999999999906
0.13360000000000025
0.1366000000000001
0.13809999999999972
0.1423000000000004
0.1446000000000013
0.14510000000000045
0.14880000000000015
0.14749999999999983
0.14840000000000045
0.14950000000000038
0.15189999999999995
0.15400000000000053
0.1584999999999998
0.16039999999999993
0.16300000000000014
0.1629
0.16320000000000084
0.1654000000000003
0.1704999999999997
0.16800000000000048
0.16820000000000082
0.16789999999999983
0.16799999999999973
0.16819999999999996
0.17330000000000065
0.17209999999999967
0.17470000000000036
0.1734999999999994
0.17679999999999949
0.17729999999999926
0.18080000000000063
0.1819000000000002
0.18300000000000058
0.18299999999999997
0.18479999999999921
0.18550000000000044
0.18729999999999974
0.18970000000000015
0.1905999999999998
0.19109999999999996
0.1905000000000003
0.19160000000000016
0.19310000000000027
0.19319999999999996
0.19310000000000024
0.1943000000000003
0.19500000000000003
0.19440000000000032
0.19699999999999993
0.19549999999999979
0.19579999999999967
0.19830000000000042
0.1994999999999995
0.20009999999999994
0.19949999999999982
0.19949999999999957
0.20289999999999983
0.20289999999999953
0.20590000000000008
0.2052999999999995
0.21020000000000036
0.2168000000000002
0.21980000000000008
0.2236000000000002
0.22960000000000008
0.2330000000000001
0.23800000000000004
0.24069999999999991
0.24700000000000083
0.24939999999999926
0.25249999999999884
0.2569999999999991
0.2578999999999998
0.2589000000000004
0.2605000000000008
0.26720000000000016
0.2729999999999992
0.27290000000000003
0.2747999999999978
0.27520000000000294
0.27830000000000177
0.283000000000001
0.28429999999999994
0.28790000000000077
0.290399999999999
0.2918999999999994
0.293499999999999
0.29760000000000025
0.2999999999999998
0.30100000000000043
0.30719999999999975
0.31059999999999977
0.31120000000000003
0.3107999999999994
0.31229999999999963
0.3151999999999996
0.3166000000000007
0.31630000000000036
0.31820000000000037
0.32050000000000045
0.32300000000000023
0.3231999999999994
0.3223000000000015
0.32569999999999855
0.3292000000000012
0.33570000000000044
0.33869999999999983
0.3393999999999998
0.3415999999999996
0.34149999999999925
0.3422000000000017
0.34449999999999964
0.34510000000000074
0.34659999999999913
0.35089999999999916
0.3487999999999994
0.35060000000000063
0.351400000000001
0.35249999999999904
0.35590000000000055
0.3555000000000005
0.35549999999999987
0.3583000000000006
0.3605000000000016
0.36079999999999957
0.36120000000000047
0.35949999999999954
0.36230000000000034
0.3627000000000012
0.3627000000000002
0.3636999999999999
0.36170000000000047
