49.0
49.0
48.899300099985716
48.83473789458649
48.73303813740894
48.662619625767746
48.56977574632195
48.53335237823168
48.472218254535065
48.438794457934584
48.40508498785888
48.36966147693187
48.362376803313815
48.35394943579489
48.337094700757035
48.280674189401516
48.23468075989145
48.19368661619769
48.21925439222968
48.28938723039566
48.296100557063276
48.33538065990573
48.3573775174975
48.34109412941008
48.38594486501928
48.42236823310956
48.55149264390801
48.597057563205254
48.71089844307956
48.76474789315812
48.82516783316669
48.9535780602771
49.051992572489645
49.192401085559204
49.25396371946865
49.390944150835594
49.59120125696329
49.69775746321954
49.81945436366233
49.92515354949293
50.0528495929153
50.272961005570636
50.45122125410656
50.58548778745894
50.81188401656906
50.93443793743751
51.089987144693616
51.21111269818597
51.332095414940724
51.486930438508786
51.60862733895158
51.83030995572061
52.01999714326525
52.199828595914866
52.278245964862165
52.39994286530496
52.487930295672044
52.55163548064562
52.69475789172975
52.81674046564776
52.920154263676615
52.999285816311954
53.03413798028853
53.08084559348664
53.15897728895872
53.24567918868733
53.314383659477215
53.39208684473647
53.451506927581775
53.61891158405942
53.72203970861305
53.74589344379375
53.761891158405945
53.8317383230967
53.919440079988576
54.034423653763746
54.09841451221254
54.141265533495215
54.189830024282244
54.253249535780604
54.31338380231396
54.3380945579203
54.4423653763748
54.54720754177975
54.59648621625482
54.68990144265105
54.78603056706185
54.856449078703044
54.876017711755466
55.0097128981574
55.044993572346804
55.077703185259246
55.207256106270535
55.2821025567776
55.32981002713898
55.352806741894014
55.352806741894014
55.446507641765464
55.5576346236252
55.55792029710042
55.59520068561634
55.71561205542066
55.749607198971574
55.757034709327236
55.726181974003715
55.69475789172975
55.726467647478934
55.83945150692758
55.8958720182831
55.92172546779032
55.95714897871733
56.036566204827885
56.05827738894444
56.05113555206399
56.0464219397229
56.17297528924439
56.23896586201971
56.25667761748322
56.22211112698186
56.26196257677475
56.28467361805456
56.30738465933438
56.365662048278814
56.401228395943434
56.51378374517926
56.47850307098986
56.477503213826594
56.46093415226396
56.449078703042424
56.43293815169262
56.3606627624625
56.28481645479217
56.29310098557349
56.32795314955006
56.25982002571061
56.26039137266105
56.2115412083988
56.192543922296814
56.10141408370233
56.06656191972576
56.03328095986288
56.01299814312241
56.0097128981574
56.05427796029139
56.12269675760606
56.10455649192973
56.113269532923866
56.034709327238964
56.10612769604342
56.167261819740034
56.205256391944005
56.10912726753321
56.19654335094987
56.22682473932296
56.26267676046279
56.31038423082417
56.36623339522925
56.40694186544779
56.38394515069276
56.43293815169262
56.439080131409796
56.45879160119983
56.443508070275676
56.47050421368376
56.438508784459366
56.416226253392374
56.438365947721756
56.456649050135695
56.515354949292956
56.53620911298386
56.551064133695185
56.57663190972718
56.61576917583202
56.66847593200971
56.682759605770606
56.73789458648764
56.75074989287245
56.82731038423083
56.84430795600628
56.774746464790745
56.76789030138551
56.7451792601057
56.80917011855449
56.804885016426226
56.79874303670904
56.82888158834452
56.90358520211398
56.92958148835881
56.953292386801884
57.01342665333524
57.01614055134981
57.024425082131124
57.0304242251107
57.09370089987145
57.21125553492358
57.163833738037425
57.26167690329953
57.31024139408656
57.3686616197686
57.39208684473647
