216.0
216.0
219.1128
221.8293
224.266
226.3111
228.6426
231.366
233.7575
236.6231
239.7506
242.7047
245.4934
248.7199
252.0441
255.0116
258.6303
262.0037
264.5438
268.0955
270.7974
274.2883
277.7276
281.3671
284.8492
288.4406
292.0569
295.7869
299.6883
302.9421
306.4763
310.6653
315.2189
318.6637
322.5277
325.5435
329.8595
334.2254
338.75
343.9565
348.685
353.8148
358.36
362.9286
367.3128
372.1054
376.6316
381.9502
385.8115
389.8141
394.6389
399.5979
404.0814
409.8557
415.7998
421.658
428.421
435.1355
440.8994
447.4945
453.956
460.7352
467.4487
473.0022
479.2764
485.8805
492.2049
499.6878
505.9645
512.089
518.9479
525.2963
532.199
538.5423
545.2821
552.4232
558.5842
563.5844
570.6975
575.9575
582.62
588.3091
594.5172
600.3076
606.2726
612.3159
618.4929
624.6939
631.4192
637.6987
644.0108
649.5096
655.9421
661.7768
667.6297
673.7588
680.6318
687.8839
693.8791
699.6769
704.7963
712.0261
717.4796
724.1492
730.5209
737.09
744.0131
752.0853
758.8638
767.117
773.6986
779.0698
785.4504
792.7306
799.6489
806.6188
813.8738
819.7091
826.3727
832.7704
839.8397
846.6199
853.1596
860.1168
867.2298
872.3521
879.7251
884.8289
888.5674
891.5192
894.242
897.6618
899.6207
901.7797
905.3926
907.1397
908.1039
910.8905
912.7922
913.4169
914.0972
914.5635
916.3776
918.2947
919.8446
921.3282
921.3634
922.8037
924.4984
926.6338
926.5611
927.4772
927.9413
930.053
930.8529
932.193
933.8941
937.0708
939.0323
939.9416
942.5981
941.9065
942.2148
942.6758
942.5384
942.8454
943.3576
944.8383
947.6208
948.8341
950.052
950.0519
950.9749
951.1585
949.2998
948.7061
949.0007
949.6383
950.8121
950.5103
950.6336
951.5046
953.659
954.3414
954.0161
954.4802
954.5391
954.4287
957.2453
958.21
958.9445
960.401
960.9094
961.0578
961.3997
961.4821
961.6774
962.8016
962.4832
964.1176
