14.0
14.0
13.990200000000018
13.981499999999977
13.96599999999997
13.95489999999997
13.933999999999983
13.918199999999993
13.8961
13.875599999999988
13.845800000000024
13.820399999999989
13.794499999999994
13.760999999999994
13.723400000000028
13.6893
13.656699999999994
13.6207
13.585
13.546599999999959
13.508499999999982
13.466799999999994
13.423999999999994
13.387999999999996
13.345299999999991
13.297000000000015
13.247099999999977
13.203999999999994
13.150799999999983
13.101899999999977
13.061800000000012
13.003899999999998
12.949100000000021
12.901400000000022
12.846500000000006
12.79720000000003
12.73929999999998
12.683699999999993
12.633500000000037
12.576799999999995
12.510200000000001
12.452500000000034
12.387499999999964
12.330200000000012
12.259799999999995
12.196599999999972
12.137299999999973
12.08309999999999
12.025200000000032
11.962800000000005
11.903800000000002
11.846699999999995
11.785699999999997
11.718399999999983
11.658599999999991
11.605699999999997
11.553099999999999
11.506300000000007
11.453699999999982
11.402899999999974
11.351299999999995
11.302699999999993
11.254199999999992
11.210799999999992
11.162200000000041
11.108100000000007
11.053499999999982
10.99509999999996
10.945099999999979
10.892099999999989
10.83860000000002
10.785600000000015
10.731599999999986
10.676999999999994
10.623599999999998
10.568000000000055
10.509900000000068
10.45689999999999
10.396900000000047
10.343000000000005
10.292099999999941
10.23720000000002
10.17839999999997
10.127300000000007
10.069299999999993
10.01759999999998
9.959899999999987
9.90439999999996
9.850500000000002
9.79999999999999
9.742000000000015
9.689000000000046
9.63739999999998
9.57919999999998
9.525300000000005
9.471000000000027
9.415699999999974
9.35320000000003
9.297999999999977
9.244299999999983
9.184799999999957
9.123899999999995
9.064399999999932
9.00750000000001
8.946999999999987
8.891800000000023
8.835400000000021
8.783899999999973
8.72510000000001
8.667
8.609200000000001
8.553300000000046
8.494799999999994
8.438299999999982
8.376299999999938
8.324700000000059
8.271800000000013
8.214700000000011
8.152599999999975
8.091300000000057
8.03749999999997
7.9805000000000055
7.923999999999999
7.8683
7.8171
7.752100000000003
7.698599999999998
7.6408
7.5853999999999955
7.527
7.475799999999997
7.4226
7.367300000000003
7.314200000000001
7.265399999999994
7.213699999999994
7.1596
7.1046000000000085
7.0518
6.993800000000003
6.9455000000000116
6.883399999999994
6.82719999999999
6.773500000000006
6.720899999999994
6.666999999999999
6.616299999999997
6.567
6.511599999999992
6.459599999999995
6.405600000000003
6.352899999999978
6.300500000000012
6.251300000000003
6.198599999999987
6.145999999999994
6.0954999999999915
6.052999999999994
5.998400000000007
5.948400000000005
5.901199999999995
5.846699999999978
5.7968999999999875
5.751800000000002
5.702300000000022
5.656800000000004
5.604500000000007
5.557000000000001
5.5103
5.469500000000002
5.417399999999989
5.367600000000013
5.322400000000002
5.267299999999987
5.223100000000006
5.179000000000017
5.1380000000000035
5.098099999999993
5.04960000000001
5.002499999999994
4.957599999999988
4.908199999999994
4.859399999999999
4.815200000000019
4.771299999999985
4.722900000000012
4.675099999999998
4.629399999999988
4.5884999999999945
4.542200000000009
4.502599999999993
4.456000000000012
4.415099999999984
4.372500000000024
4.332100000000013
4.2906
4.2534000000000205
4.214899999999993
4.175100000000016
4.134000000000004
