100.0
100.0
100.56247160381645
101.2916855974557
102.01226715129486
102.64606996819627
103.45661063153112
104.18491594729669
104.6365288505225
105.12585188550659
105.87233075874603
106.46342571558382
107.19309404815992
107.85688323489323
108.48977737392094
109.08087233075875
109.79009541117674
110.66651522035438
111.40935938209904
112.09495683780099
113.0077237619264
113.60018173557474
114.15538391640163
114.86415265788278
115.75374829622899
116.4466151749205
117.1163107678328
117.85779191276693
118.27442071785552
119.21626533393912
119.89232167196728
120.53066787823717
121.22944116310768
122.06042707860064
122.78600636074512
123.45524761472058
124.36665152203544
125.20308950477056
125.91094956837802
126.68241708314403
127.41526578827805
128.2644252612449
129.04770558836893
129.7741935483871
130.51476601544752
131.4952294411631
132.04225352112675
132.56247160381645
133.2199000454339
134.03498409813722
134.86415265788278
135.61653793730122
136.50068150840528
137.2298955020445
138.03952748750567
138.7546569741027
139.33075874602454
140.08405270331667
140.82053611994547
141.26033621081328
142.094956837801
142.79463880054521
143.66833257610176
144.54429804634256
145.13902771467514
145.71376646978646
146.38028169014083
146.82644252612448
147.40527033166742
148.14584279872784
148.5124943207633
149.2394366197183
150.05951840072694
150.72921399363926
151.7510222626079
152.25715583825533
152.7896410722399
153.54929577464787
154.30531576556112
155.0299863698319
155.82780554293504
156.49568378009997
157.17446615174921
157.7287596547024
158.33939118582464
158.92821444797818
159.43207632894138
160.05860972285325
160.7751022262608
161.38346206269878
161.87051340299863
162.44298046342573
163.26306224443434
163.7260336210813
164.29713766469786
165.03407542026352
165.75238527941843
166.35029532030896
167.04997728305315
167.50522489777373
168.32803271240346
169.11585642889597
169.81781008632439
170.60427078600637
171.15720127214902
171.77146751476602
172.6251703771013
173.46115402089958
174.06996819627443
174.67969104952294
175.35256701499318
176.02271694684234
176.7432985006815
177.62835074965923
178.45524761472058
179.30849613811904
180.03816447069514
180.55202180826896
181.11313039527488
181.81553839164016
182.68287142208086
183.7296683325761
184.53157655611085
185.2798727850977
185.9904588823262
186.6288050885961
187.2653339391186
188.25624716038163
189.20218082689686
190.2548841435711
191.30985915492957
192.18355293048614
192.81462971376646
193.6510676965016
195.05452067242163
195.67560199909133
196.75420263516583
197.8314402544298
199.0145388459791
200.00545206724217
201.2916855974557
202.1567469332122
203.1385733757383
204.4943207632894
205.50704225352112
206.27850976828714
206.93366651522035
207.7392094502499
208.6133575647433
210.03271240345296
210.93457519309405
211.86188096319856
213.1444797819173
214.0104497955475
215.1694684234439
216.37755565651977
217.4234438891413
218.81372103589277
219.94956837800999
221.41526578827805
222.33212176283507
223.2094502498864
224.5143116765107
225.6365288505225
227.08087233075875
228.13539300318038
229.39663789186733
230.91094956837802
231.96047251249433
233.10131758291686
234.65651976374374
236.06406179009542
237.13039527487507
237.93094048159927
239.39482053611994
240.5065879145843
241.44525215810995
242.65061335756474
243.66924125397546
245.1154020899591
246.58791458427987
248.0358927760109
249.38891412994093
250.85415720127216
252.10086324398
253.26715129486598
254.1154020899591
255.29759200363472
256.6846887778283
258.3225806451613
259.5879145842799
260.79509313948205
262.335302135393
263.23989095865517
264.4961381190368
265.86415265788276
266.73966378918675
268.22944116310765
269.3448432530668
270.804179918219
