9.0
9.0
8.9221
8.842
8.7702
8.6722
8.608
8.5533
8.4667
8.4121
8.3253
8.283
8.2388
8.1916
8.1308
8.0569
8.0067
7.9426
7.8976
7.8525
7.8191
7.749
7.713
7.6884
7.6489
7.6191
7.5943
7.5794
7.5444
7.5259
7.5129
7.4776
7.4439
7.4294
7.4204
7.4266
7.4157
7.3812
7.3579
7.3368
7.3159
7.2941
7.2653
7.2413
7.2226
7.2007
7.1872
7.1688
7.1652
7.14
7.14
7.142
7.1318
7.1019
7.0998
7.109
7.1196
7.1212
7.1276
7.1391
7.1505
7.1564
7.1681
7.1798
7.1977
7.2094
7.2095
7.2305
7.2499
7.2592
7.282
7.267
7.2801
7.2733
7.2806
7.2934
7.3084
7.3507
7.3762
7.3939
7.412
7.4389
7.4692
7.4722
7.4942
7.5033
7.528
7.5464
7.5671
7.5855
7.6015
7.6052
7.6005
7.6403
7.6821
7.7031
7.7071
7.7486
7.7702
7.788
7.8103
7.8254
7.8475
7.8734
7.904
7.9416
7.9688
7.9861
7.9985
8.0322
8.059
8.1085
8.1346
8.1575
8.1948
8.2208
8.2322
8.2397
8.2559
8.2699
8.2811
8.3137
8.351
8.3835
8.4082
8.4105
8.4077
8.4172
8.4238
8.4472
8.4618
8.4443
8.4596
8.4912
8.5008
8.502
8.5172
8.5161
8.509
8.5227
8.5184
8.5277
8.5269
8.5465
8.5517
8.5716
8.5792
8.5766
8.5803
8.5698
8.5758
8.5724
8.586
8.5844
8.6032
8.5956
8.5837
8.5945
8.6061
8.6018
8.5986
8.6074
8.6183
8.6406
8.6348
8.6303
8.6206
8.6168
8.6183
8.639
8.6251
8.6312
8.632
8.6521
8.6348
8.6507
8.6527
8.6563
8.645
8.6608
8.6445
8.6455
8.6362
8.6404
8.637
8.6089
8.6118
8.6196
8.6377
8.6279
8.6516
8.642
8.6392
8.6463
8.6542
8.6453
8.6538
8.6335
8.652
8.6641
