729.0
729.0
740.1647985458952
750.0145410481672
759.9321417752196
768.4868221750985
777.0814904574371
788.3183883671614
796.821569221448
804.430778551954
812.5634656164799
822.710087852166
832.5601332929415
839.9897000908816
848.8424719781884
858.2075128748864
866.9575886095123
872.3335352923357
880.0060587700697
887.1796425325659
895.9263859436535
904.9978794304756
913.2774916691911
920.2653741290518
928.3435322629506
934.8324750075734
942.1142078158134
950.7609815207513
958.3435322629506
966.0408966979703
974.7521963041503
979.4850045440776
984.3601938806422
990.281126931233
997.5543774613753
1002.4229021508634
1005.2596182974856
1012.5489245683126
1020.2311420781581
1026.7040290820964
1034.4344138139957
1038.1532868827628
1045.9748561042109
1049.470766434414
1058.9269918206603
1066.9288094516812
1075.7515904271434
1083.701302635565
1090.6964556195092
1098.551045137837
1106.2508330808846
1110.8488336867615
1115.9915177219025
1119.7091790366555
1125.5783096031505
1130.9566797940017
1134.1796425325658
1138.5843683732203
1145.4065434716751
1148.4116934262345
1152.1111784307786
1154.8188427749167
1159.0048470160557
1166.0433202059983
1170.393214177522
1175.1699485004544
1180.887912753711
1186.9775825507422
1190.9933353529234
1197.654347167525
1200.4577400787641
1205.2708270221144
1208.7546198121781
1215.5877006967585
1221.8709481975159
1228.9176007270523
1233.1832777946076
1240.8030899727355
1246.2390184792487
1252.1235989094214
1262.7149348682217
1271.702514389579
1275.7791578309602
1285.0342320508937
1291.109057861254
1296.437140260527
1303.6900939109362
1308.7428052105422
1317.326264768252
1328.0881551045138
1334.9972735534686
1345.1460163586792
1350.9076037564375
1363.0857315964859
1370.4074522871856
1380.3601938806423
1389.4268403514086
1394.9860648288397
1405.4428960920934
1415.0717964253256
1421.4338079369888
1434.7897606785823
1443.2344744016964
1450.8612541654045
1459.7855195395334
1463.9100272644653
1472.139654650106
1481.6710087852166
1484.8903362617389
1494.5652832475007
1500.7979400181764
1508.6797940018175
1519.2362920327173
1525.589821266283
1534.7712814298698
1545.1775219630415
1551.8848833686761
1561.5001514692517
1571.9651620720995
1583.290518024841
1593.6916086034535
1602.3323235383218
1610.7128142986974
1622.176613147531
1634.8255074219933
1642.9675855801272
1652.698879127537
1660.2284156316268
1678.157225083308
1692.8103604968192
1710.9760678582247
1725.9503180854288
1742.7143289912149
1759.9860648288397
1780.4662223568616
1797.1257194789457
1815.4062405331717
1832.2162980914875
1849.430778551954
1864.7428052105422
1881.616176916086
1898.5016661617692
1914.1775219630415
1930.9833383823084
1948.355043926083
1967.0021205695243
1984.0257497727962
2002.3044531960013
2019.214177521963
2037.5446834292638
2057.643138442896
2075.964253256589
2098.8712511360195
2114.0902756740384
2131.7197818842774
2149.828233868525
2163.820963344441
2177.6395031808543
2193.5025749772794
2208.0890639200243
2227.81217812784
2246.626173886701
2263.579218418661
2283.532868827628
2295.458345955771
2311.788548924568
2326.8255074219933
2346.116934262345
2359.1844895486215
2377.0805816419265
2389.451378370191
2401.6504089669797
2419.170857315965
2434.9721296576795
2457.71826719176
2473.277491669191
2488.255983035444
2506.285065131778
2523.730081793396
2539.1223871554075
2557.8342926385944
2576.169039684944
2595.7291729778854
2611.1326870645257
2630.4086640411997
2649.830960315056
2667.6001211754015
2686.6891850954257
2702.893365646774
2713.4480460466525
2731.5355952741593
2750.806422296274
2763.9666767646168
2783.9088155104514
2804.841563162678
2822.014238109664
2832.3817025143894
2852.5840654347166
2863.5207512874886
2876.5216601029992
