289.0
289.0
291.5922
294.1697
296.9349
299.4284
302.3182
305.0408
307.6579
310.1955
312.9085
315.7216
318.2611
320.9487
323.5074
325.9324
328.6802
331.3896
334.057
336.9352
339.4851
342.2995
344.9666
347.805
350.6834
353.7611
356.4508
359.5992
362.1393
364.9552
367.6
370.3538
373.1788
376.2169
378.9968
381.82
384.6065
387.4487
390.5299
393.4205
396.5078
399.5126
402.4445
405.3453
407.954
411.0251
413.829
416.8362
419.866
422.8816
425.7196
428.4141
431.5902
434.5575
437.0216
439.0406
441.0824
442.7973
444.6136
446.6517
448.5887
450.5371
452.6399
454.7684
456.9466
458.909
460.875
462.436
464.6266
466.7377
468.7721
470.5276
472.7598
474.7206
476.9411
478.8061
480.8288
482.6053
484.7713
486.8228
488.7963
490.8159
492.7689
494.707
496.6791
498.6443
500.5649
502.559
504.3551
506.1949
508.1851
510.0356
511.9488
513.8908
515.7705
517.406
519.2132
521.1215
523.0131
525.0619
526.8707
528.7952
530.6212
532.4956
534.2793
536.0558
537.864
539.6287
541.6382
543.5933
545.5368
547.5009
549.5778
551.4579
553.1873
554.8175
556.7056
558.6153
560.4612
562.4696
564.6101
566.4037
568.4906
570.4735
572.2583
573.8448
575.482
577.1395
579.4143
581.6602
584.0146
586.4965
588.7505
590.8334
593.3365
595.8725
597.934
600.2854
602.5174
604.713
607.0494
609.382
611.4673
614.0019
616.2916
618.6923
621.0077
623.1714
625.5252
627.63
629.9292
632.333
634.6608
637.0078
639.271
641.5901
644.2512
646.5185
648.733
651.0429
653.6628
655.9163
658.1656
660.2526
662.3907
664.7761
667.4353
669.8881
672.05
674.1328
676.3355
678.6116
680.9421
683.3733
685.7145
688.0339
690.3313
692.5011
694.8178
697.09
699.4625
701.3198
703.5506
705.9952
708.1458
710.5411
713.0
715.2224
717.4984
719.6042
721.7313
723.9214
726.194
728.4465
730.6172
732.8497
734.9356
736.9825
739.1394
741.0192
