36.0
36.0
36.2692
36.4929
36.6926
36.8467
37.0244
37.2498
37.4341
37.6705
37.937
38.1833
38.4104
38.6741
38.9589
39.2026
39.5139
39.7951
40.0136
40.2961
40.5042
40.7893
41.064
41.3659
41.6464
41.9404
42.2393
42.5359
42.8599
43.1493
43.4437
43.7807
44.1457
44.4265
44.7273
44.9813
45.3495
45.7096
46.0692
46.4909
46.8764
47.285
47.634
47.9918
48.3312
48.7072
49.0614
49.469
49.7621
50.0639
50.4197
50.7937
51.1278
51.5649
52.0106
52.4772
53.0276
53.5545
54.0052
54.5307
55.0464
55.569
56.0771
56.52
57.0136
57.5271
58.0149
58.58
59.0623
59.5236
60.0327
60.4947
60.9806
61.4491
61.9481
62.4588
62.8966
63.254
63.7457
64.1439
64.6194
65.0257
65.475
65.8788
66.2876
66.6977
67.1467
67.5789
68.043
68.4601
68.8936
69.2704
69.7143
70.1132
70.4877
70.9108
71.3788
71.8751
72.3007
72.6821
73.0245
73.5073
73.8796
74.3312
74.7687
75.209
75.6627
76.1699
76.6132
77.1432
77.5706
77.921
78.3248
78.7848
79.2105
79.6438
80.0956
80.4637
80.8895
81.2938
81.7215
82.1415
82.5318
82.9738
83.4228
83.7377
84.2147
84.5167
84.7198
84.8234
84.9202
85.0772
85.1497
85.2383
85.392
85.4355
85.4355
85.5025
85.562
85.5657
85.5484
85.5417
85.599
85.6719
85.6962
85.7194
85.669
85.7057
85.7686
85.821
85.7581
85.761
85.7373
85.82
85.8197
85.8628
85.9205
86.0504
86.1451
86.1582
86.2845
86.2211
86.1804
86.163
86.097
86.072
86.0506
86.1033
86.215
86.2261
86.2352
86.1805
86.1691
86.1231
85.9536
85.8643
85.8031
85.7537
85.7375
85.6699
85.6118
85.623
85.6904
85.6708
85.6205
85.6024
85.5477
85.5171
85.6237
85.6086
85.5829
85.6052
85.581
85.5508
85.5263
85.4907
85.4458
85.45
85.3834
85.4302
