4913.0
4913.0
4836.8587
4764.808
4689.1693
4617.7621
4542.3171
4470.6333
4401.5803
4332.2169
4265.0469
4198.9803
4128.548
4060.7201
3992.2608
3929.5969
3863.7457
3796.598
3735.2887
3674.8958
3617.8451
3558.5484
3494.9595
3437.4838
3380.7511
3324.6038
3267.043
3215.127
3160.5195
3105.4782
3050.4011
2997.5572
2943.071
2890.7414
2840.5216
2790.0642
2740.2668
2687.2579
2638.2579
2591.957
2542.4568
2495.5467
2449.9427
2406.3919
2358.7241
2314.4105
2270.9868
2228.1181
2188.349
2148.0893
2107.6938
2068.5459
2028.6341
1989.6558
1949.6464
1912.6596
1874.4974
1837.6831
1802.5462
1765.0492
1728.8958
1692.235
1658.6829
1625.0662
1589.8307
1556.3
1524.9209
1492.7828
1460.9876
1429.8329
1399.1323
1368.1048
1337.8156
1309.1896
1278.653
1251.5725
1225.6859
1199.6909
1173.4493
1148.2911
1124.2997
1098.5134
1072.6228
1046.857
1022.6817
998.8622
974.8478
953.0166
931.1626
909.9016
887.5174
867.6297
846.0355
825.6091
806.2075
786.8444
767.6082
748.1095
729.3454
711.3535
692.9148
675.9544
660.4664
643.4329
626.9996
611.0976
595.262
579.7973
564.4145
549.8525
535.3332
522.5158
508.73
496.3928
482.871
470.871
457.6445
445.2809
433.0065
421.3585
409.1662
397.6861
386.4395
376.0869
365.0712
355.5893
346.3756
337.3851
331.7765
326.4885
321.1119
316.0837
311.3651
306.333
302.1232
297.9626
293.7777
289.0871
284.234
279.2556
274.3899
270.0266
266.2361
262.541
258.3985
254.6337
250.6355
246.6804
242.9505
239.3876
235.5588
231.4317
228.1112
223.6598
220.62
217.0732
212.807
209.3936
206.4071
202.4504
199.3823
196.2339
192.9115
189.9983
186.9241
183.0114
180.0357
176.63
173.8931
171.2431
168.2716
165.2036
162.2658
159.7111
156.8767
154.6447
152.1364
149.4285
146.6397
144.4114
141.8836
139.368
136.6436
134.0909
131.7349
129.6447
127.3983
125.3105
123.248
121.1371
119.0617
116.711
114.7901
112.6329
110.6305
108.6022
106.3094
104.1344
102.203
100.3351
