1.0
1.0
0.9764
0.952
0.9298000000000004
0.9117000000000004
0.8917999999999996
0.869300000000001
0.8508000000000011
0.8346999999999986
0.8157999999999999
0.7984000000000003
0.7815000000000024
0.7647
0.7487000000000009
0.7353000000000011
0.7176999999999992
0.7032000000000005
0.686900000000001
0.6719000000000023
0.6582000000000013
0.6446999999999989
0.6313999999999982
0.6188999999999983
0.6053999999999996
0.5911999999999988
0.5789999999999994
0.5676999999999993
0.5553999999999975
0.545499999999999
0.5337000000000012
0.5224000000000029
0.514500000000003
0.5039000000000002
0.494
0.48339999999999983
0.4727999999999996
0.4635000000000002
0.4557000000000001
0.4477999999999998
0.4387
0.4307000000000005
0.4251000000000002
0.41629999999999917
0.40880000000000005
0.4017000000000009
0.39560000000000034
0.38799999999999896
0.3821000000000004
0.3737000000000005
0.366100000000001
0.35870000000000013
0.35189999999999894
0.3470999999999997
0.3429000000000015
0.3385000000000009
0.33590000000000003
0.33220000000000016
0.32820000000000077
0.3263000000000005
0.32300000000000034
0.31900000000000084
0.31679999999999947
0.3146000000000008
0.31109999999999954
0.30759999999999954
0.30649999999999955
0.30369999999999986
0.30220000000000047
0.3012
0.2991000000000005
0.29709999999999925
0.2951999999999995
0.2924999999999989
0.2899999999999989
0.28790000000000016
0.28680000000000033
0.2842000000000002
0.280600000000001
0.27840000000000065
0.2758000000000011
0.2740000000000007
0.27140000000000075
0.26909999999999884
0.26630000000000104
0.2656000000000005
0.2633000000000008
0.26150000000000134
0.2604000000000008
0.25880000000000203
0.25879999999999875
0.2583000000000006
0.2560999999999994
0.2553000000000005
0.2533999999999996
0.25219999999999926
0.2509999999999997
0.24870000000000003
0.24750000000000008
0.2467
0.2469
0.246
0.24370000000000008
0.2422
0.2405
0.24000000000000013
0.23790000000000006
0.2366
0.2350000000000001
0.2326999999999999
0.23139999999999983
0.23169999999999982
0.22939999999999985
0.2297999999999998
0.22959999999999986
0.22750000000000017
0.22650000000000015
0.22520000000000004
0.22549999999999992
0.22450000000000017
0.2235999999999999
0.22169999999999973
0.2201000000000001
0.22039999999999946
0.2184000000000001
0.2174999999999998
0.21659999999999988
0.21569999999999992
0.2155999999999999
0.2151
0.2148000000000006
0.21570000000000045
0.21670000000000023
0.21670000000000017
0.21619999999999995
0.21760000000000013
0.2181000000000001
0.21670000000000017
0.21590000000000018
0.2163000000000004
0.21720000000000003
0.21700000000000008
0.2166999999999998
0.2158999999999999
0.21560000000000037
0.2149999999999999
0.21470000000000028
0.21500000000000036
0.2151000000000001
0.21390000000000017
0.2139000000000001
0.21460000000000037
0.21550000000000036
0.21700000000000008
0.21659999999999963
0.21670000000000017
0.21730000000000027
0.2177000000000001
0.2181000000000001
0.21909999999999982
0.21940000000000018
0.21979999999999997
0.221
0.22050000000000014
0.22099999999999995
0.22079999999999994
0.22050000000000017
0.2211999999999998
0.22139999999999976
0.22169999999999987
0.22100000000000006
0.22039999999999987
0.22080000000000008
0.22079999999999994
0.2214000000000001
0.22139999999999987
0.2221000000000002
0.2223
0.22209999999999985
0.22220000000000018
0.22219999999999987
0.2225999999999999
0.2221999999999999
0.22229999999999991
0.22329999999999986
0.22169999999999981
0.2224
0.2213
0.22229999999999991
0.2226000000000001
0.22190000000000037
0.2226000000000002
0.22240000000000018
0.22280000000000008
0.22260000000000021
0.2227000000000001
0.22299999999999978
0.2247999999999997
0.2253
0.22540000000000018
