30.0
30.0
29.9923136049193
29.99538816295158
29.991544965411222
29.990776325903152
29.99923136049193
30.00922367409686
30.013835511145267
30.01076095311299
30.00076863950807
30.003843197540352
30.001537279016137
29.99769408147579
29.993082244427363
29.996156802459648
29.980784012298233
29.9684857801691
29.963873943120678
29.959262106072252
29.94619523443505
29.9369715603382
29.920830130668712
29.897770945426593
29.900076863950808
29.89315910837817
29.882398155265186
29.871637202152186
29.853958493466564
29.820906994619524
29.80630284396618
29.790930053804765
29.769408147578787
29.76018447348194
29.748654880860883
29.72867025365104
29.707916986933128
29.694850115295925
29.676402767102225
29.657186779400465
29.63797079169869
29.610299769408147
29.584166026133744
29.554957724827062
29.539584934665648
29.511913912375103
29.480399692544204
29.46118370484243
29.436587240584167
29.40507302075326
29.372790161414287
29.33743274404305
29.29976940814758
29.285165257494246
29.27363566487317
29.26671790930054
29.2598001537279
29.248270561106843
29.229823212913143
29.222136817832446
29.20522674865488
29.191391237509603
29.17217524980784
29.152190622598013
29.120676402767096
29.09838585703306
29.090699461952344
29.06610299769407
29.051498847040733
29.024596464258263
28.992313604919293
28.96541122213682
28.956187548039964
28.943120676402767
28.92313604919293
28.89623366641045
28.88854727132977
28.855495772482712
28.824750192159875
28.80553420445811
28.76402767102228
28.73020753266718
28.69715603382013
28.681783243658728
28.651037663335895
28.63028439661799
28.593389700230592
28.555726364335122
28.517294388931607
28.478862413528066
28.46348962336664
28.438124519600308
28.41890853189854
28.37893927747885
28.352036894696376
28.320522674865476
28.292083013066883
28.25595695618757
28.230591852421192
28.20138355111454
28.176018447348184
28.149116064565717
28.119907763259043
28.078401229823207
28.047655649500374
28.00307455803228
27.968485780169107
27.945426594926968
27.916218293620293
27.8946963873943
27.863182167563394
27.836279784780928
27.799385088393553
27.757878554957735
27.713297463489614
27.682551883166795
27.651806302843966
27.625672559569544
27.582628747117614
27.564181398923903
27.524980784012303
27.500384319754023
27.468870099923127
27.436587240584178
27.403535741737137
27.379707916986938
27.345119139123728
27.313604919292864
27.282090699461964
27.24058416602612
27.185242121445032
27.14681014604149
27.085318985395848
27.02843966179863
26.99923136049193
26.956187548039992
26.90392006149116
26.86164488854727
26.810914681014605
26.77401998462721
26.740968485780165
26.684089162182936
26.641813989239054
26.60568793235971
26.53958493466564
26.488086087624886
26.45426594926977
26.3981552651806
26.36126056879326
26.308993082244427
26.272867025365105
26.221368178324376
26.171406610299776
26.121445042275152
26.056110684089184
25.99538816295157
25.962336664104523
25.899308224442724
25.850883935434272
25.813989239046897
25.750192159877027
25.69023827824749
25.642582628747107
25.60491929285165
25.556495003843192
25.503458877786322
25.454265949269782
25.408147578785517
25.367409684857822
25.318985395849356
25.25980015372789
25.216756341275918
25.160645657186787
25.119139123750983
25.06994619523442
25.01229823212914
24.95541890853189
24.897770945426608
24.862413528055338
24.805534204458095
24.750192159877038
24.704842428900875
24.644888547271314
24.601076095311324
24.55418908531901
24.496541122213692
24.44888547271326
24.4043043812452
24.358954650269016
24.30899308224442
24.248270561106825
24.21214450422752
24.162951575710974
24.107609531129885
24.06072252113761
24.01998462720988
23.97847809377402
23.91929285165258
23.871637202152165
23.819369715603354
