3.0
3.0
2.9826999999999977
2.9679000000000078
2.955699999999986
2.947699999999996
2.936599999999993
2.9211000000000067
2.911799999999988
2.9029999999999885
2.898100000000005
2.888099999999993
2.880200000000007
2.870399999999999
2.863200000000004
2.862000000000007
2.8543
2.8485999999999905
2.844499999999997
2.8399000000000068
2.837399999999984
2.8297000000000043
2.825099999999987
2.8218999999999927
2.815400000000001
2.8130999999999955
2.8063000000000042
2.802299999999996
2.8040000000000083
2.7976000000000005
2.79060000000001
2.788100000000007
2.787900000000005
2.788100000000005
2.7855999999999903
2.787999999999989
2.788500000000001
2.7901000000000034
2.7922999999999982
2.789400000000005
2.7909999999999893
2.7912999999999863
2.7900999999999936
2.7958
2.797899999999995
2.7991000000000015
2.7971999999999912
2.8016999999999985
2.8032999999999983
2.8069000000000015
2.809200000000005
2.810400000000001
2.817999999999997
2.8205000000000124
2.835100000000002
2.850999999999997
2.868199999999997
2.883500000000001
2.902000000000001
2.9221999999999944
2.9383000000000075
2.9554000000000094
2.973000000000003
2.9905000000000053
3.004799999999999
3.0205999999999933
3.040200000000003
3.0554000000000063
3.072300000000006
3.0861999999999976
3.1042000000000036
3.1208000000000036
3.137099999999999
3.155299999999997
3.170999999999996
3.185599999999991
3.2011999999999987
3.2189999999999905
3.238200000000003
3.258700000000003
3.2775999999999987
3.293000000000003
3.310199999999997
3.3290000000000024
3.346099999999989
3.366199999999997
3.3852000000000073
3.4034000000000058
3.4247999999999976
3.4424999999999972
3.463900000000002
3.483499999999997
3.5004999999999984
3.520499999999994
3.5391
3.5551000000000013
3.574399999999997
3.5938000000000008
3.6105999999999985
3.6332999999999993
3.653800000000002
3.676799999999997
3.696100000000001
3.7148
3.7332
3.7528000000000006
3.774300000000003
3.791499999999998
3.8095000000000017
3.8312
3.849100000000001
3.8687
3.8878
3.909
3.9288
3.9509
3.9702999999999986
3.989900000000001
4.013900000000004
4.034799999999996
4.055700000000013
4.077599999999999
4.098200000000009
4.122299999999999
4.146799999999994
4.170499999999986
4.190799999999997
4.213899999999995
4.241200000000001
4.26800000000002
4.293900000000017
4.320500000000011
4.347500000000017
4.373899999999986
4.404699999999997
4.435699999999988
4.464199999999997
4.492400000000008
4.515699999999997
4.542700000000022
4.573000000000014
4.603899999999986
4.6336999999999815
4.664100000000008
4.694099999999969
4.72300000000003
4.752299999999994
4.783700000000004
4.8170999999999955
4.846400000000005
4.873899999999979
4.9068999999999985
4.939600000000001
4.97219999999999
5.0036000000000005
5.033600000000009
5.067200000000014
5.097299999999988
5.1295000000000215
5.1643000000000185
5.199099999999996
5.229999999999997
5.256300000000005
5.290099999999995
5.324099999999996
5.359099999999995
5.390899999999991
5.422800000000021
5.45429999999999
5.4844999999999935
5.514799999999977
5.549400000000012
5.583299999999996
5.617499999999988
5.648899999999999
5.682100000000011
5.715399999999987
5.742599999999983
5.774099999999998
5.808100000000014
5.839600000000017
5.873599999999975
5.907999999999988
5.940099999999982
5.97690000000001
6.00919999999999
6.0446000000000035
6.0802
6.111699999999981
6.143300000000006
6.171600000000017
6.205699999999997
6.238499999999995
6.271600000000003
6.304500000000001
6.335499999999978
6.367500000000008
6.3970999999999965
6.429899999999986
6.461099999999995
