196.0
196.0
195.9164
195.8639
195.6186
195.4743
195.0622
194.7806
194.3223
193.9168
193.245
192.697
192.1203
191.3448
190.4516
189.6457
188.8757
188.0409
187.229
186.3098
185.4323
184.428
183.3946
182.5632
181.5331
180.3918
179.2013
178.1774
176.8698
175.7231
174.8122
173.4081
172.1189
171.0134
169.7105
168.5604
167.2081
165.9241
164.7841
163.4892
161.925
160.5681
159.0823
157.765
156.1282
154.7196
153.3825
152.1841
150.9182
149.5308
148.256
147.0029
145.6843
144.2018
142.9222
141.8107
140.6743
139.6633
138.5713
137.5093
136.4587
135.4363
134.4404
133.5942
132.5964
131.5335
130.4125
129.2049
128.2419
127.1803
126.1652
125.129
124.0482
122.9684
121.9492
120.8676
119.7345
118.7133
117.5511
116.5678
115.6209
114.6118
113.4736
112.5551
111.4707
110.538
109.4937
108.5016
107.5471
106.666
105.6212
104.6736
103.8016
102.7542
101.8179
100.8628
99.8951
98.7988
97.8912
97.0021
96.0204
95.0103
94.0358
93.0905
92.1508
91.276
90.344
89.5147
88.5923
87.6634
86.713
85.8591
84.8998
84.0363
83.1301
82.3567
81.5888
80.7495
79.8084
78.8555
78.1147
77.2177
76.3484
75.5337
74.7923
73.8657
73.142
72.3156
71.5022
70.7072
69.996
69.2786
68.5215
67.8054
67.1734
66.4637
65.7114
64.9972
64.277
63.4906
62.8611
62.0172
61.2756
60.5593
59.8961
59.201
58.5263
57.8894
57.2368
56.5864
55.9478
55.2297
54.5935
53.9767
53.3308
52.6858
52.0747
51.6226
50.9996
50.3946
49.8844
49.2345
48.5941
48.0576
47.4943
47.0006
46.4121
45.9098
45.3793
44.8849
44.281
43.7196
43.22
42.6091
42.0795
41.619
41.2012
40.7279
40.2124
39.7157
39.2902
38.7884
38.256
37.7738
37.2841
36.7801
36.2971
35.8362
35.4153
34.9092
34.5168
34.0456
33.6367
33.2481
32.8581
32.4304
32.0274
31.6301
31.1931
30.7488
