1.0
1.0
0.871
0.7535
0.6683
0.5955
0.5265
0.4738
0.4314
0.3893
0.3571
0.3311
0.3098
0.2903
0.2708
0.2609
0.2534
0.2427
0.2286
0.219
0.2155
0.2085
0.2109
0.2082
0.2143
0.2092
0.2044
0.1976
0.1977
0.1954
0.1976
0.1986
0.1946
0.1929
0.1968
0.2015
0.2051
0.2056
0.2086
0.2127
0.2131
0.2145
0.2177
0.2224
0.2243
0.2312
0.2331
0.2364
0.2379
0.2419
0.2438
0.2483
0.2539
0.2611
0.2666
0.275
0.283
0.2894
0.2922
0.2945
0.2998
0.2975
0.2981
0.3059
0.308
0.3185
0.3227
0.3264
0.3317
0.33
0.327
0.3197
0.3218
0.3221
0.3211
0.3264
0.3256
0.3219
0.3148
0.3159
0.3098
0.3033
0.3038
0.2978
0.2972
0.2936
0.2913
0.2863
0.2831
0.2801
0.2784
0.274
0.2657
0.262
0.2622
0.2644
0.2635
0.2608
0.2573
0.2578
0.2525
0.2471
0.2439
0.2423
0.2376
0.242
0.2392
0.2363
0.2328
0.2288
0.2223
0.2199
0.2147
0.2141
0.2058
0.2034
0.2036
0.203
0.1966
0.196
0.1895
0.188
0.1863
0.1884
0.186
0.1853
0.181
0.1777
0.1824
0.182
0.187
0.1933
0.1994
0.2054
0.2078
0.2175
0.2281
0.238
0.2473
0.2565
0.2642
0.2716
0.2806
0.289
0.297
0.3067
0.3156
0.3216
0.3353
0.3432
0.3494
0.3609
0.3669
0.377
0.3847
0.3899
0.3979
0.4074
0.4131
0.4239
0.4308
0.4409
0.4485
0.4576
0.4658
0.4785
0.4894
0.4973
0.502
0.506
0.5151
0.5275
0.5336
0.5389
0.5422
0.5541
0.5623
0.5749
0.5801
0.589
0.5972
0.6084
0.6214
0.6313
0.6378
0.6533
0.6616
0.6674
0.6795
0.6889
0.6981
0.7044
0.7162
0.7285
0.7381
0.7373
0.7443
0.7471
0.7513
0.7667
