1728.0
1728.0
1709.4561
1691.5874
1674.6753
1658.5128
1642.0662
1625.4142
1608.5998
1592.769
1576.8149
1560.6508
1544.4642
1528.9704
1513.883
1498.5209
1483.1845
1468.785
1454.2422
1439.0765
1423.1992
1408.6036
1393.658
1377.2752
1360.7485
1345.2077
1331.0077
1315.6249
1301.755
1287.1073
1274.3208
1259.7945
1245.1776
1231.4233
1217.9162
1205.7334
1191.8094
1177.9484
1165.2811
1152.474
1139.5625
1126.263
1114.0153
1101.509
1088.494
1076.3502
1062.8616
1050.496
1038.3068
1026.2084
1013.6719
1002.7855
991.3235
980.2948
970.1158
960.8542
951.8662
943.4578
936.4017
929.2187
922.3382
916.0125
909.5959
903.0343
897.3178
891.0874
884.7222
877.9043
871.9395
865.5711
860.0464
853.7571
847.0337
841.3659
834.7968
828.6149
821.7322
816.1181
810.2345
804.7045
798.7684
793.3126
788.1106
782.3828
776.442
771.8084
766.3729
761.0612
755.349
749.6585
743.5929
737.989
732.1178
726.7474
721.3204
715.5258
710.8364
705.5238
700.2214
695.4271
690.0358
684.8152
679.7488
674.3428
669.5384
664.292
659.3609
654.535
649.4464
644.9252
639.5898
635.1072
629.2695
624.0337
619.2331
614.2064
609.4697
604.9188
599.0561
594.7164
589.9838
585.8902
581.97
577.7263
573.2988
569.2149
564.7712
560.3519
555.8026
551.5944
546.6049
541.5517
537.2143
532.1052
527.3142
521.5935
516.656
511.9658
507.2571
502.106
497.0699
492.0991
486.8708
481.5371
476.5294
471.9554
467.0411
461.8267
456.6747
452.1277
447.1647
442.4059
438.3244
433.9551
429.7259
425.1566
420.6422
416.6518
411.9605
407.5219
403.0434
399.1475
394.652
390.7282
386.4842
382.1135
377.4223
373.3568
369.2116
365.486
361.7593
357.412
353.7275
350.091
346.1685
342.5808
339.0536
335.5437
332.0104
328.2155
324.8639
321.5196
318.5393
314.5911
310.9437
307.337
303.5609
300.5347
297.085
293.5634
290.4208
286.7213
283.6095
280.5197
277.0965
274.1386
270.4132
267.2511
264.3043
261.3984
