64.0
64.0
60.3887
57.1487
54.0693
51.2149
48.5103
45.924
43.3915
40.8924
38.376
36.2954
34.3784
32.3139
30.632
28.7814
27.0415
25.5999
24.0186
22.68
21.4562
20.1612
19.058
18.0266
16.9719
16.1045
15.1546
14.243
13.5279
12.8903
12.1931
11.5449
10.8347
10.2455
9.6288
9.146
8.6149
8.2399
7.8261
7.3631
6.9873
6.629
6.3265
5.95
5.5875
5.2632
5.0034
4.6528
4.4065
4.2397
4.0038
3.7703
3.5491
3.4056
3.3288
3.2921
3.2763
3.2887
3.2963
3.2726
3.3055
3.3216
3.3674
3.3902
3.3948
3.4022
3.4272
3.479
3.5049
3.5347
3.5531
3.5822
3.6248
3.6298
3.6739
3.7107
3.7059
3.7485
3.7728
3.8242
3.8267
3.843
3.852
3.8926
3.9301
3.9795
4.038
4.1067
4.1488
4.1791
4.2213
4.2754
4.3008
4.3252
4.379
4.4381
4.4939
4.5111
4.6215
4.6722
4.6907
4.762
4.8291
4.8969
4.9734
5.0299
5.0797
5.1184
5.1955
5.334
5.4247
5.524
5.501
5.5047
5.5371
5.6072
5.676
5.7214
5.8015
5.873
5.9691
6.0222
6.0626
6.1413
6.2103
6.2715
6.3611
6.3847
6.3953
6.475
6.4773
6.4908
6.3974
6.3229
6.3204
6.294
6.3421
6.2941
6.3281
6.3581
6.3659
6.3098
6.2995
6.2771
6.2175
6.1241
6.1096
6.0679
6.0304
6.0232
6.0003
5.9511
5.953
5.8959
5.8389
5.8438
5.8774
5.8437
5.8401
5.8881
5.9066
5.9204
6.0286
5.9741
5.9946
6.0542
6.0397
6.0778
6.1092
6.0777
6.0652
6.1597
6.1523
6.1909
6.2318
6.1305
6.1003
6.1431
6.1182
6.0721
6.0949
6.0288
6.0146
5.965
5.914
5.8708
5.8645
5.8563
5.8489
5.9219
5.8951
5.8759
5.7913
5.7994
5.8559
5.7988
5.7301
5.7296
5.7747
5.731
