5.0
5.0
4.9536999999999916
4.914699999999997
4.869599999999993
4.8282999999999925
4.793100000000003
4.752800000000008
4.711099999999994
4.670699999999997
4.632599999999993
4.593900000000007
4.558900000000018
4.514999999999993
4.47630000000002
4.43509999999998
4.397500000000002
4.3608000000000064
4.321
4.284100000000003
4.248399999999977
4.215800000000011
4.177600000000012
4.141700000000037
4.104400000000028
4.068399999999984
4.030500000000024
3.998300000000011
3.9668
3.9333
3.8966
3.8575000000000013
3.8158999999999987
3.7827000000000015
3.7561999999999984
3.7266
3.6944999999999966
3.663900000000001
3.630999999999997
3.5959000000000056
3.5662000000000016
3.5353
3.5040000000000036
3.4704000000000024
3.436899999999999
3.4112
3.3821000000000074
3.3526000000000016
3.322799999999994
3.2978000000000045
3.2660999999999967
3.243599999999995
3.216500000000005
3.190399999999995
3.1791000000000005
3.170899999999989
3.163199999999998
3.1510000000000034
3.1447999999999907
3.132300000000004
3.122700000000002
3.112699999999998
3.0999000000000074
3.090200000000012
3.0790999999999995
3.0744999999999996
3.066799999999998
3.054400000000014
3.045599999999997
3.0404999999999927
3.0305999999999877
3.0224999999999937
3.0151999999999974
3.009299999999997
3.0010000000000043
2.9918999999999967
2.984299999999996
2.971800000000002
2.968299999999995
2.9640000000000057
2.9546999999999954
2.9464000000000046
2.93929999999999
2.931600000000004
2.9224000000000023
2.9172999999999996
2.908400000000002
2.905299999999989
2.895100000000011
2.8879000000000006
2.8790000000000027
2.8707999999999982
2.8647999999999976
2.858599999999997
2.8548000000000058
2.8463000000000065
2.8408999999999955
2.8338000000000005
2.8283000000000023
2.823200000000009
2.815200000000006
2.808600000000007
2.7980999999999963
2.7941000000000016
2.7890999999999875
2.7834000000000088
2.7765999999999824
2.775300000000002
2.77
2.759200000000009
2.753900000000004
2.7506000000000097
2.7418999999999976
2.738600000000003
2.736199999999998
2.732999999999995
2.7343999999999937
2.7337000000000056
2.7313999999999963
2.7232000000000007
2.7176000000000085
2.7147999999999954
2.711199999999992
2.7122999999999995
2.714399999999996
2.712200000000008
2.7082
2.706300000000002
2.6943000000000086
2.6851000000000025
2.677500000000002
2.665599999999989
2.6569999999999934
2.6461000000000023
2.6314999999999897
2.6176999999999917
2.6056999999999984
2.595100000000012
2.586500000000003
2.5732000000000004
2.5597999999999868
2.5479000000000083
2.5350999999999972
2.5262999999999938
2.5129000000000015
2.5022999999999875
2.4953000000000007
2.481099999999999
2.469300000000007
2.4525999999999986
2.4405000000000063
2.4269999999999987
2.4151000000000047
2.402600000000006
2.3955999999999995
2.3826000000000076
2.374599999999994
2.3634000000000053
2.352599999999996
2.3354000000000084
2.321499999999996
2.314600000000011
2.3031999999999937
2.2958999999999947
2.283599999999998
2.276400000000002
2.2694999999999843
2.257199999999991
2.249099999999995
2.242500000000008
2.2286000000000086
2.221699999999992
2.208299999999998
2.194800000000004
2.1887000000000074
2.1745999999999985
2.1671000000000036
2.155899999999996
2.146600000000015
2.1408000000000054
2.1306999999999947
2.1188999999999987
2.1105999999999976
2.1001999999999943
2.0892999999999984
2.0758000000000076
2.062799999999997
2.05300000000001
2.0407999999999973
2.0286999999999793
2.02209999999999
2.014000000000006
2.003199999999995
1.9970999999999979
1.9874000000000014
1.9745
1.9668
1.9598000000000033
1.9580000000000004
1.9502999999999986
