23.0
23.0
22.993000000000016
22.982700000000083
22.973100000000027
22.963900000000013
22.95799999999998
22.952100000000062
22.945799999999952
22.937599999999946
22.93310000000004
22.92910000000004
22.928600000000042
22.926399999999983
22.92530000000007
22.922599999999996
22.924999999999926
22.923900000000017
22.926000000000034
22.929499999999912
22.930500000000016
22.929300000000016
22.926599999999965
22.929399999999955
22.931800000000017
22.93570000000001
22.938600000000054
22.936499999999857
22.939800000000016
22.94080000000006
22.94189999999999
22.947599999999973
22.949399999999905
22.95410000000001
22.955200000000012
22.962400000000013
22.965300000000028
22.973300000000005
22.977200000000057
22.983999999999966
22.988499999999966
22.996099999999963
22.99969999999995
23.00390000000002
23.012699999999942
23.01940000000005
23.030800000000006
23.036999999999995
23.04499999999999
23.04990000000002
23.058300000000063
23.0618
23.067099999999982
23.077700000000007
23.08209999999993
23.09060000000002
23.097200000000004
23.10240000000003
23.111600000000006
23.119400000000002
23.12439999999987
23.13250000000004
23.14000000000001
23.14570000000005
23.152000000000037
23.156000000000006
23.158599999999996
23.16830000000003
23.173300000000076
23.1789
23.18930000000004
23.19479999999999
23.20219999999997
23.20840000000004
23.2078
23.21369999999998
23.219899999999996
23.228000000000016
23.236500000000042
23.242400000000018
23.24340000000003
23.244600000000098
23.25019999999998
23.25709999999998
23.262799999999917
23.272100000000002
23.27779999999998
23.28299999999997
23.287300000000037
23.29379999999998
23.299599999999977
23.30289999999993
23.3058
23.310999999999922
23.313500000000015
23.315900000000056
23.323099999999993
23.325900000000054
23.32890000000004
23.336499999999987
23.34020000000005
23.346500000000084
23.34619999999994
23.350000000000012
23.353600000000007
23.35660000000002
23.362399999999944
23.365199999999973
23.3659999999999
23.370099999999933
23.371200000000066
23.375999999999987
23.38010000000001
23.385100000000037
23.38930000000003
23.397400000000033
23.40069999999992
23.400799999999975
23.403699999999873
23.40629999999995
23.406899999999965
23.410600000000063
23.409899999999972
23.411800000000053
23.41230000000001
23.41470000000008
23.422199999999957
23.431200000000022
23.43639999999999
23.43889999999992
23.437799999999967
23.441099999999963
23.444400000000034
23.448600000000017
23.451499999999978
23.456199999999942
23.459099999999946
23.4629
23.465800000000016
23.46689999999999
23.472299999999983
23.472400000000004
23.471099999999975
23.47159999999998
23.47309999999998
23.476800000000008
23.475799999999964
23.472699999999964
23.475399999999986
23.474699999999977
23.473799999999937
23.471499999999995
23.469699999999985
23.472699999999964
23.46829999999992
23.469199999999905
23.473000000000063
23.470300000000016
23.466800000000017
23.468500000000017
23.46849999999993
23.468600000000006
23.468200000000053
23.46590000000005
23.46500000000004
23.467799999999933
23.468099999999993
23.47370000000004
23.474099999999975
23.475400000000008
23.47400000000004
23.474700000000002
23.47350000000002
23.4712
23.468199999999907
23.466799999999992
23.4654
23.46369999999999
23.463000000000065
23.46309999999999
23.46389999999995
23.464099999999938
23.46280000000003
23.462600000000016
23.464199999999952
23.461000000000016
23.463199999999972
23.462200000000003
23.459500000000027
23.4537
23.45409999999998
23.452999999999964
23.45280000000002
23.453900000000036
23.45230000000005
23.45029999999998
23.447199999999984
23.445100000000007
23.445900000000023
23.44300000000001
