5.0
5.0
5.009999999999994
5.017699999999983
5.030600000000003
5.0446000000000035
5.058599999999981
5.066499999999994
5.077700000000002
5.094600000000027
5.110399999999983
5.122699999999986
5.136700000000001
5.146900000000007
5.16000000000001
5.1704
5.183899999999995
5.194399999999993
5.20570000000002
5.215399999999978
5.226900000000007
5.23899999999999
5.244699999999999
5.253099999999999
5.259000000000012
5.267700000000003
5.2763000000000115
5.289400000000003
5.299599999999987
5.307099999999997
5.3187999999999835
5.327500000000012
5.335599999999989
5.343500000000001
5.352800000000007
5.3617000000000035
5.371999999999977
5.38459999999999
5.389199999999997
5.394599999999978
5.403099999999999
5.4158000000000195
5.425600000000003
5.435200000000016
5.444399999999995
5.453699999999997
5.467799999999998
5.474999999999999
5.482300000000005
5.490100000000013
5.496599999999992
5.505700000000007
5.514800000000002
5.520599999999988
5.520099999999989
5.511799999999978
5.505799999999991
5.5043000000000095
5.497000000000024
5.491099999999989
5.483899999999993
5.478199999999995
5.469400000000005
5.463400000000016
5.459100000000004
5.453799999999984
5.447099999999994
5.444799999999999
5.441300000000016
5.432600000000029
5.427100000000002
5.42200000000001
5.418600000000018
5.409900000000013
5.406300000000008
5.400000000000007
5.394699999999989
5.389100000000012
5.3842
5.372299999999996
5.363800000000005
5.355799999999995
5.35519999999999
5.35100000000001
5.345200000000007
5.343500000000002
5.341499999999982
5.334699999999982
5.330000000000008
5.326899999999981
5.32050000000001
5.318399999999996
5.314400000000002
5.308800000000018
5.308700000000017
5.302100000000009
5.301500000000009
5.305499999999996
5.297699999999992
5.298199999999993
5.295999999999999
5.291699999999992
5.286899999999997
5.284900000000006
5.279999999999993
5.275300000000026
5.266499999999997
5.262200000000023
5.257799999999986
5.249800000000008
5.246600000000001
5.240400000000008
5.232700000000007
5.224799999999975
5.2251
5.225000000000009
5.21949999999999
5.209000000000015
5.203500000000011
5.1975999999999996
5.194299999999987
5.192399999999994
5.188800000000002
5.1871999999999625
5.1825000000000125
5.177899999999991
5.174000000000004
5.170300000000006
5.158100000000018
5.14509999999999
5.130599999999996
5.113700000000004
5.102400000000001
5.083100000000023
5.071599999999999
5.056499999999992
5.037500000000029
5.025299999999995
5.01190000000003
4.996600000000007
4.979000000000004
4.962299999999981
4.947200000000004
4.931199999999977
4.918999999999996
4.9047999999999945
4.888400000000015
4.873900000000014
4.8619000000000225
4.845299999999978
4.833999999999992
4.822800000000028
4.8068000000000035
4.794600000000002
4.782799999999992
4.772799999999985
4.763199999999972
4.749299999999999
4.735100000000026
4.718099999999988
4.708100000000007
4.690200000000006
4.6748000000000145
4.658099999999979
4.642500000000026
4.629999999999981
4.61930000000002
4.60910000000001
4.600599999999998
4.5856999999999974
4.573900000000026
4.557999999999964
4.545199999999991
4.53160000000001
4.51799999999999
4.50930000000002
4.499699999999973
4.4846
4.474800000000008
4.461999999999978
4.443999999999998
4.428200000000016
4.415399999999994
4.403600000000006
4.393599999999966
4.377700000000006
4.368399999999994
4.3572000000000015
4.348599999999988
4.338299999999996
4.327599999999987
4.319800000000001
4.304899999999998
4.294400000000011
4.283400000000021
4.273399999999977
4.259199999999969
4.242200000000039
4.23460000000002
4.223300000000021
