100.0
100.0
99.68300548210254
99.47339567881329
99.4169622702354
99.09448564979039
98.95807803934214
98.81393099000323
98.63656884875847
98.37987745888424
98.14414704933893
97.99129313124799
97.82231538213479
97.60786842953885
97.45598194130926
97.45146726862302
97.34472750725573
97.2973234440503
97.0293453724605
96.92228313447275
96.68365043534344
96.51628506933247
96.37826507578201
96.27023540793293
96.22670106417284
96.09577555627217
96.0293453724605
96.15059658174782
95.97678168332796
95.9548532731377
95.87939374395356
95.89068042566915
95.73363431151242
95.78781038374717
95.6991293131248
95.58465011286681
95.27926475330538
95.33795549822638
95.36601096420509
95.30635278942276
95.20864237342792
95.04256691389874
95.00741696227024
94.97452434698485
94.82489519509835
94.76523702031602
94.63269912931312
94.42244437278298
94.47952273460174
94.6181876813931
94.6439858110287
94.6017413737504
94.58497258948726
94.5307965172525
94.82296033537568
95.13350532086423
95.6175427281522
95.91035149951628
96.1976781683328
96.5994840374073
96.80457916801032
97.19832312157368
97.56755885198324
97.95969042244437
98.33827797484682
98.95420831989681
99.44792002579813
100.00806191551112
100.61657529829087
101.00483714930668
101.46210899709772
101.9419542083199
102.43824572718478
102.96388261851015
103.48693969687197
104.00709448564979
104.64946791357626
105.17316994517897
105.96904224443728
106.40245082231539
106.99032570138665
107.52853918090939
107.86713963237665
108.35794904869397
109.01870364398582
109.48145759432441
110.00419219606579
110.59013221541439
111.12189616252822
111.54240567558853
112.0973879393744
112.68171557562077
113.24250241857466
113.90777168655272
114.66075459529183
115.26894550145114
115.86262495969042
116.39309900032248
116.8381167365366
117.52305707836182
118.07029990325701
118.71912286359239
119.33569816188326
120.17284746855853
120.94743631086746
121.64366333440826
122.03998710093518
122.55014511447921
123.32473395678814
124.07223476297969
124.71364076104483
125.20574008384392
125.57820058045792
126.35407932924863
126.90390196710739
127.63882618510158
128.29764592067076
128.9848435988391
129.79554982263787
130.49951628506932
131.04966139954854
131.71106094808127
132.62270235407934
133.34924217994197
134.1196388261851
134.91744598516607
135.82360528861656
136.96807481457594
137.83714930667526
138.64205095130603
139.56626894550146
140.46726862302484
141.3711705901322
142.4872621734924
143.27217026765558
144.3073202192841
145.3237665269268
146.41148016768784
147.46017413737505
148.21734924217995
149.38148984198645
150.4991938084489
151.378265075782
152.3998710093518
153.2034827475008
154.307965172525
155.44082554014835
156.3573040954531
157.34408255401485
158.27700741696228
159.05675588519833
160.00806191551112
161.33698806836503
162.1883263463399
163.39438890680427
164.51950983553692
165.4704933892293
166.56207674943568
167.68881006127054
168.565946468881
169.65495001612382
170.73073202192842
172.0064495324089
172.99516285069333
173.9219606578523
174.9477587874879
175.9126088358594
177.18381167365365
178.4089003547243
179.44437278297323
180.60141889712995
181.60109642050952
182.72331505965818
184.17413737504032
185.13737504030956
186.02192841019027
187.06546275395033
188.05353111899387
189.25153176394713
190.1489841986456
191.31312479845212
192.41889712995808
193.37794259916157
194.41438245727184
195.70009674298615
196.70299903257015
197.8416639793615
199.12286359238956
200.3208642373428
201.6681715575621
203.0041921960658
204.4979039019671
205.57433086101258
206.84682360528862
208.12866817155756
209.3969687197678
210.69396968719767
212.03128023218318
213.13382779748468
214.3595614317962
