15.0
15.0
15.071099999999989
15.135199999999994
15.196199999999994
15.254200000000008
15.3125
15.361
15.4091
15.4545
15.495900000000002
15.5383
15.5774
15.6151
15.6517
15.682099999999995
15.7158
15.745
15.7724
15.795
15.8199
15.8447
15.8677
15.8915
15.9154
15.9355
15.9518
15.9693
15.9874
16.00010000000001
16.013900000000007
16.026000000000042
16.04170000000005
16.052099999999975
16.064200000000053
16.073499999999992
16.084599999999856
16.09279999999997
16.1025
16.111800000000013
16.119299999999882
16.129399999999915
16.137999999999998
16.145199999999967
16.15259999999994
16.16179999999993
16.16869999999997
16.176600000000068
16.181199999999972
16.183100000000106
16.188800000000022
16.195199999999897
16.201000000000043
16.20209999999997
16.208800000000018
16.212499999999935
16.213999999999988
16.218800000000016
16.220500000000044
16.225000000000037
16.226200000000052
16.227599999999946
16.228899999999992
16.229000000000017
16.230500000000003
16.23079999999994
16.234699999999975
16.236099999999958
16.236899999999906
16.238699999999938
16.240999999999975
16.243699999999997
16.246600000000054
16.24610000000005
16.24630000000001
16.245099999999958
16.246399999999976
16.24640000000002
16.247999999999998
16.245099999999912
16.249599999999923
16.25110000000006
16.247499999999853
16.247100000000042
16.245599999999943
16.245100000000043
16.245299999999894
16.24279999999996
16.24190000000012
16.243700000000093
16.242399999999986
16.243599999999983
16.23969999999999
16.236899999999956
16.2372
16.237800000000004
16.237199999999955
16.235999999999905
16.232300000000095
16.231699999999897
16.22909999999995
16.22820000000002
16.23060000000003
16.228700000000003
16.227800000000137
16.230299999999968
16.226099999999963
16.2234
16.22110000000003
16.220700000000118
16.220300000000126
16.21990000000001
16.217900000000007
16.216800000000077
16.214999999999947
16.21250000000002
16.210600000000024
16.208100000000034
16.206899999999944
16.20760000000009
16.209199999999978
16.208399999999955
16.20650000000003
16.20539999999996
16.200899999999898
16.201100000000018
16.19869999999999
16.19159999999999
16.181300000000185
16.167599999999975
16.1525000000001
16.135299999999987
16.112899999999996
16.09460000000012
16.072100000000045
16.04929999999989
16.02589999999998
16.00289999999999
15.982300000000006
15.961099999999995
15.9392
15.9166
15.8946
15.871399999999998
15.8451
15.8218
15.7955
15.767
15.7478
15.725100000000003
15.6991
15.6796
15.6547
15.628699999999997
15.601499999999998
15.5785
15.552699999999998
15.5283
15.503100000000005
15.4767
15.447999999999993
15.421999999999993
15.396400000000003
15.372599999999997
15.346999999999994
15.3194
15.2924
15.267099999999997
15.2377
15.2106
15.1835
15.1586
15.130200000000006
15.103900000000003
15.073799999999988
15.053200000000006
15.022700000000002
14.988900000000006
14.963600000000007
14.939200000000003
14.911599999999995
14.885599999999991
14.862299999999998
14.832
14.80480000000001
14.774900000000011
14.746199999999982
14.720199999999997
14.694600000000007
14.670299999999997
14.646000000000011
14.620399999999995
14.597299999999994
14.5698
14.54180000000001
14.515
14.4883
14.4603
14.435000000000002
14.405500000000009
