17.0
17.0
16.85950000000002
16.722799999999985
16.589899999999993
16.454799999999903
16.325899999999926
16.186699999999973
16.046499999999956
15.9084
15.7759
15.638700000000004
15.4998
15.3532
15.209800000000007
15.0681
14.9198
14.7708
14.631599999999993
14.487699999999991
14.340400000000006
14.195999999999994
14.046400000000004
13.896900000000015
13.747800000000012
13.596299999999994
13.455000000000014
13.3092
13.159099999999992
13.008699999999992
12.857099999999999
12.711899999999995
12.563899999999977
12.417400000000017
12.268400000000028
12.1132
11.96240000000005
11.808399999999999
11.65809999999999
11.50570000000001
11.346799999999972
11.197299999999997
11.054500000000024
10.908500000000009
10.753100000000032
10.596200000000005
10.443800000000001
10.29079999999998
10.132099999999989
9.975399999999958
9.820699999999944
9.669599999999974
9.517800000000042
9.368899999999966
9.25979999999997
9.161399999999986
9.075400000000032
8.999699999999965
8.919300000000025
8.842100000000068
8.764899999999974
8.69349999999997
8.609699999999972
8.533600000000042
8.449600000000034
8.368899999999952
8.28079999999999
8.199700000000016
8.117499999999993
8.032500000000054
7.9524
7.8716
7.7898
7.7009
7.618399999999997
7.5338
7.448900000000005
7.3658
7.282800000000002
7.202000000000003
7.117000000000013
7.032900000000006
6.952100000000009
6.868099999999993
6.7849999999999975
6.70100000000002
6.615200000000011
6.535200000000009
6.454800000000037
6.375000000000002
6.293600000000003
6.205600000000005
6.12809999999999
6.046800000000002
5.959800000000015
5.886299999999998
5.797599999999998
5.714500000000019
5.638299999999999
5.560100000000015
5.48500000000001
5.408899999999981
5.3354000000000195
5.252900000000017
5.178999999999975
5.10700000000003
5.0307999999999975
4.956000000000013
4.885300000000029
4.814499999999995
4.743600000000019
4.668900000000008
4.600400000000004
4.529900000000011
4.457800000000015
4.386599999999998
4.315299999999977
4.249000000000029
4.1829999999999945
4.121000000000006
4.057200000000013
3.991700000000003
3.925099999999999
3.856099999999999
3.7924000000000015
3.7307
3.6648000000000036
3.6076000000000072
3.551699999999997
3.4935999999999985
3.436400000000003
3.3815000000000013
3.3331999999999984
3.2816000000000045
3.2288999999999923
3.179499999999993
3.132900000000004
3.0860000000000025
3.039200000000005
2.9895999999999896
2.939400000000003
2.893899999999998
2.849900000000004
2.8074999999999988
2.760099999999996
2.7136999999999936
2.6711999999999994
2.633400000000003
2.5897000000000143
2.5500000000000016
2.5089
2.467900000000013
2.4267999999999987
2.394499999999998
2.351799999999996
2.315900000000007
2.2788000000000075
2.244700000000005
2.2127000000000128
2.1778000000000004
2.1399999999999877
2.1045999999999894
2.0677000000000114
2.033100000000002
2.0027000000000013
1.9691
1.9407
1.9049000000000003
1.8722000000000003
1.8456
1.8162000000000007
1.7865000000000004
1.7511000000000014
1.7174999999999971
1.6885000000000037
1.6628
1.632299999999998
1.610799999999998
1.5858
1.5579999999999996
1.5284000000000053
1.503199999999995
1.4769999999999999
1.4545999999999988
1.432299999999995
1.410199999999998
1.3890999999999976
1.3654000000000008
1.3438999999999972
1.3145999999999984
1.2938999999999963
1.2736000000000027
1.2504999999999964
1.2310000000000019
1.214800000000001
1.1957999999999955
1.1775000000000015
1.1616000000000004
1.146400000000004
1.127699999999998
