125.0
125.0
123.2815
122.1613
120.5766
119.2903
118.5327
117.4634
116.1701
115.0317
114.0096
113.0829
112.2625
111.1686
110.2389
109.4465
108.4819
107.811
106.7932
105.9763
105.2758
104.6522
103.6756
103.0745
102.3976
101.6422
100.7301
100.2659
99.9422
99.4011
98.4314
97.5445
96.7307
96.0675
95.7104
95.1324
94.5867
93.9375
93.2572
92.6113
92.0812
91.3879
90.792
89.793
88.9819
88.694
87.6857
87.1048
86.5614
85.8728
85.1571
84.7596
84.0329
83.5706
83.5863
83.6123
83.4528
83.4004
83.4626
83.2989
83.3619
83.1749
83.1417
83.0378
82.9529
83.1037
82.9238
82.6102
82.701
82.7091
82.7124
82.4859
82.433
82.7709
82.774
82.5525
82.5251
82.59
82.5007
82.6614
82.6497
82.4776
82.6139
82.8606
82.7584
82.7521
82.4036
82.5571
82.3327
82.4065
82.4312
82.1968
82.1872
82.25
82.2342
81.9881
82.1501
81.7848
81.6335
81.536
81.084
81.0588
80.5431
80.4149
80.3955
80.6622
80.5672
80.9067
80.9716
80.5594
80.2481
80.2526
80.2943
80.345
80.786
80.784
81.3206
81.4675
81.251
81.0814
80.9708
81.3022
81.583
82.1247
82.3692
82.6778
82.6744
82.7967
82.5393
82.1239
82.1409
82.1434
81.7016
81.6157
80.9297
80.0951
79.8383
79.7323
79.5125
79.0642
78.8684
78.7809
78.3985
78.4413
78.2911
78.0945
77.6831
77.3275
76.8765
76.5568
76.2441
76.3074
75.5479
75.4082
75.0232
74.6142
74.4976
74.1282
73.7286
73.0628
72.7759
72.3496
71.9362
71.6961
71.1708
70.878
70.7577
70.248
70.1601
70.0941
69.6104
69.6977
69.3357
68.6262
68.5805
67.7114
67.5557
67.2253
66.7954
66.5736
66.2215
65.7291
65.4568
64.8632
64.7497
64.1812
63.612
63.2584
62.9078
62.1961
62.0029
61.756
61.246
61.2687
60.9164
60.3329
60.2796
60.1892
60.077
59.7411
