36.0
36.0
35.6799
35.3482
35.0575
34.7973
34.5214
34.2262
33.8977
33.5686
33.287
33.0312
32.7773
32.5232
32.2726
32.0506
31.7618
31.51
31.2524
31.0096
30.7894
30.523
30.2882
30.0519
29.8441
29.6834
29.4949
29.2925
29.1113
28.9129
28.7001
28.4594
28.1938
27.9935
27.8119
27.6591
27.4198
27.2143
26.9938
26.8018
26.5879
26.3762
26.1287
25.9583
25.8293
25.6262
25.4623
25.1985
25.0033
24.7967
24.6616
24.5001
24.374
24.2398
24.0791
23.9128
23.7627
23.5945
23.4881
23.2821
23.1153
22.959
22.8217
22.661
22.504
22.363
22.224
22.0379
21.8857
21.6975
21.5533
21.3635
21.2015
21.055
20.9237
20.7893
20.6723
20.5076
20.3985
20.2092
20.0645
19.927
19.7928
19.6697
19.5655
19.4415
19.2836
19.1655
19.0191
18.9122
18.7762
18.6221
18.4813
18.3604
18.1845
18.0639
17.9091
17.8008
17.6698
17.5614
17.4426
17.3154
17.1945
17.0738
16.9205
16.808
16.6798
16.6133
16.5056
16.3489
16.1951
16.1088
16.0085
15.8823
15.7346
15.6225
15.5071
15.3774
15.2303
15.1107
14.9952
14.8971
14.7892
14.6524
14.5609
14.4635
14.3818
14.2618
14.1931
14.1433
14.0401
13.9339
13.812
13.7052
13.6579
13.5832
13.4968
13.4382
13.3534
13.2734
13.1636
13.0541
12.9632
12.8601
12.7764
12.7101
12.6516
12.5817
12.5258
12.4611
12.3975
12.347
12.2851
12.2457
12.1884
12.1328
12.0292
12.0092
11.9555
11.87
11.7779
11.7061
11.6429
11.5731
11.4878
11.4161
11.3314
11.239
11.1858
11.1105
11.0354
10.9697
10.9219
10.8508
10.7469
10.7098
10.6546
10.5804
10.5143
10.4367
10.418
10.3675
10.3097
10.2697
10.2367
10.1472
10.083
10.0261
9.9879
9.9382
9.8682
9.826
9.7659
9.7193
9.6718
9.6068
9.567
9.5181
9.4715
9.4016
