3.0
3.0
1.9682
1.1861000000000035
0.6867000000000012
0.3876000000000008
0.23729999999999996
0.16179999999999964
0.12740000000000098
0.10219999999999997
0.09300000000000017
0.0913999999999999
0.08429999999999986
0.07730000000000001
0.08180000000000062
0.08100000000000034
0.07619999999999999
0.07600000000000011
0.07209999999999986
0.07590000000000006
0.07440000000000008
0.07059999999999958
0.06930000000000035
0.0674999999999998
0.07129999999999972
0.07270000000000049
0.06859999999999984
0.06660000000000033
0.0668000000000001
0.06859999999999987
0.06640000000000007
0.06790000000000004
0.06860000000000023
0.07050000000000019
0.06949999999999949
0.07039999999999973
0.07240000000000002
0.07079999999999996
0.06589999999999999
0.061700000000000046
0.06639999999999947
0.0652
0.06460000000000013
0.06349999999999986
0.06649999999999988
0.06679999999999961
0.07019999999999967
0.061
0.06099999999999992
0.05990000000000002
0.0602
0.05990000000000023
0.06369999999999987
0.06589999999999985
0.0738999999999996
0.07710000000000028
0.07400000000000022
0.07359999999999975
0.07340000000000019
0.07409999999999956
0.07380000000000017
0.07600000000000005
0.07010000000000015
0.07079999999999999
0.0714000000000001
0.06739999999999972
0.0652999999999997
0.06419999999999942
0.0668000000000001
0.06809999999999991
0.06820000000000018
0.0641000000000001
0.06329999999999975
0.06630000000000019
0.06610000000000023
0.06909999999999963
0.06580000000000016
0.06319999999999983
0.06419999999999942
0.06639999999999992
0.06509999999999999
0.06319999999999983
0.062200000000000207
0.06420000000000038
0.06049999999999991
0.0605
0.06280000000000018
0.06409999999999966
0.06379999999999969
0.06049999999999998
0.0577
0.0586
0.06089999999999993
0.057499999999999975
0.0573
0.05750000000000006
0.055600000000000024
0.05449999999999989
0.05590000000000003
0.05260000000000011
0.056399999999999964
0.058699999999999954
0.05910000000000002
0.0575
0.061599999999999884
0.06250000000000017
0.06320000000000027
0.062200000000000116
0.05780000000000006
0.05770000000000002
0.0584
0.05939999999999993
0.05940000000000002
0.0592
0.0555
0.054599999999999954
0.05540000000000006
0.055099999999999975
0.0565
0.05820000000000002
0.058800000000000026
0.05980000000000001
0.06110000000000002
0.05869999999999997
0.0562
0.05780000000000001
0.058300000000000025
0.05539999999999994
0.0643
0.07189999999999971
0.07439999999999995
0.07589999999999976
0.0801000000000002
0.07960000000000024
0.07460000000000007
0.07679999999999988
0.07320000000000004
0.07470000000000009
0.0734000000000003
0.07250000000000031
0.07269999999999997
0.07280000000000035
0.07000000000000005
0.07470000000000009
0.07360000000000015
0.07470000000000016
0.07479999999999969
0.07889999999999986
0.07599999999999997
0.07939999999999985
0.07600000000000007
0.07439999999999983
0.07629999999999992
0.07740000000000007
0.07459999999999993
0.07149999999999974
0.07210000000000041
0.07319999999999978
0.07570000000000003
0.07760000000000017
0.07870000000000026
0.07430000000000013
0.06989999999999989
0.0696
0.07380000000000025
0.07780000000000019
0.07660000000000013
0.07480000000000034
0.07449999999999973
0.07589999999999988
0.07649999999999996
0.07430000000000045
0.07340000000000012
0.07580000000000028
0.0769000000000001
0.0749999999999999
0.07380000000000013
0.07400000000000012
0.07299999999999991
0.07290000000000008
0.07029999999999985
0.07549999999999991
0.07839999999999972
0.07409999999999978
0.07369999999999963
0.07090000000000003
0.07560000000000001
0.07420000000000018
0.07729999999999987
0.07619999999999987
0.0766
0.07619999999999982
0.07729999999999985
0.08079999999999973
0.08149999999999998
0.07810000000000006
0.07710000000000033
0.07370000000000036
0.07699999999999979
0.07800000000000022
