49.0
49.0
49.516093229744726
50.24084350721421
50.94672586015538
51.8046614872364
52.58601553829079
53.17980022197558
53.78024417314096
54.593784683684795
55.19644839067703
55.951165371809104
56.458379578246394
56.900110987791344
57.62597114317425
58.365149833518316
59.127635960044394
59.95671476137625
60.57713651498335
61.13096559378469
61.61598224195338
62.172031076581575
62.664816870144286
63.42286348501665
64.14872364039955
64.72697003329634
65.25638179800222
65.79356270810212
66.38401775804661
67.05216426193118
67.661487236404
68.22086570477248
68.92008879023308
69.44062153163152
69.79911209766925
70.58379578246392
71.17092119866814
71.86903440621532
72.52164261931188
73.09655937846837
73.60266370699223
74.16204217536071
74.74694783573807
75.38179800221975
75.85016648168701
76.59489456159822
77.15538290788014
77.88679245283019
78.4173140954495
79.1198668146504
79.77580466148724
80.50943396226415
81.03551609322975
81.6315205327414
82.20754716981132
82.79467258601554
83.33629300776914
83.80022197558269
84.31298557158712
84.7746947835738
85.29300776914539
85.85016648168701
86.35072142064372
86.90122086570477
87.34628190899001
87.92008879023308
88.45394006659268
88.99334073251943
89.53829078801331
90.12430632630411
90.5638179800222
91.12208657047725
91.81021087680355
92.496115427303
93.07769145394006
93.71254162042176
94.13096559378468
94.53940066592675
95.03662597114318
95.69034406215316
96.38068812430633
96.7402885682575
97.1276359600444
97.76803551609324
98.31520532741398
99.10099889012209
99.58934517203107
100.28412874583796
100.496115427303
100.91231964483907
101.43951165371809
102.11209766925639
102.76803551609324
103.3085460599334
103.7402885682575
104.44839067702553
104.74916759156493
105.31631520532741
105.86348501664817
106.42619311875694
106.99445061043285
107.55826859045504
108.39400665926748
108.96004439511654
109.51387347391787
109.99223085460599
110.41953385127636
110.88901220865705
111.56159822419534
112.09433962264151
112.5149833518313
113.27302996670366
113.9245283018868
114.41176470588235
114.90233074361821
115.27635960044395
115.8046614872364
116.17980022197558
116.66259711431742
117.2219755826859
117.59267480577137
118.17425083240843
118.661487236404
119.12430632630411
119.70366259711432
120.33740288568258
121.01331853496116
121.41287458379578
121.94561598224195
122.51165371809101
123.15094339622641
123.73140954495005
124.51165371809101
125.05993340732519
125.55160932297447
126.23085460599334
126.79356270810212
127.41509433962264
128.26415094339623
129.01331853496114
129.54384017758048
130.18978912319645
130.79023307436182
131.5493895671476
132.25305216426193
133.0033296337403
133.65149833518313
134.1842397336293
134.92230854605992
135.527192008879
136.19977802441733
136.81687014428414
137.3684794672586
138.0110987791343
138.70810210876803
139.20865704772476
139.66259711431744
140.22419533851277
140.75138734739178
141.41398446170922
142.35627081021087
143.18312985571586
143.8312985571587
144.64039955604883
145.1764705882353
145.76803551609322
146.36958934517205
147.19311875693674
148.10765815760266
148.9322974472808
149.73584905660377
150.70921198668145
151.40510543840176
152.16981132075472
152.83351831298557
153.2863485016648
153.93340732519422
154.47613762486125
155.16315205327413
155.91564927857937
156.78024417314094
157.1609322974473
157.59267480577137
158.3052164261931
158.99556048834629
159.7602663706992
160.48390677025526
161.14095449500556
161.72918978912318
162.3873473917869
163.157602663707
164.33296337402885
165.04661487236405
165.55493895671475
166.42508324084352
167.09988901220865
167.64483906770255
168.27413984461708
168.8279689234184
169.58157602663707
