225.0
225.0
224.7688
224.5171
224.283
224.0458
223.809
223.59
223.3234
223.0634
222.8048
222.5265
222.2675
221.9925
221.7403
221.5107
221.2442
221.0189
220.7414
220.4954
220.2374
219.968
219.7466
219.5099
219.3057
219.0638
218.8119
218.5646
218.3106
218.0925
217.8443
217.6244
217.4263
217.1728
216.9083
216.6952
216.4597
216.2308
216.0162
215.7382
215.5091
215.2557
215.0168
214.7779
214.5577
214.2605
214.0261
213.8295
213.6227
213.4043
213.1875
212.9569
212.7234
212.5052
212.3109
212.1363
212.0039
211.8369
211.7168
211.6101
211.4541
211.3482
211.1831
211.0843
210.9762
210.85
210.752
210.6435
210.5248
210.3667
210.2401
210.1338
210.0096
209.9106
209.7677
209.6366
209.4891
209.3724
209.2569
209.1216
208.991
208.8771
208.747
208.6071
208.4693
208.3522
208.2739
208.1598
208.0309
207.9184
207.7922
207.678
207.5044
207.3892
207.2862
207.2263
207.0938
207.0167
206.873
206.7257
206.632
206.4789
206.3421
206.2327
206.0924
206.0004
205.887
205.7853
205.6345
205.5229
205.3897
205.2623
205.168
205.0337
204.9228
204.8051
204.6623
204.5513
204.4653
204.2968
204.2085
204.0948
203.998
203.8941
203.7469
203.6227
203.4815
203.338
203.0931
202.7321
202.3285
201.8331
201.3463
200.8713
200.3182
199.8598
199.284
198.8119
198.2275
197.6568
197.057
196.4859
195.9409
195.4183
194.8456
194.2921
193.677
193.1385
192.5121
191.9949
191.4415
190.8019
190.2567
189.6418
189.0816
188.461
187.9306
187.396
186.8124
186.228
185.68
185.1345
184.628
184.0063
183.4486
182.9046
182.3275
181.7485
181.2322
180.6831
180.1098
179.6091
179.0634
178.5776
178.0692
177.4893
176.9506
176.4346
175.8646
175.3282
174.7889
174.2002
173.6718
173.0807
172.5125
172.021
171.4621
170.9673
170.4816
169.9425
169.4059
168.8634
168.3214
167.8073
167.356
166.902
166.4159
165.9154
165.3475
164.8461
