17.0
17.0
16.92250000000004
16.846999999999905
16.774200000000086
16.7040999999999
16.62670000000004
16.545
16.4746
16.393699999999995
16.315499999999943
16.24390000000014
16.162499999999994
16.086399999999927
16.008299999999927
15.9317
15.8565
15.777899999999997
15.701599999999997
15.623
15.542999999999997
15.4657
15.3874
15.303400000000005
15.223499999999994
15.137800000000006
15.0532
14.972200000000008
14.89109999999999
14.801400000000006
14.718199999999989
14.639999999999988
14.5544
14.46320000000001
14.376300000000011
14.296399999999997
14.214400000000017
14.13349999999999
14.048199999999994
13.9684
13.8876
13.80210000000003
13.714400000000017
13.632400000000011
13.550699999999988
13.466899999999976
13.381700000000011
13.293600000000005
13.209900000000006
13.129500000000009
13.036099999999983
12.948499999999992
12.862099999999993
12.781500000000015
12.708600000000002
12.651199999999971
12.5942
12.53849999999996
12.491500000000018
12.448799999999995
12.404100000000046
12.3666
12.327200000000019
12.280800000000028
12.237100000000014
12.195999999999968
12.154800000000003
12.11109999999997
12.068700000000007
12.027099999999965
11.982299999999988
11.937299999999992
11.895000000000008
11.84829999999998
11.80029999999999
11.756499999999981
11.709900000000037
11.666500000000015
11.622499999999986
11.576700000000011
11.53279999999998
11.491599999999995
11.447200000000018
11.401700000000032
11.359899999999987
11.319600000000015
11.277400000000032
11.235099999999987
11.191099999999992
11.145399999999984
11.109799999999971
11.064399999999976
11.02610000000001
10.983400000000017
10.940500000000034
10.894099999999984
10.84869999999999
10.804900000000014
10.759099999999972
10.712399999999997
10.665300000000004
10.620999999999938
10.56680000000003
10.522100000000012
10.477299999999989
10.433099999999985
10.394400000000012
10.34990000000001
10.303999999999968
10.253399999999992
10.207199999999963
10.157300000000006
10.115400000000069
10.075200000000027
10.028999999999991
9.987999999999992
9.947600000000039
9.903300000000018
9.859300000000013
9.81630000000002
9.777399999999995
9.731299999999967
9.690699999999989
9.648399999999983
9.605300000000035
9.563899999999979
9.523100000000014
9.48409999999997
9.42729999999999
9.377999999999938
9.314300000000015
9.252600000000006
9.188500000000086
9.12570000000003
9.061699999999952
9.000600000000006
8.935000000000034
8.865400000000008
8.793200000000006
8.731099999999998
8.664900000000031
8.59690000000003
8.534599999999967
8.46189999999999
8.387800000000018
8.319800000000035
8.249399999999973
8.182899999999998
8.114100000000002
8.047899999999986
7.9801
7.9159
7.8515
7.7845
7.711799999999997
7.6476
7.5764
7.512299999999997
7.447600000000006
7.3791
7.31
7.2452999999999985
7.1786
7.113000000000012
7.057800000000006
6.991099999999996
6.923499999999997
6.858699999999991
6.791200000000009
6.732200000000004
6.662700000000012
6.59079999999999
6.518699999999991
6.451699999999981
6.389799999999992
6.324599999999996
6.260699999999989
6.194100000000011
6.1266000000000025
6.066200000000004
6.003700000000014
5.942000000000022
5.8770999999999916
5.818600000000009
5.75570000000001
5.696000000000019
5.634299999999984
5.578199999999996
5.51569999999999
5.44969999999997
5.3902999999999945
5.328700000000013
5.270399999999988
5.214899999999983
5.162099999999995
5.103100000000003
5.047299999999994
4.994300000000001
4.940700000000011
4.8851999999999975
