6.0
6.0
5.966300000000004
5.931600000000008
5.900299999999981
5.871699999999987
5.841399999999991
5.809600000000015
5.773699999999999
5.7374000000000205
5.706000000000027
5.675999999999991
5.64650000000002
5.616800000000011
5.586999999999991
5.56039999999999
5.52539999999999
5.495799999999994
5.464799999999997
5.434599999999986
5.407399999999988
5.374399999999997
5.344400000000006
5.314100000000004
5.285900000000002
5.264199999999999
5.238100000000009
5.2100999999999775
5.184300000000013
5.155700000000004
5.12570000000003
5.094599999999999
5.060599999999998
5.033500000000001
5.006300000000008
4.982699999999994
4.950800000000004
4.922299999999998
4.893200000000019
4.8648
4.834099999999989
4.805799999999966
4.772100000000002
4.74770000000002
4.725299999999976
4.696399999999992
4.6705
4.635899999999983
4.607500000000004
4.577299999999973
4.55639999999999
4.531299999999993
4.510399999999989
4.488600000000017
4.463100000000018
4.43919999999998
4.4185000000000105
4.393299999999978
4.375299999999987
4.3459
4.32049999999999
4.297400000000014
4.2745
4.250000000000002
4.225600000000014
4.204200000000017
4.181200000000004
4.155100000000009
4.130100000000014
4.102300000000024
4.080700000000001
4.053499999999997
4.030499999999993
4.0059999999999985
3.9843
3.9617
3.9427
3.919199999999999
3.9009
3.8722
3.8496999999999986
3.8262000000000014
3.8042
3.7839
3.7639
3.7427000000000006
3.7176000000000013
3.6976999999999935
3.673500000000003
3.6542000000000017
3.6325999999999965
3.610700000000003
3.5907000000000013
3.5688
3.5421
3.5205000000000006
3.4993
3.4803999999999955
3.4581999999999984
3.436599999999994
3.417799999999997
3.395600000000003
3.375500000000006
3.3555999999999973
3.332900000000009
3.312800000000003
3.2910000000000075
3.2773000000000043
3.2571999999999997
3.2323000000000017
3.2091000000000056
3.194399999999995
3.177099999999991
3.1585000000000036
3.135200000000002
3.1157000000000075
3.0972999999999997
3.0778000000000065
3.0547000000000133
3.034499999999999
3.0144000000000086
2.9976999999999965
2.9778000000000007
2.954600000000005
2.9374999999999956
2.9209000000000027
2.906000000000007
2.884800000000007
2.873300000000002
2.8633000000000033
2.8482999999999916
2.8312999999999993
2.8113999999999995
2.793999999999993
2.7872999999999903
2.773199999999999
2.758000000000005
2.7473999999999976
2.7341999999999986
2.722199999999998
2.7035999999999953
2.686700000000001
2.670800000000013
2.6543000000000023
2.639000000000008
2.623900000000001
2.6122000000000027
2.6017000000000006
2.5909999999999975
2.5781000000000067
2.5665000000000076
2.556400000000004
2.545099999999997
2.534900000000007
2.524799999999989
2.5145999999999797
2.498600000000003
2.493200000000016
2.480499999999999
2.4648000000000083
2.451299999999993
2.4393000000000025
2.4288999999999965
2.4165000000000023
2.402600000000001
2.3911000000000033
2.375000000000005
2.362799999999997
2.3501999999999894
2.337099999999994
2.326400000000003
2.315299999999999
2.3058999999999923
2.2943999999999987
2.2765000000000013
2.2710000000000057
2.263600000000002
2.2521999999999935
2.2400999999999986
2.2269000000000028
2.2192000000000034
2.207500000000006
2.200099999999997
2.192099999999987
2.183699999999991
2.1704000000000128
2.161199999999999
2.1513000000000146
2.1412999999999958
2.1323999999999925
2.122000000000005
2.1161999999999876
2.1050999999999966
2.0969000000000015
2.09
2.0810000000000106
2.0728000000000018
2.064300000000012
2.055500000000007
2.041599999999992
