12.0
12.0
11.95089999999998
11.897299999999989
11.848999999999995
11.803999999999979
11.755299999999963
11.711599999999997
11.659100000000016
11.60939999999996
11.56410000000001
11.515800000000059
11.468000000000007
11.419200000000012
11.374699999999969
11.327499999999972
11.284600000000033
11.237400000000022
11.19300000000004
11.14650000000003
11.09790000000003
11.051599999999999
11.003399999999973
10.954299999999993
10.903600000000003
10.856100000000012
10.807799999999991
10.762400000000001
10.718000000000018
10.66949999999999
10.622900000000037
10.568500000000036
10.521399999999968
10.470400000000033
10.42360000000001
10.371999999999938
10.324500000000018
10.2785
10.23280000000001
10.189399999999951
10.143599999999998
10.093699999999924
10.052199999999983
10.005499999999957
9.957799999999999
9.909100000000024
9.86310000000002
9.82009999999998
9.773000000000025
9.723999999999984
9.671700000000037
9.621600000000017
9.57699999999998
9.534099999999972
9.492099999999962
9.462000000000025
9.437399999999966
9.401900000000007
9.372299999999989
9.344099999999987
9.314100000000025
9.287000000000065
9.257400000000002
9.227299999999998
9.199999999999967
9.171400000000043
9.139300000000002
9.108500000000019
9.07919999999998
9.046800000000024
9.019099999999971
8.992400000000012
8.962200000000015
8.935200000000062
8.90520000000002
8.875799999999996
8.850999999999994
8.825700000000026
8.800699999999997
8.776099999999982
8.749000000000036
8.71730000000003
8.689199999999955
8.66139999999994
8.633599999999971
8.608600000000038
8.577899999999941
8.551099999999987
8.526800000000014
8.50040000000001
8.47379999999998
8.444
8.415300000000043
8.389000000000028
8.361599999999976
8.328700000000028
8.304999999999987
8.278400000000007
8.254899999999926
8.229100000000015
8.203000000000017
8.174300000000034
8.15100000000001
8.125
8.098499999999994
8.071400000000025
8.047099999999997
8.023799999999989
8.001699999999937
7.978299999999995
7.9518
7.9242
7.8962
7.870799999999998
7.8431
7.8137
7.786800000000001
7.7596
7.733800000000001
7.7077
7.6859
7.661
7.635499999999999
7.6125
7.580700000000001
7.5561
7.528799999999997
7.504099999999998
7.4886
7.4656
7.449100000000004
7.433599999999997
7.4147000000000025
7.398700000000006
7.384299999999999
7.366400000000003
7.348
7.334699999999991
7.318099999999994
7.299900000000003
7.2855
7.2714
7.2528999999999915
7.235499999999996
7.2216999999999985
7.205600000000003
7.189600000000001
7.17620000000001
7.158800000000006
7.141800000000003
7.126999999999999
7.110899999999993
7.091099999999994
7.0751
7.061099999999991
7.043100000000004
7.0281999999999885
7.012300000000003
6.992099999999997
6.973300000000009
6.956800000000006
6.9366999999999885
6.915400000000009
6.896299999999991
6.8782
6.860300000000001
6.846300000000003
6.829599999999996
6.812900000000011
6.797300000000011
6.782400000000002
6.761200000000003
6.7461
6.730500000000003
6.710200000000013
6.694799999999997
6.680599999999991
6.664399999999997
6.6504
6.63210000000001
6.612699999999997
6.594299999999997
6.577699999999997
6.561000000000011
6.543099999999986
6.5298999999999925
6.515700000000008
6.501599999999999
6.482800000000014
6.465499999999996
6.449100000000005
6.43370000000001
6.417800000000004
6.401599999999991
6.3824
6.367299999999997
6.350699999999993
6.334100000000006
6.318500000000014
6.3015000000000025
