6859.0
6859.0
6730.3008
6615.2929
6497.6375
6380.5506
6271.3845
6155.0555
6040.9921
5942.8962
5835.9431
5731.2843
5627.6334
5533.8301
5435.4392
5340.4481
5234.6952
5145.6204
5055.6403
4962.1868
4883.6383
4799.9139
4720.911
4634.8602
4554.4311
4481.1064
4397.3894
4332.6929
4258.3183
4179.375
4113.6389
4045.6044
3975.5554
3907.177
3844.465
3773.2978
3705.3022
3642.6734
3570.5267
3507.0303
3446.7272
3391.3491
3337.2488
3277.498
3223.7971
3166.242
3115.5828
3066.7856
3016.2836
2961.9398
2906.152
2857.6143
2814.1276
2767.2108
2726.1333
2682.6119
2648.7422
2611.9258
2579.5225
2541.5049
2503.8998
2469.1943
2435.2869
2408.205
2375.4554
2340.7163
2310.4523
2279.0602
2244.5221
2211.922
2179.9042
2151.7231
2124.4724
2100.1068
2070.7968
2041.7968
2017.0251
1988.8244
1961.8025
1933.3721
1907.3066
1881.1284
1855.243
1832.1279
1809.3071
1781.1943
1759.0795
1733.5152
1707.5605
1681.732
1659.0096
1639.8519
1617.5428
1595.2314
1571.091
1551.1695
1528.8584
1508.693
1488.3221
1467.6662
1445.8605
1427.7541
1408.2025
1389.3337
1370.2991
1351.1302
1333.2322
1318.0116
1301.4996
1284.7618
1266.6826
1248.2704
1229.0734
1212.4523
1195.8068
1181.4998
1167.1214
1150.5043
1133.4251
1118.6234
1104.0232
1088.0325
1073.0403
1058.0287
1044.6882
1030.6818
1019.3455
1004.8846
996.9185
994.2866
990.2455
987.7772
985.4748
984.4778
980.5237
979.7751
977.568
975.7031
972.5745
972.6209
969.2433
965.3467
964.9557
962.8115
961.534
959.2526
958.2178
953.5443
954.9404
953.0446
951.9269
945.5638
942.4526
939.5592
937.2512
936.331
935.6233
934.3134
930.7792
926.0407
923.8746
923.5117
920.0749
915.7672
913.6257
908.1434
906.8263
903.2902
899.9419
898.8345
899.7515
894.9708
891.0076
888.0945
883.1645
879.7021
876.9741
872.4356
871.8327
869.6126
867.0863
865.3881
864.0519
862.859
863.3982
862.1582
863.7534
860.4583
859.4221
854.9274
852.8299
851.2325
848.5875
846.1866
842.1314
838.5101
835.8249
832.9337
831.9393
832.0012
