3.0
3.0
2.981100000000003
2.961400000000006
2.942799999999992
2.9193999999999973
2.9018000000000073
2.886099999999998
2.864700000000006
2.8480999999999908
2.8264999999999967
2.812199999999997
2.7968000000000006
2.7822000000000005
2.7644
2.7448999999999995
2.728499999999989
2.7093999999999907
2.6942000000000066
2.6784999999999926
2.6649000000000065
2.644799999999989
2.6315999999999926
2.619199999999998
2.6047000000000047
2.592500000000012
2.579099999999999
2.5688000000000013
2.5552000000000024
2.5436999999999967
2.532500000000001
2.5182000000000055
2.5053000000000036
2.4945999999999993
2.48600000000001
2.4795999999999876
2.4691000000000045
2.455600000000003
2.445099999999991
2.4340000000000037
2.4231000000000074
2.4119000000000024
2.398899999999998
2.3873000000000033
2.3763999999999914
2.3654999999999897
2.3558000000000128
2.346800000000005
2.3392000000000035
2.327199999999992
2.318599999999997
2.3121999999999963
2.3044000000000016
2.2942999999999967
2.288799999999989
2.2871999999999892
2.2853999999999957
2.2802000000000073
2.276399999999997
2.2755000000000125
2.272299999999997
2.2698000000000005
2.267499999999997
2.2661999999999947
2.2636999999999925
2.2616000000000027
2.258100000000004
2.256299999999989
2.256299999999995
2.254599999999995
2.2547999999999897
2.2496000000000045
2.246699999999996
2.2417000000000016
2.2397999999999914
2.2368000000000023
2.2366000000000197
2.2379000000000033
2.2378
2.2362999999999955
2.2356000000000087
2.2362999999999933
2.2384000000000146
2.2356000000000007
2.23580000000001
2.2343000000000193
2.2344000000000004
2.234600000000007
2.235300000000012
2.2363000000000075
2.236300000000004
2.2356000000000047
2.231499999999993
2.232900000000008
2.236300000000004
2.235900000000007
2.2351000000000156
2.237799999999996
2.2373999999999987
2.238599999999997
2.2411000000000074
2.2414000000000063
2.241899999999988
2.243599999999997
2.244400000000004
2.246999999999985
2.2503999999999906
2.251899999999997
2.2524999999999955
2.255399999999996
2.2578000000000045
2.263100000000011
2.266199999999989
2.268499999999991
2.271600000000006
2.274199999999993
2.2742000000000058
2.2725000000000066
2.2729000000000017
2.2738999999999887
2.273900000000003
2.2758999999999943
2.2801999999999887
2.2832999999999957
2.28560000000001
2.282899999999996
2.2809000000000115
2.280400000000006
2.2754000000000074
2.275199999999994
2.2749999999999977
2.268500000000011
2.268800000000018
2.269999999999999
2.26639999999999
2.2668000000000013
2.266600000000013
2.264300000000003
2.2602000000000064
2.257699999999988
2.252200000000005
2.249899999999998
2.2452999999999914
2.2465000000000046
2.2440999999999955
2.244199999999993
2.2438
2.241800000000009
2.2405000000000013
2.235599999999996
2.2342000000000066
2.2327999999999975
2.231000000000011
2.2302000000000004
2.2285999999999957
2.2258000000000004
2.2232999999999907
2.2224999999999966
2.221899999999986
2.2196000000000113
2.2160000000000104
2.217000000000001
2.217100000000012
2.2170000000000045
2.212799999999993
2.2105000000000046
2.207400000000006
2.2019999999999915
2.1966999999999977
2.1974
2.1939000000000024
2.1923999999999895
2.191199999999995
2.1923000000000097
2.187000000000008
2.1862999999999975
2.1839000000000084
2.181299999999998
2.175400000000009
2.1748000000000056
2.16950000000001
2.166899999999993
2.1642000000000134
2.1634000000000113
2.159800000000008
2.154100000000017
2.151599999999996
2.150400000000005
2.1517000000000066
2.1505000000000125
2.150400000000002
2.1480000000000046
2.146599999999998
2.146499999999997
2.146600000000002
2.143299999999992
2.1422000000000114
2.137699999999993
2.1377999999999964
2.136299999999996
