2.0
2.0
2.0337000000000054
2.068699999999995
2.1070999999999964
2.1430999999999907
2.1810999999999994
2.211499999999999
2.247100000000001
2.2855999999999996
2.323900000000017
2.3626999999999967
2.3976000000000006
2.4400000000000133
2.481999999999998
2.5172999999999894
2.5555999999999996
2.5926999999999985
2.6353999999999975
2.6704000000000034
2.705499999999992
2.7450999999999977
2.7800999999999996
2.814799999999989
2.858100000000013
2.8916000000000053
2.9326999999999885
2.9711999999999974
3.007300000000005
3.045399999999995
3.0846999999999953
3.1219000000000037
3.156299999999998
3.1924000000000077
3.2316999999999956
3.2655000000000003
3.299799999999996
3.3377
3.3742000000000023
3.4127000000000014
3.4479999999999973
3.488
3.5272000000000037
3.561699999999997
3.592699999999996
3.626299999999999
3.6625999999999994
3.6886999999999985
3.7198
3.754
3.7886000000000015
3.8194
3.8507000000000007
3.8844
3.9194
3.9563
3.9987000000000057
4.037700000000034
4.078400000000005
4.120599999999994
4.162900000000024
4.197799999999996
4.2362000000000135
4.273000000000015
4.315100000000009
4.354299999999976
4.39510000000001
4.433899999999992
4.465600000000001
4.500000000000025
4.536400000000032
4.5768999999999975
4.613200000000003
4.650200000000001
4.69319999999999
4.728799999999997
4.767299999999995
4.802799999999992
4.840599999999973
4.876000000000008
4.915299999999981
4.953099999999999
4.989399999999999
5.027000000000022
5.0664999999999925
5.103899999999997
5.1408999999999985
5.17559999999998
5.207899999999998
5.243499999999997
5.280700000000037
5.317299999999972
5.352400000000001
5.38940000000001
5.4245000000000125
5.460900000000006
5.492499999999984
5.527299999999976
5.563800000000012
5.598600000000002
5.636400000000014
5.670600000000003
5.704800000000014
5.7362000000000135
5.768700000000009
5.799300000000006
5.830799999999988
5.864600000000025
5.899799999999978
5.930700000000001
5.967700000000005
5.998400000000009
6.034200000000002
6.0675000000000034
6.09970000000002
6.131500000000002
6.164500000000011
6.200699999999987
6.238799999999992
6.2724000000000055
6.307300000000021
6.340799999999981
6.375199999999989
6.409399999999999
6.446000000000001
6.4815
6.511400000000005
6.540099999999999
6.562400000000012
6.580100000000006
6.594000000000006
6.601099999999987
6.607499999999997
6.614499999999983
6.6262
6.635899999999992
6.644099999999998
6.655499999999986
6.6699000000000055
6.680299999999997
6.6861000000000175
6.693800000000006
6.710099999999993
6.718400000000009
6.727399999999989
6.7349000000000085
6.745400000000018
6.749799999999992
6.75919999999999
6.768399999999979
6.780300000000008
6.791099999999998
6.802999999999991
6.8144000000000045
6.826199999999998
6.833799999999997
6.845499999999997
6.855800000000012
6.869199999999994
6.8772
6.881800000000007
6.893699999999997
6.901299999999994
6.908599999999999
6.922500000000006
6.930800000000001
6.9417000000000115
6.950099999999993
6.9612000000000105
6.973899999999994
6.9814
6.991799999999988
6.999700000000009
7.012399999999997
7.025200000000009
7.036399999999984
7.052400000000003
7.066900000000006
7.072599999999997
7.093600000000003
7.100800000000001
7.108000000000001
7.12220000000001
7.136600000000003
7.149299999999998
7.156700000000009
7.166599999999988
7.178700000000009
7.1865000000000085
7.192499999999998
7.211799999999997
7.226399999999995
7.2428
7.255299999999994
7.2701
7.279900000000004
7.291100000000003
7.304799999999996
7.316399999999995
7.324900000000003
