343.0
343.0
342.1982573918012
341.79917154692185
340.9981431224111
340.53949435794885
339.8315954863591
339.74289387230397
339.37237537494644
339.3300957006142
339.31838308813025
339.23325239251534
339.50364233680904
339.7031852592487
339.8657334666476
339.62419654335093
339.464219397229
339.43693758034567
339.9955720611341
341.03299528638763
341.4373660905585
342.2328238823025
342.8207398943008
342.9407227538923
343.83230967004715
344.6077703185259
346.3609484359377
347.23468075989143
348.8348807313241
349.81459791458366
350.8011712612484
352.5253535209256
353.98985859162974
356.00257106127697
357.0251392658192
358.85616340522785
361.36780459934295
362.7867447507499
364.5747750321383
366.09655763462365
367.9494357948864
370.77831738323096
373.18140265676334
375.1151264105128
378.0114269390087
379.76060562776746
381.9018711612627
383.6541922582488
385.29067276103416
387.5714897871733
389.2506784745036
392.1182688187402
394.65590629910014
397.1456934723611
398.3496643336666
400.0925582059706
401.45007856020567
402.6970432795315
404.823596629053
406.6910441365519
408.3736609055849
409.6057706041994
410.3745179260106
411.12169690044277
412.40651335523495
413.843308098843
415.03328095986285
416.3805170689901
417.50835594915014
420.03313812312524
421.62576774746464
422.3895157834595
422.9631481216969
424.0822739608627
425.38551635480644
427.163976574775
428.22611055563493
429.00085702042566
430.025567776032
431.1136980431367
432.02799600057136
432.631481216969
434.36009141551204
435.9715754892158
436.97386087701756
438.355377803171
439.87701756891875
441.1615483502357
441.6584773603771
443.7338951578346
444.55706327667474
445.5370661334095
447.40837023282387
448.7550349950007
449.74746464790746
450.5452078274532
450.8317383230967
452.4695043565205
454.3092415369233
454.59634337951724
455.4855020711327
457.40365662048276
458.31666904727894
458.7660334237966
458.81716897586057
458.7283245250678
459.63848021711186
461.63033852306813
462.5549207256106
463.41236966147693
464.16769032995285
465.5046421939723
466.0731324096558
466.2916726181974
466.6571918297386
468.6506213398086
469.7981716897586
470.4315097843165
470.30067133266675
471.1238394515069
471.6893300957006
472.2568204542208
473.3226681902585
474.1152692472504
475.7776031995429
475.493786601914
475.6476217683188
475.9570061419797
476.2599628624482
476.8134552206828
476.7294672189687
476.5387801742608
477.23210969861447
478.4056563348093
478.06156263390943
478.4477931724039
478.21896871875447
478.163976574775
477.5686330524211
477.43036709041564
477.4042279674332
477.72475360662764
477.91086987573203
478.7293243822311
480.41122696757606
480.56163405227824
481.388230252821
481.03656620482786
482.4355092129696
483.7930295672047
484.75432081131265
484.12883873732324
485.67204685044993
486.53220968433084
487.7687473218112
488.58120268533065
489.75746321954006
490.9385802028282
491.1806884730753
492.567204685045
493.34380802742464
494.13398085987717
494.3892301099843
495.6054849307242
495.9760034280817
496.3605199257249
497.323953720897
497.7981716897586
499.1572632481074
499.78774460791317
500.4687901728324
501.4165119268676
502.3012426796172
503.62462505356376
504.05170689901445
504.87987430367093
505.3683759462934
506.8541636909013
507.76474789315813
507.3852306813312
507.70661334095126
507.7504642193972
509.2228253106699
509.50507070418513
509.8760177117555
510.6177688901586
511.83773746607625
512.5899157263248
513.3380945579203
514.6954720754178
515.3278103128124
515.9960005713469
516.5267818883017
517.9255820597058
519.8403085273533
519.4892158263106
521.0751321239823
522.1012712469648
523.1218397371804
523.9822882445364
