4913.0
4913.0
4998.005994005994
5077.334665334665
5152.323676323676
5229.68931068931
5312.557442557442
5394.53946053946
5454.682317682317
5547.497502497503
5634.442557442558
5717.756243756244
5802.893106893107
5875.1238761238765
5967.0489510489515
6054.882117882118
6138.399600399601
6244.643356643357
6319.755244755244
6395.500499500499
6476.683316683317
6576.706293706294
6659.36063936064
6727.778221778221
6831.432567432567
6924.629370629371
7001.372627372627
7103.491508491508
7198.045954045954
7274.838161838162
7369.366633366633
7442.866133866134
7549.181818181818
7655.297702297702
7729.500499500499
7812.656343656344
7914.831168831169
7986.955044955045
8088.94005994006
8160.979020979021
8233.073926073926
8344.544455544456
8417.720279720279
8520.04095904096
8602.476523476524
8701.21978021978
8803.04995004995
8936.93106893107
9026.535464535464
9130.593406593407
9248.093906093905
9374.216783216783
9456.594405594406
9551.097902097903
9605.961038961039
9685.956043956045
9736.291708291708
9801.233766233767
9861.192807192807
9914.638361638361
9972.237762237763
10024.514485514486
10084.067932067932
10162.522477522478
10232.903096903097
10281.83016983017
10327.888111888113
10401.620379620379
10459.914085914086
10524.887112887112
10600.525474525475
10664.656343656343
10740.577422577422
10813.154845154846
10892.024975024975
10951.102897102897
11007.58041958042
11058.003996003996
11113.592407592407
11207.65034965035
11274.131868131868
11342.034965034965
11408.07992007992
11451.071928071928
11505.606393606393
11544.718281718282
11611.148851148851
11695.70929070929
11773.6003996004
11841.00999000999
11916.754245754246
11987.436563436564
12048.01998001998
12095.281718281718
12188.935064935065
12245.597402597403
12313.363636363636
12378.451548451549
12429.664335664336
12478.87912087912
12571.215784215785
12641.572427572428
12710.34965034965
12754.158841158842
12810.818181818182
12894.561438561439
12980.66033966034
13038.025974025973
13130.213786213786
13227.66933066933
13295.117882117882
13355.368631368632
13411.103896103896
13464.647352647353
13512.382617382618
13583.505494505494
13640.997002997003
13711.934065934065
13777.672327672328
13855.861138861139
13919.542457542457
13983.951048951049
14076.612387612387
14144.801198801199
14183.999000999002
14255.412587412588
14337.042957042957
14435.634365634365
14519.697302697303
14602.944055944055
14692.753246753247
14804.182817182817
14885.046953046953
14976.253746253746
15044.673326673326
15122.583416583417
15180.407592407593
15247.66033966034
15302.438561438561
15372.752247752247
15475.614385614386
15599.348651348651
15698.434565434565
15781.008991008992
15859.92007992008
15942.311688311689
16011.63036963037
16104.54045954046
16182.418581418582
16289.863136863138
16403.08791208791
16496.227772227772
16612.609390609392
16693.47352647353
16774.501498501497
16860.34165834166
16960.434565434567
17084.31168831169
17185.572427572428
17265.99000999001
17375.783216783217
17486.88011988012
17593.927072927072
17687.698301698303
17754.026973026972
17867.86213786214
17974.2007992008
18021.36063936064
18123.070929070927
18221.636363636364
18302.09290709291
18391.93906093906
18474.924075924075
18566.68931068931
18680.164835164836
18765.1008991009
18874.396603396603
18951.805194805194
19024.828171828172
19099.698301698303
19177.85014985015
19253.01098901099
19354.053946053948
19491.223776223775
19579.95104895105
19668.83116883117
19768.634365634367
19881.028971028973
19955.16083916084
20035.306693306695
20128.151848151847
20196.784215784217
20309.351648351647
20387.744255744255
20465.7992007992
20524.898101898103
20604.373626373625
20676.26973026973
20771.509490509492
20847.28871128871
