729.0
729.0
736.4344
743.2931
749.0786
757.0424
763.5803
770.9504
777.4866
784.5004
793.2558
800.5518
808.6102
816.9347
825.8282
834.1511
843.7073
851.4911
860.2909
869.5036
878.3529
886.8061
896.6234
906.1913
916.1017
924.5837
932.6626
941.479
951.3793
960.636
969.5694
979.2383
990.2473
1002.0436
1013.9458
1023.7338
1035.7529
1045.1936
1056.2467
1064.1501
1075.3243
1085.519
1096.9746
1108.6019
1121.3759
1132.6919
1144.9639
1155.0773
1166.9894
1180.9373
1193.2874
1205.7156
1219.6663
1232.2986
1246.0322
1258.0581
1271.2227
1286.1159
1299.26
1312.0362
1327.2904
1342.1591
1357.0003
1373.3424
1387.2128
1402.0523
1417.6242
1433.4245
1451.0669
1467.7544
1486.522
1503.0732
1521.3425
1541.1437
1557.3958
1574.5828
1589.9814
1608.4784
1626.0836
1644.0786
1661.3677
1680.567
1697.5098
1715.9876
1733.1921
1754.5102
1770.2024
1788.8487
1806.618
1826.7393
1847.6578
1866.4999
1884.1605
1905.1312
1924.4944
1941.4814
1962.1307
1981.18
2002.9959
2026.9843
2045.4595
2065.8671
2089.3711
2112.5887
2137.036
2158.6766
2182.2059
2203.1569
2223.6003
2244.5677
2269.6723
2293.0254
2317.926
2339.5366
2362.4928
2386.3098
2409.7764
2438.9474
2460.5795
2483.7601
2511.4764
2534.1371
2557.0885
2584.0681
2607.4344
2632.3419
2655.1741
2685.5147
2709.9397
2738.3306
2769.6965
2796.2254
2827.096
2853.3151
2883.2484
2913.6563
2940.6202
2972.2697
3005.0311
3035.1879
3065.5226
3093.8639
3123.8217
3151.9614
3182.292
3209.0632
3241.6646
3273.1528
3304.1799
3339.6001
3369.7838
3402.1652
3431.5541
3463.0654
3493.2627
3519.5342
3548.7944
3582.3636
3612.4834
3640.7739
3670.3926
3703.0304
3739.0414
3771.4644
3803.3203
3833.0762
3864.0297
3894.7433
3925.6699
3962.6836
3996.3159
4029.1934
4058.9028
4093.0084
4126.4295
4158.1722
4186.5527
4218.0396
4251.6026
4289.0986
4326.0365
4367.1966
4400.9862
4434.3963
4470.5477
4502.0243
4532.9685
4566.1505
4603.0042
4635.1909
4673.5333
4711.0917
4743.8865
4780.3206
4813.4318
4847.7636
4882.2862
4919.4776
4955.8066
4994.4962
