49.0
49.0
46.9574
44.8502
42.7357
40.6633
38.7326
36.8563
35.0345
33.3192
31.5456
29.8011
28.2815
26.7268
25.3814
24.0104
22.6865
21.4468
20.2365
19.0928
18.0123
16.9422
15.8845
14.9308
14.0025
13.1409
12.3527
11.5619
10.821
10.0709
9.382
8.7895
8.1855
7.587
7.046
6.5504
6.0501
5.6158
5.2226
4.8394
4.4666
4.1588
3.8806
3.6034
3.371
3.1243
2.9145
2.7014
2.5132
2.3473
2.1684
2.0074
1.8757
1.755
1.6909
1.6485
1.6177
1.5903
1.5676
1.5463
1.5285
1.5079
1.4857
1.4708
1.4528
1.4361
1.4052
1.395
1.3765
1.3591
1.3516
1.3277
1.3045
1.2803
1.2737
1.2625
1.244
1.2257
1.2131
1.1967
1.1879
1.175
1.1667
1.1487
1.1293
1.1124
1.0948
1.0798
1.0614
1.0455
1.0421
1.028
1.0196
1.0071
0.9924
0.9757
0.9651
0.9502
0.9405
0.9253
0.919
0.9111
0.901
0.8889
0.8738
0.8677
0.8658
0.8585
0.8499
0.8393
0.8333
0.8312
0.8202
0.8152
0.8033
0.7937
0.7916
0.7801
0.7686
0.7634
0.7484
0.739
0.7285
0.7182
0.7142
0.7008
0.6912
0.6845
0.6676
0.6525
0.6317
0.6125
0.5964
0.5785
0.561
0.5397
0.5223
0.5069
0.4898
0.4724
0.462
0.4524
0.4422
0.4372
0.4242
0.4117
0.404
0.3983
0.3931
0.3895
0.3823
0.3753
0.3743
0.3711
0.3666
0.3624
0.3573
0.3542
0.3435
0.3388
0.3383
0.3376
0.3317
0.3269
0.318
0.3132
0.3101
0.3042
0.3023
0.2936
0.2891
0.2892
0.2857
0.2802
0.2727
0.2709
0.2717
0.2748
0.2768
0.2727
0.2669
0.263
0.2609
0.2646
0.2632
0.2606
0.264
0.2664
0.2654
0.2631
0.2666
0.2666
0.2635
0.2626
0.26
0.2587
0.2581
0.2541
0.2596
0.2599
