343.0
343.0
344.1247
344.8654
345.7874
346.5474
347.548
348.3536
348.9537
349.4845
350.5403
351.4123
352.5533
353.9821
355.9333
357.9965
359.599
360.446
361.9142
363.6994
365.3674
366.7477
368.6964
370.2408
372.3304
373.9761
375.477
376.5465
378.6236
380.2713
381.9157
384.3754
386.6774
388.3476
389.9758
391.8757
394.0547
396.5882
399.4487
401.1123
403.2993
405.6728
407.6699
410.0459
412.4492
415.2293
417.5384
420.024
422.5163
425.0461
427.6288
429.7835
431.9641
434.3554
437.207
440.4142
443.8702
447.6215
451.1315
455.0427
458.4233
462.538
466.0994
469.6533
473.2709
477.5011
481.6449
484.728
488.6721
492.8913
496.7471
500.8481
505.9508
510.1898
514.8086
518.7421
523.0628
527.3207
531.4583
535.8007
540.244
545.2626
550.5147
555.3012
560.0194
564.6031
569.0408
573.3787
577.6623
582.4232
587.7054
592.4117
597.3176
602.7538
607.5418
612.6995
618.2997
623.4471
628.4813
633.3396
639.443
645.0527
649.8735
655.4253
660.746
666.0603
671.8322
677.7408
682.3704
688.0032
693.8441
699.7139
705.7591
711.6904
717.2856
722.3773
727.9526
733.4005
738.493
744.5972
750.3419
755.829
761.43
767.4487
773.5612
778.8117
784.4678
789.7143
795.8455
801.454
807.4525
813.0145
819.9203
826.2672
831.6058
836.9939
842.902
848.8953
854.3329
859.7249
866.1561
872.4809
879.2646
885.0378
890.8381
897.0508
903.6152
911.0108
917.8554
924.3991
930.9208
937.0043
942.7777
949.8505
955.737
962.498
969.0713
976.7442
983.908
991.6821
997.9276
1004.3099
1011.3766
1017.6881
1025.5607
1032.8819
1039.1401
1045.7562
1052.9887
1060.0567
1066.165
1073.4577
1079.6183
1086.4148
1093.3423
1101.13
1107.5915
1114.948
1121.068
1128.6347
1135.8802
1143.806
1151.4521
1158.4832
1166.6411
1174.269
1182.0639
1189.5074
1197.5112
1204.2701
1211.4975
1218.9278
1225.7833
1233.4735
1242.3091
1250.6306
1258.7393
1265.4161
1272.8993
1280.8581
