9.0
9.0
8.7433
8.5047
8.2289
7.9823
7.7515
7.5174
7.2992
7.0912
6.8992
6.6861
6.4833
6.2882
6.1081
5.9353
5.7648
5.5887
5.4125
5.2513
5.1087
4.9441
4.7889
4.6428
4.4995
4.3649
4.2217
4.1073
3.9888
3.8686
3.7464
3.6172
3.5152
3.4022
3.3014
3.201
3.0948
2.997
2.9003
2.8184
2.7321
2.6454
2.5658
2.4839
2.4148
2.3405
2.2692
2.2005
2.1307
2.0645
2.004
1.9456
1.8903
1.8323
1.8056
1.7909
1.7802
1.7694
1.7588
1.7466
1.7327
1.7235
1.7112
1.7016
1.6935
1.6829
1.6718
1.656
1.6478
1.6341
1.6255
1.6167
1.6078
1.5972
1.5898
1.5785
1.569
1.5646
1.5568
1.547
1.5417
1.5348
1.5295
1.5233
1.513
1.5089
1.5062
1.4926
1.4874
1.4785
1.4688
1.4614
1.4544
1.4515
1.4464
1.4438
1.4321
1.4303
1.417
1.4094
1.4013
1.3968
1.3917
1.3852
1.3793
1.3778
1.3713
1.3683
1.3628
1.3553
1.3562
1.3511
1.3478
1.3438
1.343
1.342
1.3454
1.3364
1.3263
1.3205
1.3146
1.3101
1.3041
1.2975
1.2893
1.2845
1.2797
1.2756
1.2748
1.2697
1.2599
1.2541
1.2469
1.2441
1.2412
1.2359
1.235
1.2323
1.2353
1.236
1.2337
1.2337
1.2359
1.2366
1.2365
1.238
1.2436
1.2469
1.2517
1.2499
1.2507
1.2563
1.256
1.2661
1.2759
1.2815
1.2893
1.2922
1.2982
1.3074
1.3138
1.3183
1.3119
1.3115
1.3194
1.3264
1.3348
1.3451
1.3526
1.3572
1.3669
1.3746
1.3873
1.3988
1.405
1.4134
1.4224
1.4336
1.4415
1.4428
1.4445
1.4519
1.463
1.4701
1.487
1.4959
1.5027
1.5138
1.5266
1.5322
1.545
1.5602
1.5672
1.5885
1.5986
1.6124
1.6178
1.6303
1.639
1.6554
