6.0
6.0
5.963100000000007
5.931700000000009
5.898399999999998
5.8675
5.837100000000004
5.805300000000009
5.773399999999995
5.744399999999988
5.712199999999979
5.684300000000008
5.653000000000003
5.62380000000001
5.592500000000023
5.563599999999978
5.536199999999994
5.506199999999984
5.479500000000005
5.451899999999991
5.422
5.396999999999993
5.365400000000001
5.337899999999995
5.315599999999993
5.2878000000000105
5.261599999999986
5.230500000000017
5.202599999999973
5.1762000000000175
5.147899999999998
5.122699999999998
5.096800000000005
5.073700000000008
5.043999999999992
5.013899999999991
4.98510000000001
4.962499999999992
4.933100000000008
4.908900000000006
4.877899999999984
4.84980000000001
4.821499999999996
4.792099999999984
4.764299999999968
4.735400000000007
4.708099999999962
4.680999999999986
4.655599999999995
4.628199999999984
4.601699999999995
4.580200000000003
4.554800000000015
4.531199999999985
4.51299999999999
4.503200000000018
4.4977000000000045
4.494999999999997
4.488299999999991
4.483200000000007
4.479700000000027
4.478699999999982
4.474900000000009
4.474199999999987
4.468299999999981
4.467200000000005
4.467199999999997
4.468899999999971
4.467199999999993
4.467999999999983
4.462200000000005
4.458800000000009
4.4573
4.457600000000007
4.45889999999999
4.456599999999999
4.457700000000022
4.45789999999999
4.456300000000014
4.456400000000031
4.459899999999983
4.460800000000022
4.459499999999997
4.457599999999966
4.457000000000003
4.454799999999994
4.454799999999996
4.456000000000004
4.4576000000000136
4.460599999999984
4.459400000000002
4.46139999999998
4.463400000000006
4.4658
4.46559999999998
4.467600000000005
4.467700000000001
4.470100000000005
4.4724999999999735
4.475600000000013
4.477400000000027
4.483200000000013
4.488399999999984
4.490899999999991
4.493800000000009
4.494300000000014
4.4952999999999985
4.4995
4.50049999999998
4.5027
4.505900000000015
4.506699999999996
4.509599999999983
4.512599999999997
4.513199999999995
4.514999999999992
4.515800000000013
4.5189
4.52039999999998
4.524899999999994
4.5257000000000085
4.526999999999995
4.52929999999998
4.534800000000032
4.538000000000004
4.538499999999987
4.540600000000019
4.544100000000005
4.544299999999984
4.537099999999987
4.5287000000000255
4.522700000000016
4.514600000000019
4.504500000000017
4.494499999999979
4.484199999999999
4.475899999999996
4.465000000000001
4.4553000000000145
4.444900000000019
4.4328
4.421899999999993
4.410100000000011
4.400099999999972
4.387500000000002
4.376700000000012
4.365699999999973
4.354700000000009
4.3404999999999845
4.329600000000006
4.315499999999999
4.304999999999986
4.293000000000026
4.277599999999974
4.267100000000003
4.253200000000003
4.239499999999999
4.22389999999997
4.206899999999973
4.193599999999978
4.182
4.167599999999993
4.154299999999991
4.139900000000007
4.1229999999999825
4.111099999999979
4.09819999999997
4.083999999999992
4.0699999999999905
4.05590000000001
4.041800000000005
4.0288
4.015000000000002
4.004200000000009
3.9877
3.973
3.9595
3.9469
3.9342
3.9213
3.9082
3.8902
3.8754
3.8628
3.8493
3.8335
3.8168000000000015
3.8018999999999994
3.7871000000000015
3.7726000000000006
3.7557000000000014
3.7411999999999987
3.726
3.711899999999999
3.6973999999999987
3.6824000000000017
3.667199999999994
3.6529000000000016
3.6395000000000053
3.627599999999998
