5832.0
5832.0
5789.906634238617
5756.389677070666
5721.058235373598
5684.402918524524
5648.930549925686
5610.256451830834
5574.140116200513
5543.144439940548
5507.4275097959735
5470.144304823672
5431.61599783813
5395.69287934063
5360.138900148629
5324.327253073909
5289.854344007566
5254.197675989731
5221.133360356708
5188.672882042967
5154.35143899473
5125.295905958655
5093.28671801108
5063.633022564518
5030.328739359546
5000.129577084178
4968.7353060397245
4938.084988515066
4906.125118227266
4876.509255506013
4848.925685718146
4820.415214160249
4790.978516416701
4766.974868261046
4736.024456154573
4705.77354411566
4681.284691257938
4654.980813403594
4629.810836373463
4602.084177813809
4575.67625996487
4550.640994460208
4524.157816511282
4494.792325361438
4466.32374003513
4435.396027563843
4413.521145791109
4388.941899743278
4359.117011214701
4333.475341170112
4305.179164977706
4277.007296311309
4246.44737197676
4216.576678827186
4178.9313606269425
4137.070125658694
4095.391028239427
4054.8588028644776
4016.589785164167
3982.3622483448185
3942.001216051885
3898.8727199027157
3856.646669369004
3818.7566545061477
3781.712876638292
3741.968247534117
3705.555600594514
3670.8500202675314
3630.6126199162277
3591.614241318741
3556.519659505472
3516.5970814754764
3478.085664099446
3439.910147277395
3407.613025266856
3373.4081880826916
3339.3254965545198
3308.2088906904473
3275.0903931901094
3241.178354276449
3206.0794487231456
3167.897716524794
3132.8829887852994
3099.317659775706
3068.3941359275773
3033.6393730576947
3002.399270368869
2970.4818267801647
2939.5022294284554
2910.09971625456
2879.0364815565463
2849.171193082016
2817.955276314012
2784.633968382651
2752.0685042561818
2723.4011620051347
2697.4314281853804
2669.324415619511
2640.09417646264
2612.6718011079583
2587.1934873665723
2558.8682610458045
2530.3694095392516
2503.540197270639
2476.0917443588705
2448.6234292663153
2423.6624780435077
2398.0521551141737
2370.8290771517363
2347.6901770031077
2323.4425077692204
2300.6014052155115
2277.9609512228076
2251.253884610188
2226.1884880421567
2200.991757870558
2176.448993379273
2150.386569382516
2125.7242264558845
2101.1126874746656
2076.5206053236047
2052.994730441832
2029.7250371571408
2007.039994595325
1982.4796649101472
1956.521956492366
1935.5488447507093
1916.6527496284286
1900.775030401297
1885.4341305229023
1868.545601945683
1854.6604512903662
1841.0326982840156
1827.8558302932036
1816.685177678692
1800.8777192271314
1786.3214430482367
1776.2822591541683
1762.7743548169167
1749.4446696392379
1735.344142683421
1722.5984326442372
1708.4125118227266
1695.9504121064722
1682.9504121064722
1669.945953249561
1657.7220645858667
1643.7889474395351
1629.4646669369004
1616.245912714498
1603.410485069585
1594.017970544521
1583.1720037832724
1568.3942710444535
1558.136738278611
1546.4058910957979
1535.6705850560736
1522.1929468990677
1509.5023645453316
1497.7234157546277
1488.0159437913796
1477.1120118902852
1466.9385218213754
1453.5258748817728
1440.84799351439
1427.9340629644644
1416.622888798811
1405.6723415754627
1396.1634914200783
1382.9396027563844
1372.4250776922038
1365.0414808809621
1353.8338062423998
1345.5370895824888
1335.0948520470206
1326.5233076611269
1316.9744629104175
1308.9747331441697
1299.5503310363465
1290.2788812322658
1280.7101743007702
1269.2863126604514
1260.1078232671262
1249.067558438049
1238.8655587082826
1229.5170922848263
1218.694635860019
1208.892446966626
1200.0478313741387
1189.979327117957
1180.9658154303472
1169.7697608431292
1160.998648831239
1150.7327388190786
1141.4203486015404
1133.4385893798135
1124.3610322929335
1115.50830968788
1108.0795838400215
1098.8736657208485
