12167.0
12167.0
12106.857887874838
12050.131247283789
11992.783137766188
11922.612777053455
11859.00434593655
11797.462842242503
11754.06345067362
11705.385049978271
11656.119947848762
11598.856149500218
11540.003911342894
11486.182094741416
11438.460234680573
11395.555845284658
11336.80790960452
11289.999565406346
11235.239895697523
11185.28726640591
11144.756192959583
11100.752716210343
11037.070404172098
10998.847457627118
10950.2950890917
10910.80269448066
10863.568448500651
10832.041720990874
10766.562364189484
10727.638418079096
10676.715775749673
10646.94002607562
10610.317687961755
10567.691438504999
10520.453281182095
10477.96740547588
10449.828335506301
10399.930899608866
10356.77879182964
10321.923946110386
10284.643633202955
10235.649717514125
10196.99391568883
10157.201651455889
10130.405475880052
10089.863102998695
10045.456757931333
9993.726640591047
9961.475010864842
9927.589743589744
9885.910473707085
9850.972186006084
9808.430247718383
9774.731421121252
9736.604519774011
9698.664493698392
9662.28292046936
9628.162538026945
9592.936114732725
9553.995219469796
9539.339417644502
9503.50586701434
9482.391568883095
9467.45719252499
9444.667970447632
9427.29595827901
9398.424163407215
9369.344632768361
9332.989135158627
9304.539765319427
9288.889178617992
9261.48544111256
9233.957409821816
9204.128639721861
9178.212950890917
9150.650586701435
9121.299435028248
9089.621903520208
9065.442416340722
9036.860060843112
9009.973924380703
8987.838331160365
8967.730986527597
8933.821816601478
8911.271186440677
8887.868752716211
8861.189048239896
8829.45980008692
8815.070838765754
8788.568448500651
8759.5506301608
8734.755758365927
8701.993481095176
8675.834419817471
8644.480660582356
8618.29161234246
8596.734463276836
8559.042590178184
8531.146458061712
8506.357235984355
8472.820078226858
8435.83876575402
8408.820078226858
8386.23511516732
8366.455888744023
8333.530204259017
8308.76749239461
8281.789222077357
8248.67926988266
8219.15862668405
8204.862233811386
8168.728813559322
8155.146023468057
8129.145154280747
8101.599739243807
8072.106040851803
8043.107344632768
8015.949152542373
7996.069969578444
7974.778357235984
7937.977835723598
7912.665797479357
7889.612777053455
7861.837461973055
7841.533246414602
7822.477618426771
7781.617122990005
7744.6214689265535
7700.349413298566
7658.1395045632335
7606.812255541069
7557.7131681877445
7514.3785310734465
7461.3424598000865
7410.067362016514
7364.252064319861
7322.412429378531
7281.993915688831
7233.41938287701
7198.723163841808
7146.663189917427
7118.020425901782
7078.333333333333
7044.748804867449
6980.329421990439
6935.97001303781
6886.236418948283
6857.910473707084
6807.273359408952
6773.625380269448
6732.90047805302
6693.107344632768
6642.617992177315
6603.090395480226
6552.589743589743
6505.6379834854415
6468.166883963494
6422.202955236854
6384.393307257714
6348.8983050847455
6308.369839200348
6257.736201651456
6206.700130378096
6170.685788787484
6134.578878748371
6100.045632333768
6060.762277270752
6017.649282920469
5990.636245110822
5957.179487179487
5910.817470664928
5865.3785310734465
5826.499348109518
5767.83876575402
5723.954367666232
5686.896566710126
5653.132551064755
5623.001303780965
5576.51629726206
5540.709691438505
5511.7683615819205
5469.295523685354
5430.186006084311
5398.199043893959
5368.864406779661
5328.111690569318
5284.099087353325
5245.006084311169
5210.076053889613
5172.711429813125
5146.034767492394
5098.316818774446
5056.883963494133
5015.737940026075
4983.273794002607
4948.182963928727
4915.957844415471
4883.370708387658
4851.574967405476
4812.538896132117
