1.0
1.0
0.8943000000000002
0.8053999999999989
0.7289000000000004
0.660899999999999
0.6017000000000002
0.545599999999998
0.5032999999999999
0.4672
0.43330000000000074
0.40729999999999994
0.37969999999999926
0.35799999999999993
0.33529999999999954
0.3174000000000008
0.30549999999999916
0.2940999999999989
0.28150000000000036
0.27539999999999965
0.27029999999999993
0.2637999999999998
0.2592999999999989
0.25630000000000214
0.25309999999999994
0.2523000000000014
0.24689999999999987
0.24540000000000003
0.2421
0.23989999999999992
0.241
0.2436000000000001
0.24470000000000008
0.24659999999999982
0.24620000000000014
0.24679999999999996
0.2478
0.2530999999999983
0.24899999999999992
0.25320000000000015
0.2528999999999988
0.2518999999999986
0.2524000000000008
0.2533999999999995
0.24979999999999963
0.2517000000000012
0.25500000000000045
0.2609
0.2645999999999999
0.26379999999999854
0.26490000000000063
0.2665000000000001
0.26740000000000036
0.2707000000000014
0.27810000000000007
0.2863000000000001
0.29090000000000044
0.2978000000000011
0.30380000000000107
0.31209999999999966
0.32130000000000075
0.3243000000000005
0.3286999999999998
0.33309999999999984
0.33339999999999986
0.33769999999999933
0.3416999999999991
0.34420000000000023
0.3443999999999981
0.34229999999999916
0.3396999999999994
0.3366
0.33730000000000065
0.33649999999999997
0.3349999999999998
0.33309999999999956
0.3324
0.33059999999999967
0.32940000000000025
0.32880000000000015
0.3228999999999991
0.3202000000000006
0.3178
0.3164999999999988
0.31110000000000043
0.3066000000000014
0.30380000000000024
0.30270000000000163
0.3021000000000009
0.3006000000000005
0.2989000000000004
0.29700000000000165
0.29160000000000086
0.28699999999999914
0.28790000000000127
0.28430000000000083
0.28160000000000124
0.28400000000000125
0.27940000000000104
0.2768
0.2736000000000014
0.2702999999999997
0.2666000000000011
0.26460000000000083
0.2625000000000006
0.25869999999999943
0.25650000000000023
0.2527999999999996
0.2526999999999995
0.24989999999999996
0.24970000000000003
0.2483
0.24369999999999994
0.24209999999999995
0.23879999999999996
0.23489999999999991
0.23350000000000024
0.23169999999999985
0.22949999999999982
0.22640000000000013
0.2243000000000002
0.22150000000000056
0.21810000000000038
0.2151
0.21580000000000013
0.21469999999999995
0.2131999999999998
0.2113
0.21390000000000037
0.2168
0.22330000000000044
0.22720000000000018
0.2310999999999998
0.23829999999999996
0.2426000000000001
0.2469000000000001
0.2517999999999998
0.2582999999999998
0.26219999999999904
0.26989999999999936
0.27699999999999975
0.28160000000000013
0.2871999999999996
0.2925999999999982
0.29960000000000053
0.30690000000000034
0.3124999999999994
0.3157999999999987
0.3231000000000001
0.3303999999999993
0.3345000000000008
0.3399999999999995
0.34400000000000114
0.34779999999999905
0.35460000000000064
0.36069999999999935
0.3666000000000003
0.3732999999999998
0.37850000000000017
0.3834999999999998
0.38790000000000047
0.3928000000000003
0.3990999999999995
0.4042000000000002
0.4083000000000004
0.4150000000000009
0.41889999999999916
0.4228999999999987
0.43040000000000034
0.43279999999999946
0.4396
0.44399999999999984
0.45090000000000036
0.4551
0.459
0.46629999999999994
0.4665
0.4744
0.4808000000000001
0.48540000000000016
0.4865999999999999
0.4896999999999998
0.49690000000000084
0.5023000000000007
0.5051000000000004
0.5078000000000008
0.5121999999999983
0.5190000000000036
0.522500000000001
0.5254000000000001
0.5302000000000007
0.5341999999999978
0.5379000000000006
0.5420000000000001
0.5464999999999982
0.5502000000000009
0.5569999999999989
0.5609999999999984
0.5637999999999989
0.5670999999999985
