225.0
225.0
225.5312
226.0195
226.4687
227.0923
227.6968
228.4014
228.9378
229.4736
230.1022
230.6371
231.2055
231.847
232.465
232.8636
233.4226
233.9866
234.5294
235.0769
235.494
236.0468
236.6579
237.2723
237.75
238.2841
238.7307
239.2167
239.644
240.0526
240.5274
240.987
241.4444
241.8663
242.5083
242.9776
243.5288
243.9121
244.4223
244.7996
245.1636
245.5503
245.9238
246.3961
246.8476
247.0808
247.636
248.0886
248.5479
248.9322
249.3305
249.8598
250.1959
250.5962
251.1094
251.633
252.1595
252.6037
253.0385
253.4405
253.808
254.1577
254.5493
254.8385
255.2076
255.4936
255.7725
256.0128
256.4436
256.7157
257.0288
257.3056
257.627
257.8405
258.1387
258.3344
258.729
259.0813
259.2678
259.5689
259.7522
260.0324
260.2216
260.4653
260.8497
261.1645
261.4294
261.6662
261.9018
262.2103
262.5
262.7155
262.8911
263.1002
263.3414
263.7033
263.8658
264.0867
264.3529
264.5441
264.551
264.8523
265.0693
265.403
265.5848
265.7959
266.0009
266.1577
266.2671
266.4675
266.6301
266.8769
267.0578
267.2644
267.4145
267.6425
267.845
268.0478
268.318
268.4143
268.6268
268.7313
268.8655
269.0706
269.3194
269.4339
269.5715
269.5759
269.3198
268.9864
268.8225
268.3951
268.3491
267.9861
267.6233
267.2478
267.0731
266.7706
266.4582
266.2183
265.9803
265.8162
265.6128
265.3752
265.0059
264.7436
264.5593
264.2558
264.1487
263.8732
263.6459
263.3227
262.8985
262.6205
262.3907
262.1743
261.8535
261.7094
261.374
261.0371
260.8311
260.6232
260.3895
260.086
259.7104
259.3412
259.0726
258.7605
258.417
258.2539
258.0097
257.6387
257.2772
256.9984
256.6841
256.3597
255.9717
255.5633
255.3569
254.9098
254.534
254.195
254.0071
253.7794
253.407
253.1362
252.9033
252.6536
252.4589
252.0583
251.856
251.5048
251.1638
250.7236
250.5199
250.2488
249.9908
249.6882
249.4186
249.142
