1331.0
1331.0
1317.2927
1304.5541
1291.0461
1279.076
1266.2348
1254.1795
1242.6578
1231.1106
1220.1798
1208.2449
1195.9615
1185.4084
1175.864
1164.493
1153.8266
1141.2349
1130.8714
1120.4862
1111.6919
1101.3795
1091.7962
1082.42
1072.6072
1063.123
1054.7888
1045.3673
1036.9597
1028.2289
1019.2598
1010.4615
1000.5545
993.1428
983.9073
974.7721
968.1581
959.4695
952.4163
944.3496
937.2044
929.4852
920.8431
912.4942
905.5136
897.7044
891.0934
884.3888
878.4544
870.7706
863.4063
856.8456
850.1729
843.4308
838.0441
831.5965
825.2623
818.7148
812.0987
805.4247
799.5182
793.584
787.4281
781.3573
774.9425
768.1635
762.1492
756.5882
751.438
746.1979
740.8319
735.6475
729.7866
725.421
718.9666
714.0413
709.8826
703.9154
699.2076
694.75
689.8006
686.5486
680.748
675.9569
672.3857
667.9371
663.6558
659.4796
655.6816
649.9694
646.685
642.6033
638.5208
634.2316
629.4928
624.4315
620.3341
615.3056
611.8359
608.1754
604.425
600.7779
596.174
590.9451
585.8981
581.0871
576.3141
571.3885
566.7928
564.1874
559.7644
555.1488
550.877
546.2768
542.5016
538.6705
534.5945
530.5437
525.702
522.0968
518.2697
514.0311
510.4178
506.7976
502.8442
499.0372
494.7091
490.1587
486.2672
481.0262
475.7674
471.6143
466.7901
462.3251
456.596
452.4906
447.5702
442.3073
437.3806
433.3379
428.6111
424.5057
419.303
414.2994
409.2015
403.9531
399.3936
394.6935
390.3541
386.752
382.1111
377.6447
373.8104
369.2066
364.7958
360.3432
355.3575
349.907
345.3613
340.846
336.2791
332.0441
328.2741
324.9767
321.3543
316.8998
312.1992
308.5796
304.1092
300.4291
296.6674
292.9846
289.1444
285.3485
282.0357
278.9437
275.8322
272.6787
269.5457
266.3136
262.7184
259.3769
255.4948
251.9738
249.4014
246.1167
243.4685
240.4211
237.9392
234.7814
231.5476
228.5629
225.4126
222.9846
220.4772
217.4681
214.208
211.488
208.5441
205.3597
