7.0
7.0
7.047600000000005
7.093599999999997
7.136799999999997
7.1849000000000025
7.2323000000000075
7.2803
7.324299999999998
7.369299999999997
7.4157999999999955
7.459599999999998
7.504999999999995
7.546800000000003
7.590600000000001
7.633899999999999
7.674400000000003
7.7129
7.751300000000003
7.7941
7.835100000000003
7.8747
7.9108
7.951
7.994300000000034
8.033400000000029
8.070800000000004
8.108899999999975
8.14369999999995
8.1817
8.217800000000036
8.252900000000006
8.293400000000021
8.329300000000012
8.366799999999998
8.403299999999998
8.44160000000004
8.480500000000008
8.514799999999946
8.551299999999964
8.58470000000001
8.620899999999967
8.655399999999993
8.690100000000038
8.723299999999982
8.760200000000012
8.79510000000002
8.828500000000004
8.864499999999957
8.897699999999995
8.932499999999976
8.963099999999974
8.9916
9.023100000000014
9.05780000000002
9.088799999999964
9.1204
9.14800000000002
9.177100000000037
9.207800000000011
9.24020000000002
9.268500000000008
9.299799999999976
9.32920000000002
9.358000000000004
9.388599999999965
9.415500000000046
9.443799999999964
9.470299999999982
9.498000000000006
9.526
9.552999999999944
9.580499999999994
9.608300000000035
9.636299999999995
9.66129999999998
9.688899999999983
9.715400000000011
9.744500000000002
9.773700000000023
9.800500000000051
9.829300000000012
9.855000000000018
9.881200000000025
9.905699999999943
9.93230000000003
9.957200000000027
9.984100000000032
10.011799999999976
10.040099999999985
10.06509999999994
10.089200000000002
10.11399999999999
10.140300000000018
10.164900000000012
10.188
10.212399999999976
10.237300000000054
10.26290000000002
10.285900000000003
10.313199999999997
10.338399999999986
10.365900000000002
10.391200000000028
10.413899999999959
10.440599999999971
10.463999999999979
10.489899999999974
10.513699999999988
10.538100000000002
10.561000000000035
10.583900000000023
10.608400000000017
10.633300000000016
10.65550000000001
10.67990000000007
10.705700000000016
10.72919999999995
10.753399999999997
10.776699999999996
10.80010000000001
10.823699999999985
10.847400000000052
10.869299999999983
10.893699999999992
10.91680000000005
10.941500000000046
10.96349999999999
10.98559999999999
11.010700000000012
11.037399999999996
11.062299999999977
11.087999999999974
11.115500000000013
11.141200000000039
11.166800000000013
11.19289999999998
11.220200000000016
11.248499999999991
11.273799999999989
11.297699999999985
11.322500000000021
11.347800000000031
11.37260000000001
11.398700000000016
11.423400000000008
11.448699999999986
11.474499999999969
11.498999999999969
11.523499999999974
11.546299999999949
11.571500000000027
11.598900000000018
11.625699999999972
11.652999999999995
11.678500000000023
11.704800000000015
11.73120000000001
11.761900000000011
11.788399999999967
11.816000000000018
11.838800000000022
11.865900000000028
11.893800000000018
11.91839999999995
11.943300000000027
11.96850000000001
11.992499999999957
12.018800000000015
12.042300000000017
12.06839999999998
12.094799999999998
12.11900000000003
12.14130000000002
12.16639999999998
12.191700000000033
12.218000000000004
12.244499999999983
12.270000000000008
12.297499999999953
12.321899999999989
12.345400000000023
12.372399999999962
12.392499999999968
12.414799999999987
12.442800000000029
12.467400000000003
12.49290000000001
12.520600000000005
12.542799999999987
12.56779999999998
12.592500000000006
12.615600000000013
12.643000000000026
12.66479999999999
12.6872
12.713699999999974
12.739
12.7617
12.785699999999974
