64.0
64.0
70.20903536382151
76.57896685798926
82.44510275874838
88.90742455100907
95.2999444547306
101.8111460840585
108.41862618033697
114.3540085169413
120.94760229587114
127.78133678948343
134.6072949453805
141.83928902055175
149.30475837807813
156.30105536011848
162.84021477504166
169.97111645991484
177.31716348824293
184.3286428439178
190.51805221255324
199.30679503795594
206.44658396593223
213.8154045547121
221.70690612849472
229.6930198111461
238.44547306054434
245.94815774856508
253.96685798926126
262.3430846139604
270.4152934641733
277.75356415478615
285.4786150712831
294.5939640807258
302.8557674504721
312.326421033142
321.17348639140897
330.806147009813
340.51471949638955
350.71764488057767
360.040733197556
370.22069987039436
380.8702092205147
391.14849102018144
401.22236622847623
411.4423254952786
420.51971857063506
431.51009072394004
441.9733382706906
452.7774486206258
464.57878170709125
475.1142381040548
486.98111460840585
497.7276430290687
507.61247917052395
516.8252175523052
527.5661914460285
538.4308461396038
549.4612108868728
563.9268653952971
575.7337530087021
588.0831327531938
600.3965932234771
613.0783188298464
626.7304202925384
636.5856322903167
650.4302906869099
662.6165524902796
675.7605998889095
689.3069801888539
703.3858544713942
717.3954823180892
731.9116830216626
750.1705239770413
765.0453619700055
780.2712460655434
795.8042955008332
813.6895019440844
828.9911127568969
846.3856693204962
866.7339381596
887.5387891131272
904.8929827809665
924.4799111275689
941.4221440473987
960.3712275504536
977.551009072394
995.6496945010183
1015.3828920570264
1036.8950194408442
1059.2284762081097
1082.3123495648954
1103.5286058137383
1125.0649879651917
1148.2331049805591
1170.5995186076652
1196.0749861136826
1219.5026846880207
1243.6583965932234
1266.794852805036
1292.9153860396223
1320.232734678763
1346.5113867802258
1370.1146084058507
1396.3338270690613
1421.2084799111276
1445.693390112942
1477.7191260877614
1509.9003888168857
1535.9313090168487
1565.5337900388818
1594.2695797074616
1621.652656915386
1648.4721347898537
1681.5856322903167
1709.9909276059989
1741.612294019626
1772.765228661359
1801.5995186076652
1837.1701536752453
1875.080355489724
1908.3112386595076
1941.8216996852434
1981.836511757082
2020.4221440473987
2053.59359377893
2088.5471209035363
2123.968524347343
2154.7644880577673
2183.345676726532
2204.890020366599
2235.7152379189038
2263.4763932605074
2291.5132382892057
2320.8561377522683
2344.4093686354377
2369.45047213479
2397.0422144047398
2421.8168857618957
2445.05961858915
2469.5060174041846
2497.761525643399
2523.420662840215
2555.2132938344753
2582.6191446028515
2607.9638955748937
2632.306980188854
2658.3112386595076
2678.698018885392
2705.939825958156
2727.9244584336234
2748.083688205888
2775.4939825958154
2803.061099796334
2826.8790964636178
2845.5561932975374
2864.558785410109
2886.4267728198483
2916.020736900574
2940.8439177930013
2965.8927976300683
2992.6613590075913
3017.534530642474
3038.3195704499167
3056.4862062581005
3080.886872801333
3101.9577855952602
3127.285502684688
3143.75874837993
3171.0673949268653
3199.674134419552
3223.808739122385
3241.4323273467876
3262.75504536197
3286.620996111831
3303.8739122384745
3321.1299759303834
3333.8041103499354
3354.5732271801517
3377.3802999444547
3392.232549527865
3417.089983336419
3435.939640807258
3451.3943714127013
3469.7735604517684
3493.929087206073
3519.6983891871873
3543.764858359563
3565.7731901499724
3586.193667839289
3600.539714867617
3627.990557304203
3649.2614330679503
3671.541751527495
3685.0146269209404
3707.14127013516
3725.662284762081
3745.778559526014
3766.7568968709497
3788.743380855397
