9.0
9.0
3.221
1.0613
0.3575
0.1297
0.0764
0.0618
0.0601
0.0602
0.055
0.0499
0.0561
0.0495
0.0567
0.0579
0.0537
0.0507
0.0472
0.0495
0.0514
0.0478
0.0505
0.0496
0.0474
0.0489
0.0505
0.0496
0.0437
0.0471
0.0463
0.0448
0.0436
0.0481
0.0458
0.0412
0.0442
0.0489
0.0481
0.0427
0.0429
0.0423
0.0446
0.0439
0.0439
0.0421
0.0441
0.0444
0.0446
0.042
0.0386
0.0372
0.0435
0.0487
0.0556
0.0564
0.0607
0.0583
0.0555
0.0512
0.0516
0.0457
0.0484
0.049
0.0442
0.0455
0.0484
0.0467
0.0473
0.0439
0.0472
0.0461
0.0447
0.0448
0.0442
0.0446
0.0465
0.0482
0.0423
0.0419
0.044
0.0457
0.0435
0.0429
0.0427
0.0423
0.039
0.043
0.0411
0.0416
0.0453
0.0434
0.0388
0.044
0.0454
0.039
0.0439
0.0449
0.0412
0.0376
0.0411
0.0405
0.0428
0.0413
0.0411
0.0389
0.0379
0.0435
0.0443
0.0407
0.0373
0.0351
0.0347
0.0376
0.0384
0.0381
0.0381
0.0397
0.0402
0.0407
0.041
0.0403
0.0413
0.0363
0.0362
0.0369
0.036
0.0442
0.0467
0.047
0.049
0.0536
0.0523
0.0537
0.0552
0.0589
0.0573
0.0565
0.0585
0.0559
0.0551
0.0551
0.0552
0.054
0.056
0.0596
0.0537
0.0569
0.0561
0.0513
0.0515
0.0543
0.0564
0.0535
0.0526
0.0526
0.0515
0.0504
0.0515
0.0515
0.054
0.0532
0.0536
0.0559
0.0504
0.0505
0.0477
0.0479
0.0458
0.0488
0.0494
0.0496
0.0538
0.053
0.053
0.0569
0.0532
0.0501
0.0507
0.0577
0.0603
0.0533
0.0532
0.0532
0.0547
0.0568
0.0567
0.0549
0.0498
0.0496
0.0465
0.0448
0.0456
0.0486
0.0511
0.0523
0.0537
0.0519
0.0502
0.0535
