7.0
7.0
6.860200000000002
6.729000000000003
6.583300000000013
6.441199999999997
6.3080000000000025
6.170100000000002
6.027099999999992
5.885899999999992
5.743399999999984
5.615599999999995
5.473999999999994
5.338000000000003
5.203400000000004
5.073799999999995
4.934599999999996
4.798300000000023
4.663500000000009
4.535699999999982
4.4096000000000295
4.277200000000002
4.13959999999999
4.011799999999986
3.8862
3.7636999999999987
3.6372
3.510099999999997
3.396099999999997
3.2725000000000017
3.1555999999999984
3.0349000000000053
2.9238000000000084
2.806800000000003
2.699800000000005
2.5904999999999987
2.490899999999984
2.391400000000011
2.293700000000003
2.1992999999999947
2.108699999999993
2.0221000000000067
1.9305
1.8472000000000006
1.7686999999999997
1.6878000000000017
1.6184999999999983
1.5491999999999986
1.4796999999999974
1.4158999999999995
1.3517000000000003
1.2896000000000012
1.2367000000000004
1.1828999999999998
1.158000000000001
1.143000000000004
1.1330000000000024
1.119699999999999
1.106100000000003
1.0950999999999966
1.0799999999999952
1.0712000000000002
1.0583999999999967
1.0469999999999955
1.0374999999999945
1.028000000000004
1.0160000000000018
1.0065999999999964
0.9958000000000001
0.9872999999999998
0.9799
0.9676000000000003
0.9593000000000004
0.9482999999999996
0.9387000000000003
0.926799999999999
0.9187000000000002
0.9111000000000015
0.9015000000000011
0.8929000000000004
0.8834000000000011
0.8759
0.8680000000000003
0.8576000000000006
0.8483999999999986
0.8407999999999998
0.8322000000000015
0.8241000000000018
0.8178000000000006
0.8096999999999988
0.8039000000000005
0.7966000000000002
0.7901000000000009
0.7791999999999973
0.770299999999999
0.7600999999999998
0.7498000000000027
0.7463999999999993
0.7409000000000021
0.7339999999999991
0.7237999999999999
0.7133000000000015
0.7070999999999992
0.7009000000000022
0.6925000000000012
0.6874999999999988
0.6824999999999992
0.6761999999999997
0.6704000000000012
0.6633000000000004
0.6563999999999999
0.6503000000000017
0.6432000000000004
0.6366999999999994
0.6322000000000013
0.6273000000000003
0.6191999999999998
0.6142000000000037
0.607299999999999
0.5997000000000017
0.5939999999999979
0.5897000000000021
0.5828999999999994
0.5796000000000024
0.5733000000000005
0.5681000000000009
0.5627000000000001
0.5540999999999998
0.5446000000000003
0.5294999999999992
0.5173999999999995
0.510299999999998
0.4989
0.4898
0.4800999999999998
0.47109999999999974
0.4611999999999997
0.45309999999999945
0.441899999999999
0.4353
0.4244000000000007
0.415599999999999
0.4056000000000012
0.40120000000000017
0.39209999999999995
0.38780000000000064
0.38440000000000046
0.38130000000000086
0.37669999999999965
0.3708999999999994
0.36810000000000076
0.3639999999999985
0.36099999999999943
0.3577999999999996
0.3525999999999998
0.34690000000000043
0.34369999999999895
0.34510000000000024
0.34050000000000114
0.34120000000000067
0.3387000000000001
0.3373000000000005
0.3348000000000006
0.33119999999999883
0.32789999999999947
0.32679999999999976
0.32200000000000006
0.32169999999999993
0.3164999999999998
0.3152000000000002
0.3157999999999999
0.3127999999999996
0.30820000000000103
0.3062999999999996
0.3035999999999994
0.3018999999999999
0.3001000000000001
0.3005999999999981
0.29949999999999904
0.2994
0.2979999999999998
0.2973000000000004
0.29850000000000015
0.2963999999999993
0.29540000000000055
0.2949000000000004
0.2965999999999999
0.29419999999999985
0.29160000000000086
0.29169999999999924
0.29280000000000106
0.2947999999999992
0.2926999999999998
0.29239999999999955
0.2921000000000013
0.2906
0.2879999999999997
0.28900000000000087
0.2876999999999992
0.28859999999999897
