4913.0
4913.0
4848.7744
4787.9684
4724.0918
4664.4179
4601.6092
4543.6251
4476.7086
4418.8585
4363.7575
4305.6885
4244.869
4189.0613
4135.4806
4081.0772
4025.4431
3972.1809
3919.6394
3865.6399
3811.9017
3760.1293
3706.0553
3659.2212
3605.3611
3554.7402
3502.6862
3452.4671
3400.311
3353.5471
3310.7915
3263.8667
3217.9933
3175.6175
3128.2759
3081.2611
3038.3986
2995.3861
2950.2473
2907.063
2866.1009
2824.2942
2783.9562
2741.4871
2700.7787
2660.8807
2621.8717
2583.8854
2547.4553
2506.0211
2467.0101
2429.3291
2390.5924
2353.2482
2316.6336
2284.4459
2254.4702
2227.4483
2203.7242
2178.1894
2152.6921
2132.5932
2110.0707
2093.4476
2075.5966
2057.6772
2038.5412
2019.9364
2003.8522
1983.8236
1968.0616
1954.2562
1937.6888
1924.5867
1909.5928
1893.2073
1879.7656
1864.6754
1849.7723
1837.1286
1823.1486
1808.6821
1794.285
1780.1927
1766.8027
1753.0205
1739.7183
1727.4263
1711.2835
1697.8947
1685.3133
1672.7424
1660.1945
1648.1653
1634.1369
1622.1581
1609.9352
1598.1336
1587.2509
1575.3524
1564.1999
1552.7729
1539.9045
1529.3755
1519.0888
1508.1982
1496.4125
1485.6738
1474.6449
1462.7115
1449.4557
1437.419
1426.5996
1415.7847
1407.3204
1397.4327
1388.2836
1378.1133
1368.5739
1359.1041
1345.9825
1335.0582
1325.0466
1314.9276
1305.1439
1295.7839
1284.2924
1274.3207
1264.706
1252.4988
1240.9608
1230.1501
1217.3518
1203.9142
1190.0134
1177.2771
1163.9486
1150.1961
1136.8481
1121.8598
1108.1453
1092.5719
1079.6887
1064.8068
1051.7533
1038.054
1025.31
1012.6273
998.3253
984.2102
971.8701
959.7965
948.4382
934.7913
923.3205
912.0674
897.8142
885.6624
874.4135
860.6686
848.3589
836.0652
826.2506
815.4324
803.8222
794.371
784.5069
772.8847
762.4727
752.4626
742.5476
732.0802
721.1039
712.7915
701.5246
690.5903
679.8445
670.6567
659.0491
648.3026
640.0703
629.5955
621.0666
612.2523
603.6159
593.8872
586.9052
577.7245
569.0137
560.1757
551.438
544.6082
537.3567
528.2332
520.6153
513.9941
506.3383
499.0657
494.4267
486.7241
