15.0
15.0
15.070399999999994
15.1334
15.202799999999996
15.264499999999988
15.3243
15.380600000000006
15.4334
15.4851
15.5278
15.573999999999996
15.6164
15.661
15.694
15.7302
15.7626
15.7931
15.8242
15.851
15.8817
15.9113
15.9377
15.9597
15.981
16.001000000000047
16.020500000000084
16.03689999999995
16.057100000000077
16.07910000000004
16.091200000000008
16.106699999999957
16.121699999999986
16.136500000000055
16.151099999999925
16.167300000000022
16.175499999999943
16.188500000000083
16.199199999999855
16.21100000000001
16.22200000000007
16.23439999999995
16.24460000000002
16.253999999999895
16.260799999999993
16.269199999999948
16.277500000000078
16.28859999999994
16.297800000000016
16.306400000000043
16.31480000000002
16.322200000000088
16.326599999999935
16.33469999999997
16.343199999999996
16.349799999999917
16.35529999999995
16.360299999999917
16.36189999999991
16.364499999999992
16.367499999999946
16.369000000000025
16.372700000000105
16.37299999999997
16.37620000000002
16.37449999999997
16.37300000000007
16.373299999999926
16.372699999999917
16.37370000000004
16.37229999999999
16.373199999999944
16.370899999999917
16.369499999999917
16.369799999999906
16.366700000000094
16.367799999999903
16.3666000000001
16.36859999999995
16.369499999999967
16.367499999999865
16.369600000000023
16.365699999999958
16.36479999999994
16.36399999999992
16.36339999999992
16.36010000000004
16.35839999999999
16.354399999999913
16.353899999999996
16.350600000000114
16.35040000000002
16.344699999999992
16.344399999999997
16.345500000000026
16.340299999999875
16.3388
16.3362000000001
16.332400000000042
16.328300000000038
16.328000000000014
16.32770000000012
16.322900000000118
16.320900000000133
16.317800000000087
16.311199999999882
16.309000000000037
16.302699999999938
16.294999999999995
16.290400000000048
16.28650000000004
16.284100000000073
16.281000000000013
16.278000000000063
16.2697
16.265099999999926
16.259800000000084
16.255700000000008
16.251999999999942
16.247699999999945
16.242200000000008
16.239099999999883
16.230200000000007
16.227399999999996
16.21939999999999
16.214600000000083
16.21109999999992
16.205199999999987
16.199999999999967
16.19529999999996
16.189100000000053
16.18289999999999
16.17390000000005
16.159200000000013
16.146499999999993
16.13580000000002
16.124400000000097
16.111099999999926
16.098400000000062
16.082999999999966
16.069400000000044
16.05860000000011
16.04280000000003
16.026499999999963
16.01480000000016
16.00129999999997
15.986800000000006
15.9661
15.95
15.9319
15.919
15.9053
15.8847
15.87
15.8508
15.8313
15.8096
15.7892
15.7693
15.7484
15.7292
15.7101
15.685099999999997
15.6573
15.633100000000002
15.609500000000002
15.5881
15.5686
15.5478
15.5257
15.503200000000003
15.480199999999995
15.4559
15.4309
15.411300000000002
15.388099999999998
15.3671
15.344499999999995
15.316800000000002
15.295499999999993
15.2694
15.243300000000003
15.21920000000001
15.19679999999999
15.1703
15.144399999999994
15.122100000000005
15.095500000000007
15.065899999999994
15.041800000000002
15.0168
14.9886
14.959399999999993
14.931200000000011
14.907699999999995
14.877199999999986
14.848400000000009
14.826000000000024
14.801500000000015
14.774399999999995
