2.0
2.0
1.9702
1.9409
1.9135000000000006
1.8876000000000008
1.8574
1.8283999999999996
1.8002
1.772499999999997
1.7494999999999983
1.7217000000000007
1.7012000000000018
1.6789999999999985
1.6598999999999957
1.6408999999999974
1.6260999999999979
1.6045999999999958
1.5883000000000027
1.5701000000000003
1.5511999999999995
1.5349000000000048
1.5241000000000016
1.5104000000000026
1.4980000000000016
1.4853000000000012
1.4684999999999955
1.456299999999999
1.4494999999999996
1.4395
1.4355999999999958
1.4268999999999943
1.4133999999999964
1.4072999999999987
1.403399999999999
1.3955999999999988
1.3878999999999955
1.3782999999999952
1.3695999999999928
1.361899999999996
1.3538000000000026
1.3403000000000034
1.3305999999999996
1.321699999999998
1.3188999999999997
1.3209999999999995
1.3129000000000037
1.3096999999999992
1.3001999999999931
1.2990999999999973
1.2969999999999995
1.2956999999999965
1.2926999999999997
1.2885000000000033
1.2877000000000012
1.2927999999999975
1.295700000000002
1.2950000000000006
1.299999999999997
1.3050000000000037
1.307400000000007
1.3147000000000009
1.319799999999998
1.329399999999997
1.337500000000003
1.3487999999999978
1.3576000000000028
1.3665999999999998
1.3785999999999994
1.3935999999999997
1.4057999999999964
1.4177999999999977
1.4315999999999955
1.445100000000007
1.4549000000000039
1.4666000000000041
1.4751999999999996
1.4829999999999999
1.4962000000000009
1.5099999999999971
1.5231999999999972
1.5376000000000012
1.5516000000000036
1.5636000000000032
1.5735999999999986
1.5850000000000006
1.5967000000000016
1.6086000000000003
1.6225999999999994
1.631600000000003
1.6424999999999979
1.6566000000000036
1.6732999999999967
1.6847000000000019
1.6988999999999985
1.7098999999999993
1.718800000000002
1.7336000000000034
1.7427999999999964
1.7533
1.7636999999999985
1.7727999999999993
1.7836000000000025
1.7953000000000015
1.807400000000003
1.8179999999999985
1.825899999999999
1.8335
1.8438999999999997
1.8573
1.8663000000000018
1.8775
1.8875
1.8988999999999996
1.9087000000000003
1.9168000000000003
1.9265
1.9349999999999992
1.9457999999999993
1.9513999999999996
1.9628000000000008
1.9744
1.9822
1.9894000000000014
2.0012000000000025
2.0129999999999986
2.0218999999999983
2.031899999999995
2.0398000000000094
2.047699999999981
2.0573000000000077
2.0647000000000126
2.0726000000000027
2.0793000000000044
2.0902
2.098400000000005
2.102899999999989
2.1125000000000025
2.11890000000001
2.1264000000000056
2.1340999999999926
2.1409000000000034
2.151100000000014
2.1575999999999897
2.1641000000000084
2.1711999999999816
2.178800000000005
2.187999999999993
2.193500000000002
2.1990999999999925
2.201299999999988
2.208199999999992
2.2132000000000103
2.216099999999997
2.2208000000000028
2.225199999999999
2.2276000000000002
2.2336000000000173
2.2421000000000033
2.2452999999999967
2.2506999999999984
2.2581999999999898
2.2654000000000005
2.272199999999988
2.2760000000000216
2.2825000000000037
2.284800000000001
2.288299999999993
2.2953999999999968
2.3007999999999984
2.3040000000000087
2.314400000000012
2.3194000000000066
2.3270999999999984
2.3280000000000007
2.3322999999999996
2.338499999999999
2.3415000000000115
2.3476999999999957
2.3516999999999983
2.3596999999999984
2.360800000000003
2.3633000000000064
2.367899999999998
2.370700000000005
2.371499999999996
2.375399999999991
2.3811000000000138
2.3843000000000005
2.3874000000000017
2.390800000000003
2.399099999999988
2.406500000000004
2.410799999999991
2.4156999999999944
2.4162000000000066
2.4217000000000093
2.4271000000000025
2.432900000000003
2.4378000000000055
