3.0
3.0
2.991500000000003
2.97929999999999
2.9661999999999993
2.9614999999999907
2.9521999999999933
2.945099999999991
2.9384000000000006
2.9299999999999993
2.9205000000000028
2.912999999999994
2.9051000000000053
2.892899999999999
2.8847999999999954
2.874599999999997
2.865000000000003
2.8563000000000005
2.8461999999999965
2.8339999999999956
2.823799999999998
2.8187000000000046
2.8082000000000056
2.800399999999993
2.7912000000000012
2.7792999999999943
2.7704999999999997
2.762400000000011
2.755900000000004
2.749200000000001
2.7417000000000002
2.7331
2.726399999999996
2.7155999999999887
2.7079000000000044
2.6987000000000014
2.6903999999999937
2.6813000000000047
2.6708000000000043
2.664500000000005
2.6565000000000056
2.6495000000000086
2.6423000000000045
2.6329000000000047
2.627500000000003
2.6241999999999988
2.615099999999991
2.606800000000002
2.599300000000003
2.5919999999999974
2.586300000000004
2.5811000000000064
2.5742000000000003
2.565399999999998
2.5597000000000016
2.554399999999993
2.551000000000006
2.544799999999994
2.537599999999987
2.5324000000000044
2.5267000000000124
2.524499999999988
2.5171000000000063
2.5116999999999994
2.5088000000000013
2.5071999999999988
2.5032999999999905
2.501500000000004
2.4970000000000065
2.491799999999997
2.487899999999993
2.4861000000000093
2.482300000000005
2.4747999999999992
2.4691000000000005
2.465999999999992
2.463800000000007
2.4665000000000035
2.4658999999999995
2.4634999999999962
2.4607000000000077
2.4588999999999874
2.454499999999994
2.447300000000003
2.446099999999991
2.445400000000002
2.44689999999999
2.4464999999999972
2.4482000000000075
2.4457999999999953
2.4407000000000005
2.4406000000000003
2.4361000000000077
2.434900000000001
2.4319
2.4305000000000017
2.425599999999988
2.421500000000006
2.421599999999996
2.422099999999996
2.420700000000002
2.420000000000006
2.4179999999999944
2.417699999999995
2.4190000000000045
2.4147000000000096
2.416999999999999
2.4138999999999933
2.4159999999999817
2.4181999999999984
2.417200000000004
2.415099999999998
2.419099999999993
2.4185999999999988
2.4194999999999998
2.4214999999999938
2.4229000000000056
2.421900000000001
2.4205999999999936
2.422100000000002
2.4227000000000025
2.4213999999999753
2.422000000000002
2.4235000000000078
2.420799999999997
2.420100000000007
2.4206999999999965
2.418999999999993
2.417900000000001
2.4173999999999993
2.412999999999993
2.4142000000000077
2.413300000000008
2.415099999999995
2.4144999999999954
2.410100000000002
2.411200000000008
2.4096999999999933
2.4058999999999973
2.407199999999997
2.404499999999999
2.4048000000000007
2.4037000000000064
2.402799999999991
2.4025999999999947
2.399099999999998
2.3999999999999995
2.3970999999999947
2.3921000000000068
2.3898999999999946
2.3888000000000047
2.388199999999996
2.3823000000000083
2.3832999999999944
2.3821999999999983
2.3818999999999932
2.3752999999999966
2.3710000000000035
2.368499999999999
2.367499999999997
2.367299999999997
2.3624000000000023
2.3627999999999827
2.3602
2.3559999999999945
2.350499999999991
2.350500000000017
2.3461000000000114
2.3439999999999954
2.341
2.336300000000009
2.3341000000000016
2.3310999999999935
2.326700000000012
2.3255999999999863
2.3242999999999956
2.323000000000008
2.3223000000000016
2.3176999999999914
2.3152999999999966
2.313499999999997
2.3109000000000113
2.311499999999992
2.309600000000001
2.3069000000000006
2.308000000000007
2.3094999999999906
2.308899999999994
2.309099999999999
2.3069999999999893
2.303099999999997
2.298900000000003
2.2974000000000094
2.2946000000000133
2.287999999999992
2.283800000000012
2.283900000000008
2.2842000000000033
2.281900000000012
2.28229999999999
