13.0
13.0
12.953200000000015
12.902799999999992
12.852799999999997
12.798599999999977
12.742799999999972
12.685900000000013
12.627700000000006
12.57089999999998
12.514599999999998
12.44740000000006
12.384000000000002
12.323900000000004
12.255099999999976
12.193499999999968
12.12770000000004
12.06039999999996
11.9897
11.923500000000008
11.855500000000031
11.785199999999985
11.716599999999989
11.652499999999973
11.573100000000027
11.500699999999984
11.423600000000002
11.347700000000021
11.274599999999959
11.192500000000019
11.116699999999966
11.0424
10.960500000000003
10.883000000000012
10.804300000000007
10.723700000000001
10.64
10.556400000000007
10.47590000000005
10.396799999999985
10.313399999999994
10.234499999999995
10.147799999999974
10.06560000000001
9.981399999999974
9.896900000000011
9.811800000000021
9.732300000000047
9.649599999999996
9.565200000000015
9.479399999999995
9.391299999999948
9.303400000000012
9.216000000000008
9.138200000000055
9.060000000000016
8.983699999999997
8.907999999999987
8.842100000000041
8.77539999999999
8.71189999999995
8.6504
8.587299999999987
8.527099999999978
8.464399999999998
8.407599999999984
8.354600000000055
8.30390000000002
8.251999999999978
8.200700000000012
8.145799999999925
8.092599999999967
8.0378
7.988900000000012
7.9347
7.8799
7.833400000000003
7.7766
7.731
7.6762
7.6238
7.5768999999999975
7.5317000000000025
7.483000000000003
7.434500000000006
7.384300000000008
7.332399999999999
7.2821
7.230799999999997
7.1777
7.1265000000000045
7.076100000000001
7.025500000000005
6.979999999999994
6.926299999999999
6.874600000000012
6.826300000000006
6.773799999999997
6.723899999999983
6.670599999999992
6.6263
6.580400000000009
6.533499999999992
6.488100000000004
6.443199999999996
6.393000000000029
6.345800000000009
6.297099999999985
6.251400000000011
6.203699999999964
6.157100000000026
6.110100000000006
6.066500000000002
6.018900000000012
5.973100000000012
5.928700000000004
5.882800000000004
5.835000000000017
5.788999999999995
5.743600000000016
5.697100000000004
5.647999999999995
5.597999999999988
5.551900000000008
5.506199999999979
5.457900000000014
5.406100000000005
5.363099999999993
5.324999999999989
5.285600000000004
5.246299999999999
5.209600000000026
5.168999999999976
5.128900000000006
5.090900000000024
5.055200000000021
5.0206999999999775
4.9900999999999875
4.959399999999991
4.926700000000006
4.899800000000005
4.869799999999971
4.8379999999999805
4.8088999999999915
4.779699999999987
4.750999999999983
4.723599999999997
4.696499999999992
4.668000000000012
4.6398999999999875
4.612000000000009
4.5853000000000215
4.560100000000017
4.537399999999998
4.514800000000001
4.493300000000034
4.467800000000011
4.443000000000007
4.418599999999994
4.391100000000011
4.369699999999978
4.349200000000011
4.329799999999993
4.308799999999999
4.286999999999985
4.265400000000002
4.245300000000029
4.225600000000014
4.204300000000014
4.180900000000001
4.158699999999971
4.138400000000003
4.116899999999985
4.094000000000003
4.074500000000028
4.052000000000005
4.029199999999996
4.006200000000001
3.9844
3.9622000000000015
3.9428
3.9215
3.8999
3.8764
3.8576
3.8340999999999985
3.8104000000000013
3.7908999999999957
3.774200000000001
3.7547000000000015
3.7343999999999986
3.7155000000000027
3.695499999999997
3.6717999999999984
3.6498999999999984
3.6278
3.608
3.5871000000000013
3.565899999999997
3.5497000000000045
