25.0
25.0
24.6799
24.3995
24.0947
23.7925
23.4911
23.126
22.7609
22.483
22.201
21.9551
21.6001
21.3053
21.1008
20.8486
20.5649
20.3308
20.0611
19.8414
19.5798
19.304
19.0901
18.8859
18.6603
18.4024
18.1655
17.9118
17.7
17.5168
17.3001
17.0991
16.874
16.6681
16.4889
16.2731
16.137
15.9643
15.7691
15.6183
15.4643
15.2931
15.1267
14.9629
14.7744
14.5653
14.3683
14.2447
14.1533
13.9765
13.8231
13.6948
13.5512
13.4069
13.2849
13.1566
13.0955
12.9804
12.8875
12.8192
12.7321
12.6923
12.6368
12.5816
12.5198
12.4875
12.4594
12.4375
12.3941
12.3746
12.3145
12.2558
12.246
12.2154
12.1454
12.0978
12.0817
12.0408
12.0187
12.001
11.9783
11.9595
11.9166
11.9347
11.918
11.9079
11.8653
11.8871
11.8736
11.8589
11.8373
11.8355
11.8205
11.7794
11.7291
11.7111
11.7015
11.7015
11.6828
11.6828
11.6805
11.6448
11.6273
11.6044
11.5825
11.5873
11.5609
11.56
11.5523
11.5642
11.5792
11.5711
11.5427
11.4958
11.4758
11.4628
11.4624
11.4011
11.3903
11.4013
11.3742
11.3554
11.3486
11.3373
11.3295
11.3239
11.323
11.3179
11.2855
11.2747
11.2128
11.2051
11.1755
11.1127
11.0874
11.0266
10.9579
10.9234
10.8488
10.8133
10.7714
10.7317
10.6527
10.6237
10.5982
10.5597
10.4953
10.4849
10.423
10.4047
10.3608
10.2921
10.2695
10.2276
10.1766
10.12
10.0546
10.0217
9.9913
9.9021
9.8455
9.8134
9.7585
9.7156
9.6489
9.6017
9.5603
9.5262
9.5148
9.4771
9.4412
9.4094
9.3878
9.3687
9.3361
9.2554
9.2196
9.1751
9.1464
9.1219
9.0736
9.019
8.9908
8.9588
8.917
8.8617
8.8326
8.7851
8.7508
8.7166
8.6838
8.6559
8.6103
8.5511
8.5211
8.4692
8.4253
8.4264
8.3549
8.3285
