144.0
144.0
142.088
140.1848
138.2443
136.3789
134.6107
132.7183
130.9169
129.0229
127.2076
125.4565
123.8091
122.1362
120.2486
118.5765
116.9213
115.2705
113.5604
111.9182
110.3566
108.6552
106.9788
105.3428
103.7433
102.1991
100.6808
99.1793
97.6535
96.174
94.6195
93.1575
91.7854
90.4185
89.0344
87.6158
86.1964
84.8302
83.3625
81.9703
80.6072
79.2967
77.888
76.5069
75.0912
73.8786
72.5203
71.2504
69.9964
68.7784
67.5189
66.3079
65.1479
63.8515
62.6936
61.598
60.5473
59.423
58.425
57.3608
56.3651
55.4975
54.5709
53.6265
52.7034
51.8269
50.9863
50.1239
49.3076
48.5027
47.7236
46.927
46.1366
45.3629
44.5872
43.8458
43.112
42.3361
41.6289
40.9706
40.2444
39.5604
38.8774
38.2293
37.6152
36.945
36.3125
35.7343
35.1494
34.5397
33.9262
33.3288
32.7505
32.1682
31.5952
31.0206
30.5258
30.0184
29.4782
28.9729
28.4358
27.9183
27.3886
26.8827
26.3669
25.8408
25.3385
24.8826
24.407
23.981
23.5335
23.0573
22.6051
22.1965
21.7582
21.3143
20.8968
20.5242
20.1061
19.7191
19.321
18.9804
18.6181
18.2836
17.9288
17.5975
17.2407
16.9173
16.594
16.2519
15.9232
15.6124
15.3231
15.0569
14.7732
14.5093
14.2389
13.9594
13.6746
13.4351
13.2174
12.9685
12.6764
12.4731
12.2242
12.0152
11.7886
11.5514
11.3174
11.0895
10.8859
10.6786
10.514
10.3485
10.1754
9.9831
9.7908
9.6195
9.4427
9.2756
9.1136
8.9519
8.7941
8.6364
8.4633
8.3218
8.1752
8.0327
7.888
7.7278
7.5839
7.4698
7.3211
7.1776
7.0464
6.9308
6.8147
6.6994
6.5712
6.4644
6.3351
6.1873
6.0769
5.9809
5.8652
5.743
5.6446
5.5287
5.4207
5.3285
5.2212
5.1192
5.0195
4.9403
4.847
4.7462
4.6516
4.5599
4.4759
4.3933
