1.0
1.0
0.9808
0.9591
0.9443
0.9271
0.9094
0.8926
0.8724
0.8523
0.8364
0.8206
0.8013
0.7863
0.7727
0.7559
0.7402
0.7322
0.7226
0.7113
0.6962
0.6805
0.6672
0.6553
0.6429
0.6357
0.6265
0.6154
0.6045
0.5916
0.5813
0.5713
0.5566
0.5484
0.5389
0.5294
0.5192
0.513
0.5032
0.4934
0.4837
0.477
0.4669
0.4585
0.4512
0.4435
0.438
0.431
0.4261
0.4208
0.414
0.4067
0.3993
0.3923
0.3893
0.384
0.3771
0.3742
0.3687
0.3607
0.357
0.3536
0.3483
0.3428
0.337
0.3317
0.3283
0.3268
0.3211
0.315
0.3134
0.3106
0.3067
0.3023
0.2979
0.2941
0.29
0.2842
0.2821
0.2792
0.2763
0.2778
0.2726
0.2677
0.265
0.2648
0.2617
0.259
0.2566
0.2547
0.2518
0.25
0.2456
0.2422
0.2412
0.2399
0.2382
0.2391
0.2374
0.2367
0.2346
0.2322
0.2304
0.227
0.2252
0.2234
0.2215
0.2182
0.2179
0.2175
0.2162
0.2143
0.2123
0.2134
0.2121
0.2113
0.2101
0.2105
0.2095
0.2098
0.2097
0.2098
0.2088
0.2081
0.2062
0.2059
0.2044
0.2031
0.2046
0.2039
0.2053
0.2064
0.204
0.2032
0.2043
0.2036
0.2019
0.2016
0.2018
0.2009
0.2011
0.2025
0.2023
0.2017
0.201
0.2
0.1992
0.2002
0.2014
0.1995
0.1977
0.1963
0.195
0.1919
0.1926
0.1928
0.1917
0.1921
0.1927
0.1928
0.193
0.1943
0.1959
0.1954
0.1948
0.194
0.1928
0.1921
0.1918
0.1912
0.1906
0.1916
0.1904
0.1907
0.1912
0.192
0.1913
0.1917
0.1926
0.1926
0.1919
0.1925
0.1938
0.1926
0.1929
0.1934
0.192
0.1932
0.1913
0.1901
0.191
0.1904
0.1916
0.1921
0.1917
0.1925
0.1918
0.1907
0.1913
0.1915
