1331.0
1331.0
1319.9993
1308.4014
1297.845
1287.2063
1277.1039
1265.7282
1254.2803
1242.3999
1233.8024
1222.8693
1212.8153
1202.8603
1192.6169
1183.3067
1173.9441
1162.7073
1153.8587
1144.1613
1134.2088
1125.3881
1116.5828
1107.2837
1094.1547
1083.8808
1073.5208
1063.6465
1054.3767
1045.1412
1036.5948
1027.7412
1018.3666
1008.2324
999.6458
990.4286
983.0566
973.2896
965.2386
956.6684
948.0227
939.5275
930.9457
923.5854
914.9586
905.854
897.5851
889.9191
883.0613
875.0668
866.8867
858.6518
851.0001
844.0685
835.7845
827.7772
820.5978
813.3684
806.3468
799.0052
792.4025
786.4901
780.1707
773.6025
766.4996
759.4873
753.685
746.9854
738.8945
732.1094
725.7604
719.6731
714.3513
708.571
701.9276
696.7134
692.4724
687.1768
681.4116
675.394
669.7229
664.1422
658.2989
651.8292
646.7751
642.5868
638.3288
632.423
626.8827
621.68
616.2883
611.7009
606.3554
601.3494
596.2407
591.083
585.4176
579.6868
574.5357
570.706
565.4187
560.285
555.8645
551.6436
546.5645
542.2264
536.5778
532.7698
527.4632
522.6955
518.4782
514.6545
509.0091
504.13
500.2787
495.729
490.8283
487.273
481.584
477.5433
473.0998
469.7465
465.352
461.6765
457.8634
453.9392
450.0245
445.9837
441.9343
438.0118
434.6392
431.1473
427.1524
423.1914
419.4271
414.9931
411.0428
406.9729
402.6601
399.0259
394.7987
390.8772
386.2086
382.0233
378.3435
374.187
370.2552
366.2386
362.5665
359.064
354.6634
350.7908
347.3613
344.2108
341.1336
338.1438
334.4599
331.2024
327.4224
323.9179
320.9359
317.6977
313.9645
310.4209
307.1779
303.7536
300.1008
295.9325
292.6797
289.5669
286.8788
283.5476
280.054
276.8408
274.1494
271.3158
268.471
265.7076
262.6795
260.0117
257.4482
254.0311
250.6505
247.2191
244.623
241.7348
239.1079
236.2877
233.6647
230.9856
228.2338
225.4946
222.6817
219.6218
216.8835
213.786
211.0427
208.7162
206.0313
203.4667
