16.0
16.0
15.2903
14.6248
13.9837
13.3379
12.7947
12.2093
11.6627
11.1008
10.6269
10.1317
9.6815
9.27
8.8666
8.4438
8.0723
7.7023
7.3499
7.0204
6.7128
6.3784
6.0898
5.794
5.4921
5.2236
4.9958
4.7657
4.5422
4.3437
4.1465
3.9631
3.7757
3.6168
3.4531
3.3057
3.1441
3.0198
2.8692
2.7471
2.6055
2.4777
2.35
2.243
2.1544
2.0531
1.9577
1.8613
1.7685
1.6981
1.6247
1.5568
1.4946
1.4334
1.3803
1.3326
1.2902
1.2581
1.2392
1.2218
1.2012
1.1851
1.182
1.1723
1.1787
1.1753
1.1709
1.1742
1.1832
1.1934
1.197
1.2101
1.2309
1.2454
1.2643
1.2855
1.3034
1.3242
1.3488
1.3605
1.3688
1.3859
1.3947
1.4138
1.4181
1.4321
1.4636
1.4737
1.4886
1.5036
1.524
1.5389
1.5489
1.5605
1.5863
1.591
1.6096
1.6363
1.6566
1.6662
1.685
1.6856
1.6926
1.701
1.7227
1.74
1.7532
1.7655
1.7832
1.7973
1.8255
1.8414
1.8585
1.8668
1.8758
1.8894
1.905
1.9218
1.9434
1.9555
1.9581
1.9819
1.9953
2.0015
2.0134
2.0227
2.0324
2.0412
2.0537
2.0638
2.055
2.0484
2.0547
2.0635
2.0723
2.0594
2.0533
2.0372
2.0244
2.0139
2.0089
1.9915
1.977
1.9684
1.9477
1.9425
1.9243
1.9147
1.9005
1.8837
1.8614
1.8443
1.8241
1.811
1.7818
1.7612
1.7392
1.7155
1.6923
1.6635
1.6467
1.6239
1.6027
1.5887
1.5779
1.5602
1.5368
1.5211
1.5154
1.5108
1.4871
1.4867
1.4803
1.4566
1.4531
1.4366
1.4151
1.4031
1.3872
1.3718
1.3541
1.334
1.3121
1.3047
1.3055
1.2944
1.283
1.2658
1.2496
1.242
1.2286
1.2263
1.2149
1.2019
1.1947
1.1876
1.1779
1.171
1.1623
1.15
