3375.0
3375.0
3397.2966
3420.6818
3443.9948
3468.028
3486.9011
3510.2048
3531.2334
3553.8884
3572.854
3591.6321
3612.3254
3632.7473
3649.8005
3670.1838
3687.7569
3704.8556
3719.4458
3734.6783
3749.8846
3764.5931
3784.9939
3799.7927
3817.8
3834.5077
3847.0993
3859.0297
3871.3789
3885.155
3899.7277
3912.7167
3924.2056
3941.6461
3954.2341
3965.1398
3974.0913
3983.6937
3993.6322
4001.7263
4011.5807
4018.8472
4027.8008
4036.4647
4042.992
4051.9588
4060.68
4069.6393
4079.9391
4086.6802
4091.7
4096.609
4103.1428
4111.7757
4118.7331
4130.9088
4134.4436
4143.5281
4147.3718
4155.7471
4161.7108
4167.023
4177.7023
4182.9904
4190.2794
4198.1275
4205.3227
4214.1591
4222.7295
4226.9765
4227.5028
4234.7729
4240.7836
4246.9911
4255.2158
4262.7343
4267.8336
4274.555
4282.0092
4288.7201
4291.5652
4297.2886
4304.4904
4307.3285
4312.7015
4318.8393
4323.1288
4326.2849
4330.4381
4333.5152
4338.2465
4344.5787
4349.6598
4354.8179
4361.3826
4364.8362
4370.2768
4376.5344
4380.8576
4383.6834
4387.0966
4394.7547
4400.4551
4402.4909
4406.1103
4409.6512
4411.6023
4415.3265
4419.5451
4423.8031
4426.0885
4425.5043
4431.9591
4434.7178
4437.708
4442.6647
4444.1294
4448.2513
4452.7271
4451.9753
4454.2056
4458.6275
4461.0787
4463.2656
4464.8944
4467.3026
4469.3001
4475.5516
4477.1936
4478.0369
4478.5321
4477.7234
4482.1958
4482.3059
4479.736
4478.7272
4478.0015
4475.5191
4473.6946
4470.906
4466.1813
4464.0618
4462.1436
4457.0861
4451.3742
4450.5341
4448.7966
4443.979
4439.1152
4433.3023
4426.4933
4420.2243
4413.9618
4409.641
4401.4346
4396.8578
4388.6813
4383.6622
4373.1061
4364.3335
4358.066
4353.2269
4346.4855
4340.5784
4336.2271
4328.8642
4323.1432
4313.1473
4306.5276
4301.7401
4295.1383
4288.4749
4280.8376
4270.5458
4262.022
4254.2822
4247.5251
4242.2691
4235.1105
4225.2441
4218.585
4209.3521
4203.7099
4198.917
4188.1174
4179.2018
4173.2494
4163.1224
4153.3879
4148.1957
4138.1
4130.9398
4125.2218
4117.8982
4109.2542
4101.1168
4092.1781
4086.3468
4078.4305
4070.6739
