1728.0
1728.0
1695.5162
1663.2976
1630.7495
1599.6837
1570.4989
1539.4269
1509.9385
1479.0881
1449.7346
1421.6375
1395.7223
1369.2244
1339.6394
1313.6101
1287.9019
1262.6899
1236.4898
1211.9672
1188.5088
1163.2294
1138.4298
1114.1466
1090.8655
1068.3811
1046.6812
1025.0879
1003.5739
982.7062
961.0123
940.7957
921.9904
903.3925
884.7794
865.7772
846.8528
828.812
809.5295
791.2991
773.5386
756.7561
738.7192
720.9933
703.0394
688.1036
670.9759
655.3682
640.2054
625.6092
610.2813
595.6795
582.0393
566.7877
553.145
540.3816
528.3759
515.4728
504.0814
492.1428
480.7897
471.3103
461.1595
450.6849
440.4736
430.9619
422.0431
412.7727
404.0724
395.5075
387.31
378.972
370.8236
362.7321
354.7844
347.2978
339.8296
331.8851
324.7951
318.5176
311.2496
304.4066
297.7994
291.6723
286.0786
279.684
273.6923
268.3323
262.8202
257.1081
251.3764
245.814
240.5701
235.2118
230.119
224.8966
220.4906
216.065
211.4544
207.1439
202.4428
197.9003
193.132
188.7555
184.1991
179.766
175.5987
171.8642
167.897
164.3576
160.7971
156.8015
153.0111
149.8759
146.2738
142.7197
139.3496
136.4794
133.1453
130.0167
126.8614
124.3182
121.4051
118.8588
116.0176
113.5073
110.8205
108.5111
106.0832
103.5489
101.022
98.7332
96.6307
94.7285
92.7066
90.8109
88.8163
86.7128
84.5672
82.8449
81.269
79.4143
77.2842
75.8623
74.0646
72.6148
71.0402
69.3566
67.7832
66.1785
64.7711
63.344
62.1196
60.9711
59.8452
58.5591
57.2784
56.1199
54.9919
53.868
52.819
51.8057
50.7755
49.7908
48.6889
47.8006
46.905
46.0161
45.0694
44.057
43.0997
42.4386
41.4585
40.5478
39.7718
39.0366
38.3223
37.6244
36.7436
36.0292
35.1705
34.1841
33.4699
32.8873
32.1208
31.388
30.7464
29.9847
29.3695
28.8525
28.1668
27.5424
26.9923
26.5671
26.0142
25.3684
24.8328
24.2523
23.7593
23.2257
