49.0
49.0
49.2082
49.3813
49.595
49.7715
49.9709
50.1481
50.3472
50.444
50.6367
50.8031
50.986
51.1983
51.3862
51.5442
51.7425
51.9378
52.1256
52.3167
52.5172
52.7277
52.8937
53.0803
53.267
53.4577
53.6414
53.8202
54.0324
54.268
54.4873
54.7374
54.8744
55.0628
55.2447
55.4624
55.6061
55.7978
55.9547
56.166
56.3866
56.5729
56.7626
56.9476
57.1304
57.258
57.4271
57.5882
57.7785
57.9818
58.1463
58.3808
58.566
58.7291
58.9397
59.1163
59.3645
59.5226
59.7698
60.0101
60.211
60.4153
60.6347
60.8777
61.0895
61.3137
61.5536
61.8409
62.068
62.2632
62.5119
62.7606
63.0139
63.2695
63.5206
63.7665
63.9857
64.2628
64.4969
64.8235
65.0866
65.4216
65.7347
65.9942
66.3032
66.6602
66.9316
67.1593
67.3831
67.6751
67.9912
68.3086
68.603
68.8907
69.2006
69.4836
69.8041
70.1262
70.4557
70.7583
71.0618
71.3768
71.6809
71.9447
72.251
72.5412
72.8508
73.2044
73.4903
73.789
74.1246
74.4003
74.7111
75.0541
75.3602
75.6937
75.9957
76.3938
76.6716
77.0102
77.3249
77.6393
77.9291
78.2781
78.6019
78.9487
79.2381
79.624
79.9692
80.278
80.5589
80.8897
81.2049
81.5354
81.837
82.1796
82.5608
82.8941
83.2779
83.6339
83.9501
84.2735
84.6119
84.9147
85.216
85.607
85.9696
86.2891
86.6812
87.0039
87.3193
87.5987
87.9093
88.167
88.4246
88.7525
89.0851
89.4355
89.7859
90.0597
90.3947
90.6585
91.0254
91.3238
91.7375
91.9838
92.299
92.6323
92.9453
93.2799
93.5804
93.9584
94.2708
94.5796
94.8844
95.1838
95.533
95.8789
96.2334
96.5312
96.8453
97.1902
97.5771
97.9552
98.3313
98.6125
98.948
99.2549
99.7001
100.0318
100.3415
100.6782
101.0585
101.38
101.7419
102.09
102.432
102.7466
103.0611
103.3316
