169.0
169.0
167.937
166.7778
165.6224
164.3846
163.096
161.7945
160.4551
159.1627
157.8928
156.3418
154.8842
153.5099
151.9211
150.5263
149.0285
147.519
145.9529
144.4729
142.9775
141.4342
139.93
138.5273
136.7839
135.2413
133.5824
131.9451
130.3902
128.6489
127.0527
125.5242
123.8437
122.266
120.6737
119.0563
117.3908
115.733
114.1547
112.6172
110.9704
109.4733
107.8152
106.2632
104.6626
103.1057
101.5492
100.0847
98.5728
97.0412
95.5238
93.9505
92.413
90.8854
89.5522
88.2168
86.9237
85.6744
84.5529
83.451
82.3945
81.3808
80.3725
79.3983
78.4122
77.5316
76.6798
75.9233
75.1078
74.3085
73.4834
72.6708
71.8496
71.1387
70.3395
69.4707
68.7836
67.9718
67.3206
66.5182
65.7578
65.1079
64.4701
63.806
63.1509
62.4657
61.7376
61.0721
60.4192
59.7107
59.0429
58.3549
57.7007
57.1166
56.4341
55.787
55.1823
54.5378
53.9351
53.2528
52.7085
52.1526
51.5719
51.0197
50.473
49.895
49.344
48.7621
48.2056
47.6505
47.0941
46.5495
46.0499
45.4853
45.0009
44.5253
44.0122
43.494
43.012
42.5268
42.0375
41.5128
40.9642
40.4931
40.011
39.4835
38.9629
38.5017
38.0742
37.6834
37.2993
36.919
36.4998
36.1069
35.7459
35.376
35.0179
34.7263
34.4264
34.0723
33.8024
33.5208
33.2152
32.9331
32.6465
32.386
32.1316
31.8749
31.6018
31.3203
31.048
30.8125
30.5673
30.3536
30.148
29.9473
29.7024
29.4744
29.2494
29.0077
28.8143
28.6374
28.4658
28.2654
28.0506
27.8886
27.7199
27.5644
27.3919
27.1999
26.9939
26.8222
26.6473
26.4432
26.2727
26.0964
25.9084
25.7096
25.5354
25.3518
25.1762
24.9835
24.8351
24.651
24.493
24.2823
24.1066
23.9387
23.8126
23.6473
23.4754
23.3325
23.1663
22.9516
22.7473
22.5684
22.4058
22.2075
22.0361
21.9261
