1728.0
1728.0
1710.5719
1691.9506
1673.3336
1656.957
1639.1397
1621.5713
1603.7387
1587.3245
1570.9545
1554.6958
1537.8793
1522.334
1505.5159
1488.0535
1472.7225
1457.1831
1442.3075
1426.0572
1411.0408
1395.8068
1379.1112
1365.046
1349.89
1333.0434
1318.5607
1303.3294
1287.3585
1272.2881
1258.3212
1244.8464
1230.0173
1215.3451
1201.0012
1186.6539
1172.62
1160.2701
1148.1569
1135.7474
1124.0423
1111.5034
1099.7349
1087.1058
1075.715
1063.0332
1050.9735
1038.5922
1026.5785
1013.5175
1002.5953
989.9108
979.0515
966.8117
954.824
943.9688
934.0661
923.3218
913.6593
904.2362
894.0862
884.7211
875.5892
866.7337
856.3452
847.843
838.3451
830.3569
821.737
813.5077
806.0445
798.6906
790.7864
783.2522
776.1808
769.5041
762.0717
755.6354
748.7251
741.8037
735.0976
728.6417
721.1904
714.9092
708.7272
702.5518
695.7583
689.7233
683.8004
678.1619
672.5244
666.5171
661.1293
655.5518
650.1909
644.2376
638.2391
632.5644
626.8881
622.1227
616.5353
611.2624
606.3486
601.1012
595.9097
591.088
586.0781
581.842
577.1604
572.4174
567.8382
563.5886
558.7269
554.2371
549.2824
544.461
539.9684
535.5084
531.0824
526.8838
522.6885
517.6821
513.3747
509.0594
504.7072
500.8984
496.6243
492.2986
488.3915
484.1494
479.783
475.7861
471.8503
467.7843
463.51
459.2778
455.4543
451.4149
447.3389
443.236
439.079
435.647
431.629
427.5097
423.4188
419.5893
416.1428
412.4528
408.4871
404.6446
400.8577
397.4156
394.0962
390.6546
386.9204
382.8801
378.6991
375.2201
371.6506
367.141
362.9544
359.3115
355.6823
352.2554
348.3749
344.8016
341.0011
337.5763
334.5936
331.6816
327.9684
324.5469
321.0723
317.9723
314.6098
311.0447
307.6836
304.8039
301.0818
298.4963
294.7656
291.3333
288.213
285.4605
282.5653
279.6628
276.8687
273.4918
270.335
267.756
264.7255
261.8241
259.0625
256.0791
253.4276
250.5082
247.5856
245.0277
242.454
240.0493
