100.0
100.0
100.0617
100.1118
100.1884
100.292
100.4057
100.4537
100.6278
100.7109
100.7917
100.8888
101.1047
101.2512
101.4141
101.5228
101.46
101.5792
101.6741
101.8464
101.902
102.0168
102.0851
102.279
102.4856
102.6463
102.7302
102.8763
102.9774
103.1291
103.2271
103.4922
103.7034
103.8213
103.9845
104.1833
104.3247
104.4145
104.6795
104.8351
104.8702
104.9827
105.1382
105.403
105.4936
105.6087
105.7892
105.8592
105.9564
106.1104
106.1951
106.3233
106.374
106.4982
106.7656
107.0657
107.3513
107.5386
107.7909
108.0428
108.4891
108.8904
109.2403
109.6117
109.9757
110.4195
110.9274
111.4195
111.8802
112.3249
112.8371
113.3742
113.8826
114.4597
114.9653
115.521
116.1532
116.6903
117.1978
117.7149
118.2291
118.7961
119.4569
120.0635
120.7527
121.3086
121.8606
122.5081
123.1816
123.7371
124.3292
124.9498
125.595
126.1872
126.8153
127.4786
128.1403
128.6465
129.3655
129.9551
130.5674
131.2123
131.9282
132.6141
133.3483
133.9663
134.6765
135.3688
135.8945
136.5052
137.0699
137.6606
138.2019
138.9108
139.5594
140.1778
140.8077
141.5163
142.1681
142.8656
143.515
144.264
144.9074
145.5438
146.2202
146.937
147.6502
148.2066
148.8634
149.6721
150.5172
151.1859
151.907
152.5919
153.322
154.0619
154.7808
155.3509
156.1848
156.8994
157.5881
158.2304
158.9219
159.8353
160.5634
161.4207
162.2502
162.9904
163.7434
164.4352
165.2021
166.0715
166.8926
167.7875
168.5589
169.3472
170.1405
170.9519
171.8015
172.8215
173.6391
174.4675
175.4251
176.2006
177.0919
177.9953
178.761
179.7253
180.6626
181.405
182.2277
183.2448
184.0069
184.8176
185.5943
186.4767
187.4036
188.1824
189.0275
190.0232
190.8734
191.7335
192.5847
193.6512
194.3288
195.2505
195.9558
196.8704
197.8353
198.7815
199.7277
200.7467
201.8739
202.8186
203.7084
204.6761
205.5563
206.5911
207.4349
208.4518
