30.0
30.0
29.9688
29.9409
29.904499999999988
29.867900000000024
29.835400000000007
29.79549999999999
29.76189999999999
29.718799999999984
29.68010000000001
29.64270000000003
29.604399999999988
29.564699999999966
29.527900000000013
29.4935
29.453500000000012
29.4149
29.379099999999987
29.33549999999999
29.295300000000005
29.2524
29.20799999999996
29.171100000000024
29.13609999999999
29.100199999999965
29.061400000000013
29.022199999999994
28.987900000000025
28.9512
28.9133
28.877199999999977
28.836500000000004
28.79829999999997
28.760499999999958
28.721299999999964
28.687899999999953
28.647799999999965
28.609000000000012
28.573800000000006
28.534099999999953
28.4942
28.4507
28.413400000000024
28.37999999999999
28.3453
28.311899999999994
28.271700000000013
28.23319999999999
28.198099999999993
28.16450000000001
28.12940000000003
28.092600000000022
28.05209999999999
28.016199999999987
27.980900000000023
27.947600000000012
27.91319999999998
27.882700000000007
27.85209999999997
27.822399999999988
27.797799999999953
27.771400000000025
27.743199999999987
27.71880000000003
27.697800000000036
27.675000000000022
27.651899999999966
27.63199999999996
27.61410000000002
27.59220000000006
27.569099999999963
27.547899999999977
27.53250000000004
27.510900000000024
27.490800000000025
27.47449999999999
27.453100000000024
27.437799999999978
27.422299999999993
27.408099999999955
27.393500000000024
27.369300000000013
27.354000000000013
27.337200000000035
27.3228
27.3058
27.288500000000063
27.27300000000001
27.25349999999999
27.234700000000036
27.222400000000036
27.21039999999999
27.189900000000023
27.171700000000012
27.151399999999988
27.131799999999952
27.113700000000023
27.097700000000035
27.08230000000001
27.063000000000006
27.04880000000001
27.02650000000006
27.01189999999999
26.995200000000082
26.980299999999943
26.961299999999955
26.944599999999987
26.92490000000007
26.90330000000003
26.88370000000001
26.867800000000024
26.8507
26.832199999999958
26.8098
26.790399999999988
26.76999999999998
26.7482
26.731499999999976
26.708899999999975
26.687700000000035
26.667799999999993
26.65259999999999
26.63349999999994
26.619100000000007
26.60200000000001
26.579999999999984
26.560399999999984
26.54180000000006
26.518400000000046
26.499299999999977
26.476300000000034
26.445799999999988
26.4193
26.390400000000035
26.36740000000001
26.338399999999975
26.31619999999993
26.282199999999964
26.25469999999998
26.21849999999998
26.191599999999937
26.160299999999914
26.13230000000005
26.09639999999998
26.065700000000003
26.03640000000004
26.000200000000007
25.96969999999997
25.93830000000002
25.90350000000002
25.862700000000057
25.823200000000014
25.789500000000025
25.755499999999955
25.719700000000024
25.69350000000005
25.654400000000027
25.611799999999977
25.57479999999998
25.541300000000053
25.50299999999996
25.46929999999997
25.431400000000078
25.392899999999948
25.359999999999896
25.326399999999985
25.296300000000016
25.258100000000073
25.227000000000054
25.19020000000007
25.15560000000005
25.117400000000064
25.08139999999994
25.046900000000072
25.011600000000033
24.9692
24.93430000000005
24.90080000000002
24.870300000000018
24.829900000000027
24.793400000000027
24.755400000000016
24.718499999999956
24.680899999999937
24.647500000000015
24.609299999999983
24.577199999999934
24.546299999999974
24.51039999999998
24.47429999999998
24.434100000000054
24.39800000000002
24.3621
24.329200000000075
24.2901
24.252899999999965
24.21559999999994
24.181900000000116
24.146899999999935
