5832.0
5832.0
5803.8009
5775.9595
5743.5522
5714.9788
5682.3448
5651.3991
5620.352
5592.1072
5563.6754
5537.1471
5504.8043
5476.8725
5445.4323
5415.0917
5389.1141
5363.7505
5334.4985
5303.3747
5273.4807
5245.567
5215.6252
5188.1766
5161.5932
5133.0754
5105.9618
5081.422
5053.1913
5023.246
4997.5665
4973.6574
4950.3895
4924.8803
4896.5771
4875.3596
4849.2126
4822.6939
4796.0415
4766.8289
4742.1352
4712.5701
4686.0051
4662.9289
4636.1297
4608.8285
4580.4994
4555.2733
4528.9162
4501.7659
4476.9423
4450.6643
4427.5495
4402.1627
4377.2417
4351.8933
4320.3642
4293.8979
4266.7397
4237.941
4213.1821
4184.3502
4155.2592
4124.0027
4090.1928
4062.3865
4028.2941
3995.6951
3961.3281
3924.2201
3892.5299
3858.291
3826.9587
3791.2105
3760.7237
3726.9653
3693.5118
3662.0913
3629.4669
3597.6583
3563.932
3528.1578
3495.2971
3462.8657
3429.1097
3397.128
3367.0106
3333.3154
3299.5828
3265.3531
3233.1016
3199.7185
3166.9627
3133.6977
3103.867
3073.5811
3043.9631
3012.2003
2980.667
2953.13
2924.5994
2894.8653
2862.5188
2832.2972
2803.3906
2775.3396
2747.0239
2719.209
2689.5389
2660.123
2633.1553
2604.0466
2577.5008
2551.0861
2525.1317
2502.8466
2475.2944
2449.5398
2425.9326
2402.005
2378.3899
2354.632
2332.7827
2306.3831
2282.2323
2259.1323
2235.9756
2211.8151
2190.9082
2166.4583
2141.7722
2121.4256
2097.8249
2077.5719
2054.9383
2036.7061
2016.9459
1999.5685
1979.0021
1961.1901
1940.6464
1924.4461
1905.3955
1886.1192
1868.2592
1851.7902
1834.1425
1817.8681
1802.1854
1787.227
1770.895
1756.4277
1741.1209
1727.3339
1711.888
1697.2523
1680.7972
1666.2773
1650.3962
1636.7318
1620.7089
1606.1043
1591.9402
1577.0807
1563.6675
1551.291
1537.5845
1525.67
1511.429
1496.4866
1482.6969
1467.9236
1454.8899
1441.8859
1427.5974
1415.6962
1402.1887
1387.0616
1373.1497
1360.9169
1349.1785
1336.6246
1321.4748
1310.0525
1297.2844
1286.2556
1275.8531
1264.4907
1250.764
1239.3678
1227.9885
1217.5598
1206.1631
1196.5231
1185.3114
1175.6012
1165.256
1153.0344
1143.0648
1133.1475
