17.0
17.0
16.91680000000005
16.836199999999987
16.75159999999996
16.671500000000016
16.587399999999967
16.508099999999917
16.4166
16.336300000000094
16.257700000000074
16.175099999999937
16.088799999999953
16.007900000000124
15.9292
15.848
15.7667
15.6861
15.606199999999994
15.523899999999998
15.4395
15.3565
15.27110000000001
15.1944
15.1075
15.026400000000006
14.941400000000005
14.857700000000007
14.770800000000012
14.690500000000005
14.615899999999995
14.533699999999989
14.450500000000009
14.3735
14.288500000000012
14.2033
14.12500000000002
14.04429999999998
13.958899999999995
13.87679999999999
13.798700000000023
13.719000000000003
13.63740000000003
13.55230000000002
13.473500000000007
13.392700000000021
13.311099999999982
13.229199999999993
13.152500000000018
13.069099999999974
12.987300000000007
12.90110000000003
12.816400000000046
12.73459999999997
12.651599999999997
12.575299999999988
12.507799999999968
12.445100000000002
12.388000000000007
12.32620000000004
12.26709999999997
12.21600000000002
12.158699999999994
12.114799999999988
12.064599999999949
12.018
11.967400000000014
11.918799999999994
11.874400000000014
11.823999999999995
11.780199999999999
11.738799999999946
11.694200000000015
11.656500000000024
11.611599999999992
11.565299999999947
11.524599999999973
11.4806
11.438299999999927
11.399999999999984
11.359200000000024
11.31789999999998
11.27519999999999
11.2337
11.194300000000046
11.153899999999991
11.11290000000002
11.071699999999957
11.023300000000017
10.982099999999985
10.945499999999981
10.906199999999947
10.862300000000007
10.822299999999984
10.781099999999995
10.74169999999997
10.703599999999986
10.662599999999953
10.624300000000037
10.581799999999966
10.545500000000033
10.509499999999997
10.467900000000014
10.428099999999985
10.390600000000052
10.352800000000002
10.315100000000047
10.274399999999984
10.235699999999982
10.192500000000017
10.14930000000003
10.109600000000007
10.066799999999985
10.027299999999975
9.991200000000001
9.955499999999995
9.917999999999953
9.879900000000024
9.843899999999989
9.80669999999997
9.759700000000036
9.720000000000015
9.682799999999983
9.641400000000028
9.607100000000004
9.56869999999996
9.533000000000019
9.493700000000022
9.455599999999958
9.409800000000025
9.363
9.316899999999992
9.264999999999985
9.211000000000016
9.153400000000019
9.10469999999999
9.051800000000043
8.994900000000015
8.935099999999977
8.86820000000002
8.810300000000028
8.744499999999977
8.682099999999947
8.620199999999981
8.564499999999944
8.503800000000018
8.445600000000098
8.387500000000044
8.323500000000072
8.2616
8.19930000000002
8.141300000000019
8.084600000000039
8.021699999999974
7.963499999999986
7.901000000000009
7.828800000000003
7.7682
7.710500000000003
7.6432
7.580099999999997
7.5222000000000016
7.461800000000001
7.404
7.339000000000003
7.282000000000006
7.221300000000006
7.158699999999997
7.1003000000000025
7.043600000000006
6.982399999999993
6.925599999999989
6.863899999999991
6.811099999999991
6.752200000000003
6.692299999999994
6.633700000000012
6.574300000000007
6.512500000000002
6.448400000000019
6.392299999999999
6.3280999999999885
6.2723999999999975
6.213900000000006
6.157499999999985
6.098999999999997
6.04579999999999
5.990500000000007
5.932899999999998
5.878300000000006
5.825600000000005
5.773399999999992
5.7236999999999885
5.664999999999989
5.608900000000007
5.556500000000003
5.5051000000000005
5.451699999999979
5.405099999999997
5.353100000000004
