1000.0
1000.0
1014.223
1026.6896
1039.836
1053.4841
1065.1722
1077.9777
1090.3085
1103.7748
1116.4542
1130.4526
1144.4242
1159.8421
1170.8835
1185.1339
1198.2313
1212.2293
1227.0002
1241.4273
1254.5319
1269.2162
1283.913
1297.9891
1313.2253
1328.595
1342.9188
1357.2806
1371.6413
1387.3674
1401.6499
1417.3192
1433.5254
1446.4866
1460.6681
1476.562
1492.5321
1508.1926
1524.5542
1540.9229
1558.1617
1574.2948
1590.0358
1604.9564
1620.7951
1637.037
1653.7558
1670.4437
1686.6033
1704.7393
1721.6055
1735.9627
1753.0641
1770.3393
1786.7931
1803.0973
1818.7184
1835.0152
1850.2431
1867.2532
1883.3373
1897.0853
1914.8932
1931.3123
1947.1888
1962.1393
1979.5874
1993.7577
2011.4225
2027.4415
2042.7813
2058.3511
2073.3963
2090.2561
2105.5827
2120.856
2136.0552
2153.0434
2172.1452
2191.2602
2205.2207
2222.8378
2238.4762
2254.5561
2272.8176
2287.8879
2303.9269
2320.1468
2333.1704
2348.258
2363.9933
2381.2974
2395.9749
2412.4267
2429.8231
2445.2062
2462.6457
2477.655
2492.4137
2511.2989
2524.8096
2540.912
2556.1103
2570.1798
2585.6088
2603.3991
2620.8915
2637.8986
2659.2173
2674.6427
2692.9891
2710.143
2725.4833
2742.0447
2759.1035
2775.3579
2792.8791
2814.2216
2831.4619
2849.2163
2870.645
2887.4697
2905.9778
2923.4867
2941.6751
2958.6323
2977.7196
2996.0062
3016.8526
3034.6632
3055.3069
3075.2132
3096.1735
3115.2975
3130.5355
3151.0722
3172.2768
3195.5441
3218.2095
3241.2948
3264.2827
3287.0123
3311.0928
3337.5594
3361.047
3379.4335
3398.9144
3421.0265
3448.9373
3474.3698
3495.8338
3518.7699
3543.9624
3573.4375
3597.3922
3624.5016
3647.6762
3674.749
3699.7275
3727.1155
3754.7903
3782.9728
3809.3391
3834.0224
3857.2349
3880.5877
3912.8486
3940.574
3966.5624
3997.0909
4023.2781
4047.4029
4074.2548
4102.7134
4127.4009
4156.5326
4181.2282
4211.5691
4239.5722
4266.6139
4293.5016
4322.2768
4347.8263
4373.0632
4407.9739
4437.8865
4462.9485
4493.5009
4521.9536
4554.4324
4581.4871
4609.6833
4637.4297
4667.445
4694.5399
4724.5071
4759.5111
4788.3286
4820.3816
4855.1444
