5.0
5.0
4.9553000000000065
4.913900000000025
4.869499999999986
4.824900000000014
4.780099999999994
4.728400000000031
4.675300000000022
4.631399999999977
4.58819999999999
4.548299999999986
4.496100000000003
4.452099999999995
4.415599999999988
4.372399999999971
4.324500000000014
4.282999999999989
4.238100000000002
4.1988000000000145
4.155800000000004
4.113000000000024
4.069100000000003
4.028499999999979
3.9857000000000045
3.9422
3.8967
3.8491999999999993
3.81
3.7729999999999984
3.7306999999999984
3.6931000000000007
3.651999999999998
3.6127000000000042
3.5740999999999987
3.5303
3.498599999999997
3.4655000000000027
3.4272999999999985
3.3937000000000057
3.362299999999997
3.3279000000000005
3.2945000000000015
3.2597000000000014
3.2226000000000035
3.183900000000003
3.1462999999999943
3.1196999999999973
3.094699999999993
3.0607000000000015
3.0279000000000105
2.997799999999985
2.9669999999999996
2.9368999999999983
2.911899999999996
2.887599999999993
2.871299999999998
2.8490000000000038
2.831100000000002
2.8176000000000045
2.7995000000000068
2.784899999999997
2.773599999999994
2.7580000000000098
2.7461999999999978
2.7372999999999994
2.727999999999996
2.7177000000000042
2.707100000000002
2.697999999999995
2.6867000000000103
2.6744000000000008
2.6673999999999967
2.6605999999999943
2.649200000000001
2.6401999999999988
2.633900000000001
2.6238000000000055
2.615299999999994
2.609199999999997
2.6053000000000064
2.597700000000012
2.586600000000003
2.5846999999999993
2.574800000000002
2.570099999999997
2.5601000000000047
2.5591000000000035
2.552399999999998
2.545300000000003
2.5419000000000045
2.5354999999999954
2.5300999999999854
2.5208000000000017
2.5111000000000123
2.5049000000000103
2.5028999999999813
2.5012999999999947
2.495200000000008
2.4940000000000033
2.4904999999999946
2.483999999999999
2.477499999999996
2.4729999999999936
2.46830000000001
2.463900000000001
2.4564999999999926
2.4557999999999898
2.449500000000001
2.445799999999992
2.445200000000008
2.4429000000000016
2.4387000000000034
2.428800000000012
2.42299999999999
2.418399999999996
2.4174
2.4036999999999935
2.396499999999996
2.3931000000000155
2.388600000000002
2.382600000000008
2.3804000000000016
2.3759000000000023
2.3703000000000123
2.367699999999994
2.362200000000007
2.358300000000004
2.3533000000000133
2.35009999999999
2.343800000000001
2.3412999999999866
2.3358999999999965
2.327499999999996
2.3217999999999988
2.3090000000000064
2.297099999999994
2.284999999999996
2.2732000000000063
2.266700000000007
2.260200000000004
2.2519000000000076
2.2390999999999788
2.233500000000012
2.2269999999999976
2.2158999999999955
2.2088999999999923
2.203500000000013
2.192999999999999
2.1881000000000075
2.1788000000000065
2.1645000000000096
2.1597
2.147599999999996
2.1406000000000085
2.131999999999988
2.1220000000000026
2.1144999999999765
2.1075000000000017
2.094299999999998
2.0865000000000067
2.0764000000000156
2.066300000000013
2.0590000000000046
2.0464999999999973
2.0386999999999946
2.0313000000000083
2.0201999999999884
2.018000000000014
2.0105000000000124
2.0030000000000006
1.9936000000000003
1.9888000000000008
1.9826999999999997
1.9774999999999985
1.9647999999999985
1.9568
1.9471000000000007
1.9412
1.9371
1.93
1.9239999999999993
1.9154000000000007
1.9110000000000003
1.9053999999999995
1.8960999999999992
1.8892
1.8819
1.8743999999999985
1.8658000000000008
1.8604000000000003
1.8546999999999985
1.8484999999999994
1.8403
1.8369000000000004
1.8300000000000012
1.8202999999999996
1.8194000000000008
1.8089000000000006
1.8023000000000022
