0.0
0.0
0.012499999999999995
0.022299999999999882
0.03029999999999999
0.03770000000000013
0.04550000000000016
0.05070000000000002
0.057600000000000026
0.0616000000000002
0.06119999999999982
0.06400000000000004
0.06679999999999965
0.0677000000000003
0.06909999999999986
0.07240000000000014
0.07359999999999987
0.07470000000000014
0.07539999999999998
0.07830000000000037
0.07570000000000017
0.07440000000000016
0.07230000000000049
0.07200000000000023
0.07439999999999987
0.07509999999999997
0.07219999999999989
0.07130000000000024
0.07200000000000001
0.07239999999999996
0.07310000000000025
0.07350000000000034
0.07260000000000047
0.07170000000000021
0.07199999999999976
0.07240000000000035
0.07170000000000003
0.07360000000000011
0.07390000000000013
0.07360000000000017
0.07330000000000005
0.07380000000000013
0.07399999999999973
0.07339999999999977
0.07359999999999964
0.07519999999999985
0.07520000000000006
0.07620000000000014
0.07409999999999956
0.07469999999999996
0.07670000000000038
0.07610000000000003
0.07529999999999994
0.07509999999999985
0.07400000000000004
0.07579999999999987
0.08119999999999977
0.08250000000000045
0.08789999999999995
0.09340000000000005
0.0978999999999999
0.10070000000000018
0.10799999999999996
0.1118999999999999
0.1151
0.1174
0.1225
0.1245
0.12839999999999963
0.1305
0.12819999999999915
0.13059999999999924
0.13319999999999965
0.13250000000000065
0.13249999999999978
0.13530000000000023
0.13429999999999975
0.13410000000000064
0.13320000000000007
0.13409999999999886
0.13770000000000057
0.1375999999999997
0.13940000000000022
0.13960000000000047
0.1377000000000003
0.13569999999999977
0.1376999999999995
0.1363999999999995
0.13559999999999983
0.1378999999999994
0.13969999999999957
0.14040000000000027
0.13939999999999958
0.13689999999999944
0.13479999999999914
0.1348999999999995
0.1362999999999997
0.13530000000000061
0.13639999999999936
0.1373000000000009
0.13890000000000036
0.1413000000000003
0.140199999999999
0.13770000000000038
0.1370999999999995
0.1344000000000005
0.1358999999999999
0.13660000000000008
0.13740000000000058
0.13570000000000065
0.1345000000000004
0.1346999999999999
0.13150000000000023
0.13149999999999945
0.13090000000000054
0.1303000000000004
0.1312000000000007
0.1309
0.13169999999999998
0.13270000000000007
0.1311000000000003
0.13030000000000044
0.13410000000000036
0.1328000000000002
0.13030000000000005
0.1328999999999998
0.13139999999999982
0.12830000000000036
0.1278000000000003
0.12949999999999992
0.13229999999999908
0.1356000000000011
0.1370999999999994
0.13840000000000066
0.1402000000000001
0.14169999999999983
0.1456999999999999
0.1453999999999991
0.14379999999999998
0.1440000000000005
0.14510000000000015
0.14689999999999942
0.1478999999999999
0.15100000000000072
0.1549000000000001
0.15740000000000037
0.1585000000000004
0.16080000000000008
0.1585999999999997
0.1604000000000003
0.16220000000000023
0.16259999999999916
0.16289999999999963
0.16239999999999974
0.16220000000000023
0.16400000000000053
0.16620000000000024
0.16710000000000044
0.16740000000000022
0.16799999999999973
0.1663999999999997
0.16430000000000006
0.1644000000000001
0.1674000000000001
0.1702999999999995
0.16929999999999984
0.1689999999999998
0.16870000000000027
0.1710999999999997
0.16970000000000027
0.17160000000000036
0.17419999999999997
0.17479999999999962
0.17499999999999985
0.17619999999999977
0.17679999999999949
0.17700000000000024
0.17440000000000022
0.1747000000000006
0.17719999999999958
0.1747999999999999
0.17410000000000003
0.1747999999999997
0.1746000000000001
0.17220000000000035
0.16840000000000016
0.16980000000000006
0.16840000000000008
0.16989999999999975
0.17049999999999987
0.17079999999999956
0.17060000000000045
0.17269999999999985
0.17099999999999987
0.17150000000000024
0.17250000000000004
0.16899999999999993
0.1710000000000003
0.17260000000000017
0.17549999999999985
