4.0
4.0
3.8909000000000016
3.7856
3.679900000000002
3.5707000000000013
3.472500000000003
3.366900000000003
3.266499999999994
3.159200000000004
3.0620999999999903
2.961300000000001
2.8659000000000012
2.7737999999999987
2.6848000000000067
2.5878000000000063
2.500100000000014
2.411899999999996
2.3235000000000046
2.2383999999999866
2.159400000000006
2.0761999999999894
1.9980000000000004
1.9166
1.8341
1.7592000000000014
1.690600000000002
1.6234999999999995
1.561200000000002
1.5035000000000023
1.444499999999998
1.3872999999999966
1.333699999999995
1.2879999999999927
1.2386999999999995
1.1908999999999976
1.1410999999999996
1.099999999999997
1.0519999999999987
1.0097
0.9633000000000004
0.9243000000000003
0.8851999999999997
0.8544
0.8218
0.7895000000000009
0.7618999999999991
0.7316999999999977
0.699099999999999
0.6737000000000007
0.6477000000000005
0.6253999999999985
0.6033999999999992
0.583
0.5663000000000001
0.5509999999999992
0.5398000000000035
0.5304999999999989
0.5266000000000032
0.5234000000000014
0.5212000000000007
0.5202999999999979
0.5220000000000012
0.5224999999999974
0.5254999999999995
0.5282999999999989
0.5300999999999964
0.5339999999999995
0.5397999999999974
0.5454000000000016
0.5479999999999994
0.5541000000000016
0.5602999999999989
0.565800000000001
0.5729000000000024
0.585099999999999
0.5917999999999978
0.601200000000003
0.608400000000001
0.6131000000000006
0.6171999999999995
0.6224999999999985
0.6247000000000003
0.6338000000000011
0.6386999999999976
0.6425000000000018
0.6548000000000005
0.6611000000000011
0.6665999999999975
0.6724000000000003
0.6804
0.6857000000000011
0.6891000000000004
0.6946999999999991
0.7033
0.7050000000000017
0.7104000000000016
0.7191000000000032
0.7246000000000026
0.7274000000000007
0.732199999999999
0.7340000000000003
0.7369999999999999
0.7404
0.7455000000000012
0.7512000000000015
0.754999999999997
0.7584999999999978
0.7643999999999993
0.7675000000000018
0.7725000000000002
0.7745999999999986
0.7804999999999997
0.7838000000000014
0.7869999999999997
0.7903999999999979
0.7937999999999993
0.7978000000000021
0.8045999999999996
0.8097000000000003
0.8124999999999998
0.8189000000000005
0.8243000000000004
0.8253000000000004
0.8311999999999975
0.8355000000000018
0.8389999999999996
0.8380000000000014
0.8385000000000007
0.8407999999999988
0.8384000000000015
0.8339999999999999
0.8351
0.8350999999999995
0.8339000000000009
0.8289999999999982
0.826299999999999
0.8235999999999998
0.8182000000000016
0.8131000000000006
0.8087000000000016
0.8033000000000007
0.7980000000000012
0.7961999999999981
0.7904999999999995
0.7872999999999982
0.7803000000000008
0.7754999999999995
0.7674999999999992
0.7595
0.7543999999999994
0.7500999999999979
0.7406999999999998
0.7330000000000021
0.7219999999999989
0.7146000000000003
0.7085999999999986
0.6979000000000006
0.6921000000000002
0.6836999999999989
0.6774999999999972
0.669099999999999
0.6614999999999998
0.6594999999999999
0.6546999999999995
0.6481999999999991
0.6424000000000014
0.6355000000000007
0.6330000000000008
0.6310000000000021
0.6234999999999976
0.6220999999999975
0.620300000000003
0.6148000000000015
0.6132999999999967
0.6088000000000017
0.6028999999999962
0.598100000000004
0.5945999999999995
0.5863999999999991
0.5819000000000021
0.577000000000002
0.5704999999999997
0.566699999999999
0.5649000000000004
0.5610000000000016
0.5570000000000002
0.552200000000001
0.5460000000000004
0.541800000000005
0.5382000000000019
0.5342999999999997
0.5293000000000003
0.5243000000000003
0.5217000000000003
0.5205999999999992
0.5190999999999986
0.5170000000000036
0.5123000000000001
0.5104000000000011
