9.0
9.0
8.9947
8.9719
8.9386
8.9549
8.9454
8.9523
8.9598
8.9598
8.9499
8.9546
8.9523
8.9309
8.9306
8.9154
8.9104
8.9035
8.8904
8.8614
8.848
8.8645
8.8546
8.849
8.8298
8.8137
8.8033
8.8026
8.8089
8.8138
8.8079
8.8043
8.8186
8.801
8.7939
8.7739
8.7676
8.7467
8.7284
8.7351
8.7243
8.7207
8.7205
8.7095
8.7211
8.7492
8.7291
8.7118
8.6955
8.6972
8.7047
8.7245
8.7172
8.7056
8.7067
8.7004
8.7134
8.7182
8.7078
8.7074
8.7063
8.7187
8.7105
8.7147
8.7268
8.7488
8.7613
8.7803
8.7724
8.7702
8.7697
8.7879
8.7753
8.7526
8.7479
8.7564
8.7634
8.7899
8.8021
8.8071
8.8031
8.8245
8.8347
8.8167
8.8223
8.8374
8.8691
8.8861
8.911
8.9188
8.9081
8.9222
8.9069
8.9247
8.9159
8.9267
8.9148
8.9223
8.9462
8.9615
8.9737
8.9766
8.9888
9.0023
9.036
9.0313
9.0544
9.0617
9.0866
9.108
9.1172
9.1193
9.1629
9.1754
9.1975
9.2155
9.2421
9.2453
9.252
9.2737
9.3011
9.3068
9.3158
9.3371
9.3346
9.3465
9.3675
9.3674
9.3825
9.3854
9.3798
9.4146
9.4321
9.4449
9.4595
9.4489
9.4688
9.4733
9.4821
9.507
9.5143
9.5232
9.5387
9.543
9.5582
9.5565
9.5798
9.5959
9.5841
9.5843
9.5864
9.61
9.5811
9.6113
9.6242
9.6353
9.6123
9.6108
9.6121
9.6233
9.6363
9.6246
9.6432
9.6464
9.6242
9.6153
9.6331
9.6327
9.643
9.6468
9.6201
9.6207
9.6213
9.6135
9.6182
9.6221
9.6332
9.6529
9.6329
9.6291
9.6301
9.6381
9.6499
9.6436
9.6407
9.6556
9.6703
9.6821
9.7027
9.7068
9.7021
9.6969
9.6974
9.6882
9.6476
9.6376
9.6603
9.6442
9.6407
9.6663
