49.0
49.0
49.8391
50.6474
51.5041
52.3463
53.1393
53.9886
54.7636
55.5603
56.3099
57.0567
57.8829
58.6685
59.4085
60.1924
60.928
61.7212
62.4282
63.1506
63.9011
64.6029
65.3111
66.0071
66.7646
67.4811
68.1076
68.8725
69.588
70.266
70.9263
71.6375
72.3151
72.9163
73.6253
74.23
74.9063
75.545
76.1412
76.7168
77.3074
77.9336
78.5396
79.1291
79.7302
80.385
80.9627
81.4885
82.1166
82.716
83.2619
83.8197
84.4437
85.0565
85.6306
86.1785
86.6859
87.2099
87.785
88.3571
88.8627
89.3849
89.9542
90.4906
91.0243
91.5082
92.0564
92.5825
93.08
93.5589
94.0863
94.5487
95.1394
95.6501
96.1022
96.6439
97.1947
97.7284
98.1952
98.7072
99.2433
99.8165
100.299
100.813
101.2977
101.8286
102.3779
102.8073
103.3633
103.8897
104.3354
104.8257
105.2647
105.7996
106.3315
106.7934
107.355
107.8248
108.2667
108.7699
109.233
109.7251
110.215
110.707
111.1593
111.7088
112.185
112.6893
113.1547
113.6324
114.133
114.5885
115.1096
115.5742
116.0836
116.5221
117.01
117.3983
117.8452
118.2765
118.689
119.1723
119.64
120.1245
120.5607
121.0106
121.4439
121.9406
122.3892
122.8748
123.3323
123.7805
124.2406
124.7757
125.238
125.6905
126.2051
126.6941
127.1708
127.5855
128.0624
128.5449
129.013
129.5358
130.0616
130.5995
131.0705
131.5207
131.9974
132.4997
133.0038
133.4963
133.9391
134.4123
134.8779
135.4047
135.9191
136.4194
136.9452
137.4296
137.9429
138.4133
138.9082
139.3944
139.9102
140.4782
140.9905
141.5181
142.0367
142.4996
143.0205
143.5814
144.1051
144.5887
145.0753
145.631
146.0901
146.6365
147.1161
147.5803
148.1023
148.6266
149.1628
149.6594
150.1464
150.6395
151.0875
151.6153
152.1251
152.6318
153.2006
153.7308
154.1969
154.7298
155.2443
155.7412
156.2438
156.7527
157.2931
157.8704
