27.0
27.0
7.4821
2.1485
0.6497
0.2187
0.0736
0.0532
0.0461
0.044
0.0429
0.0387
0.0411
0.0485
0.0452
0.0451
0.0445
0.0457
0.0476
0.0414
0.0432
0.0475
0.0424
0.0493
0.0397
0.0442
0.0389
0.0444
0.0518
0.0466
0.046
0.0454
0.036
0.0445
0.0436
0.0447
0.0421
0.0455
0.0449
0.0408
0.0435
0.0467
0.0471
0.0401
0.0395
0.0423
0.0444
0.0437
0.0438
0.0423
0.0435
0.05
0.0403
0.0443
0.062
0.0714
0.0763
0.0811
0.0828
0.0771
0.07
0.0638
0.0574
0.0647
0.0668
0.063
0.0585
0.0579
0.0592
0.0597
0.0652
0.0665
0.0606
0.0651
0.0599
0.0508
0.0582
0.0662
0.0564
0.0522
0.0576
0.0545
0.0548
0.0551
0.0538
0.061
0.0638
0.0554
0.0604
0.0601
0.0613
0.0544
0.0568
0.0515
0.0473
0.0522
0.0562
0.0639
0.0664
0.0704
0.0624
0.0605
0.0589
0.0549
0.0533
0.0518
0.0553
0.0555
0.0568
0.0526
0.0553
0.0545
0.0583
0.0515
0.0524
0.052
0.0455
0.0484
0.0534
0.05
0.0474
0.0527
0.0514
0.0527
0.0559
0.0585
0.0637
0.0544
0.0611
0.0675
0.075
0.0718
0.0704
0.0765
0.0793
0.0874
0.0836
0.0767
0.0731
0.084
0.0802
0.0784
0.0768
0.0825
0.0809
0.0828
0.0769
0.0764
0.0821
0.0811
0.0768
0.0729
0.0785
0.0808
0.0771
0.074
0.0766
0.0811
0.0881
0.0813
0.0876
0.0865
0.0802
0.0809
0.0712
0.076
0.0734
0.0789
0.0836
0.0848
0.0793
0.0702
0.0665
0.0709
0.0741
0.0753
0.0724
0.0706
0.0724
0.0807
0.089
0.0867
0.0783
0.0785
0.0756
0.0765
0.0742
0.0748
0.0732
0.0786
0.0767
0.0772
0.075
0.076
0.0834
0.0835
0.0872
0.0822
0.0772
0.0759
