9.0
9.0
9.033400000000018
9.065200000000008
9.092100000000036
9.123000000000028
9.15560000000006
9.184699999999975
9.217700000000033
9.240399999999946
9.270299999999974
9.28949999999995
9.314899999999971
9.337000000000005
9.369299999999983
9.399300000000006
9.423699999999979
9.451200000000046
9.479299999999979
9.509900000000012
9.539100000000026
9.56400000000002
9.589799999999993
9.614099999999976
9.63330000000002
9.65220000000005
9.676799999999982
9.706400000000048
9.733300000000014
9.75810000000001
9.78149999999998
9.80999999999997
9.83760000000004
9.865799999999963
9.895799999999948
9.91919999999999
9.94189999999999
9.969600000000032
9.996400000000003
10.020500000000027
10.053200000000007
10.077499999999969
10.101200000000015
10.127900000000002
10.153799999999984
10.177799999999948
10.20289999999997
10.231500000000041
10.261999999999992
10.293800000000022
10.321500000000027
10.346199999999994
10.37240000000003
10.399600000000017
10.435499999999976
10.46379999999999
10.500499999999994
10.52280000000002
10.554199999999996
10.588999999999972
10.617199999999999
10.65020000000004
10.678999999999983
10.715399999999963
10.743600000000024
10.773299999999994
10.805000000000014
10.833599999999986
10.865399999999957
10.901700000000014
10.933899999999959
10.965399999999978
11.002099999999977
11.027399999999943
11.060800000000018
11.094600000000002
11.123999999999985
11.158299999999981
11.188900000000027
11.218399999999988
11.251300000000004
11.281799999999986
11.312200000000013
11.347100000000003
11.38220000000001
11.416299999999982
11.453999999999995
11.48660000000002
11.520399999999974
11.552199999999997
11.583499999999953
11.615799999999979
11.64560000000002
11.68280000000003
11.719800000000031
11.754700000000021
11.785299999999982
11.81499999999999
11.847600000000018
11.882900000000006
11.918599999999989
11.95369999999998
11.98449999999997
12.01380000000003
12.043500000000014
12.076100000000002
12.106499999999986
12.137700000000004
12.174199999999985
12.206999999999988
12.234099999999989
12.2669
12.300399999999986
12.335200000000011
12.36799999999999
12.40329999999999
12.434599999999996
12.467600000000015
12.496900000000004
12.53409999999999
12.570299999999989
12.604699999999971
12.64219999999997
12.678300000000004
12.707399999999986
12.743599999999985
12.7786
12.808900000000033
12.844300000000032
12.87980000000006
12.920999999999975
12.95900000000001
13.000899999999993
13.034299999999991
13.073399999999971
13.113900000000006
13.1554
13.197200000000015
13.235900000000017
13.2833
13.329200000000004
13.3739
13.417900000000007
13.458999999999994
13.503199999999966
13.545300000000008
13.588299999999988
13.62830000000002
13.670000000000012
13.71170000000001
13.75209999999997
13.794100000000023
13.835800000000015
13.880100000000024
13.9201
13.962600000000005
14.004399999999988
14.046499999999988
14.094600000000012
14.1456
14.189399999999983
14.236100000000018
14.279600000000018
14.3222
14.363999999999994
14.405099999999994
14.449100000000012
14.489299999999995
14.533200000000006
14.576599999999994
14.621699999999997
14.666799999999995
14.714599999999988
14.763400000000006
14.806899999999997
14.851800000000006
14.895800000000007
14.941200000000006
14.992300000000006
15.0368
15.0854
15.127699999999994
15.174400000000011
15.222400000000006
15.265800000000006
15.312899999999997
15.355599999999997
15.3955
15.4372
15.4803
15.521999999999995
15.561099999999998
15.6071
15.6527
15.696799999999998
15.744100000000007
15.7869
15.8378
15.884
15.924899999999983
