100.0
100.0
100.8682
101.628
102.428
103.2507
103.9508
104.7065
105.4395
106.249
107.0042
107.835
108.6524
109.5635
110.2095
111.0465
111.8113
112.6299
113.4916
114.3293
115.0735
115.9032
116.7444
117.5509
118.4011
119.2654
120.0578
120.8676
121.6557
122.5276
123.3171
124.1828
125.0632
125.7656
126.5369
127.4046
128.2743
129.1138
130.0028
130.9005
131.8287
132.6986
133.5414
134.3222
135.1723
136.0264
136.8908
137.7711
138.6147
139.5745
140.4543
141.1963
142.0749
142.9705
143.8143
144.6481
145.4406
146.261
147.0249
147.8862
148.6885
149.3747
150.2558
151.0543
151.8204
152.5699
153.4392
154.1423
155.0025
155.7683
156.4997
157.2637
158.0009
158.8099
159.5409
160.2786
161.0036
161.8168
162.7166
163.6208
164.2719
165.1082
165.8276
166.6153
167.4814
168.1859
168.9191
169.6692
170.2694
170.9566
171.6795
172.4778
173.1237
173.8499
174.6589
175.3414
176.1383
176.8104
177.4735
178.3271
178.9102
179.6222
180.2989
180.918
181.6032
182.3877
183.1653
183.9254
184.8703
185.5469
186.3427
187.0976
187.7587
188.4635
189.2069
189.8875
190.6623
191.5832
192.3397
193.1105
194.0184
194.7359
195.5138
196.2817
197.0547
197.7591
198.5776
199.349
200.2308
200.9866
201.8999
202.7174
203.5693
204.3741
205.0137
205.8968
206.7756
207.7319
208.6761
209.6378
210.5911
211.5291
212.517
213.5922
214.573
215.3291
216.0868
216.9805
218.1357
219.1918
220.0776
221.0253
222.0472
223.2229
224.1564
225.2388
226.1538
227.2156
228.1979
229.2545
230.3573
231.5136
232.5519
233.5286
234.4547
235.3597
236.6242
237.7162
238.7502
239.8979
240.9011
241.8367
242.8678
243.9902
244.9531
246.067
247.0184
248.2057
249.305
250.3351
251.3854
252.4842
253.4541
254.4168
255.7545
256.8757
257.8089
258.9741
260.0548
261.2666
262.2853
263.3667
264.3975
265.4996
266.4991
267.6389
268.9511
270.001
271.18
272.475
