81.0
81.0
81.7258
82.4342
83.0507
83.737
84.4634
85.1227
85.8757
86.425
87.1201
87.6109
88.2139
88.751
89.4769
90.1691
90.7357
91.3964
92.0453
92.7665
93.4463
94.04
94.6872
95.2921
95.8005
96.3014
96.922
97.6096
98.2691
98.8775
99.4633
100.1286
100.8234
101.5242
102.2166
102.8078
103.3983
104.0762
104.714
105.3419
106.1516
106.7885
107.4052
108.0511
108.7234
109.3372
109.9827
110.7019
111.4346
112.2094
112.9653
113.569
114.2404
114.9236
115.7813
116.5222
117.4129
118.0048
118.7746
119.6752
120.3976
121.2168
121.9598
122.857
123.572
124.3545
125.1684
125.8944
126.712
127.6409
128.4703
129.275
130.1875
130.8302
131.6812
132.539
133.2898
134.1417
134.9473
135.7156
136.5387
137.342
138.1786
139.0495
139.9882
140.9233
141.8724
142.7348
143.6344
144.4554
145.2781
146.1504
146.9542
147.9798
148.951
149.8709
150.6903
151.5116
152.4118
153.3669
154.2876
155.2291
156.0855
156.8782
157.7103
158.5835
159.4323
160.3131
161.3476
162.2902
163.0465
163.9985
164.894
165.8488
166.781
167.7673
168.6768
169.6092
170.5057
171.5735
172.6097
173.6381
174.654
175.6655
176.5098
177.546
178.5224
179.4021
180.4175
181.4242
182.5718
183.6782
184.9033
185.8727
186.9694
188.1553
189.3432
190.5456
191.6463
192.9839
194.3886
195.7155
197.0197
198.2628
199.5508
200.7631
202.0417
203.2259
204.4708
205.7103
206.9317
208.1795
209.4582
210.7705
211.9659
213.309
214.5764
215.8703
217.2966
218.8418
220.1694
221.6485
222.9888
224.2994
225.6342
226.9393
228.3071
229.5875
231.0028
232.3468
233.7433
235.1904
236.6738
238.2022
239.5933
241.0334
242.4778
243.9448
245.5699
247.0138
248.5762
249.9809
251.4796
253.0202
254.401
255.9245
257.351
258.6673
259.9916
261.3953
262.7712
264.0387
265.5657
267.0719
268.5322
270.0849
271.4657
273.2424
274.8024
276.2781
