0.0
0.0
0.0021
0.0047
0.007
0.0101
0.0126
0.0154
0.0191
0.0216
0.0249
0.0275
0.03
0.0337
0.0364
0.0402
0.0418
0.0433
0.0458
0.0481
0.0498
0.0526
0.0543
0.0568
0.0603
0.0651
0.0673
0.07
0.0741
0.0766
0.0823
0.0856
0.0883
0.0905
0.0932
0.0939
0.0991
0.1014
0.1038
0.1109
0.1132
0.117
0.1195
0.123
0.1257
0.1287
0.1303
0.1304
0.1332
0.1354
0.1376
0.1402
0.1435
0.1436
0.144
0.1504
0.1544
0.1607
0.1684
0.1795
0.1833
0.1862
0.1907
0.1941
0.1991
0.2012
0.2069
0.2131
0.2206
0.2235
0.2272
0.2306
0.2399
0.2455
0.2508
0.2561
0.267
0.2721
0.2767
0.287
0.2931
0.3002
0.3051
0.3117
0.3173
0.3301
0.3374
0.3412
0.3518
0.3647
0.3721
0.38
0.387
0.396
0.4094
0.4167
0.4257
0.4332
0.4467
0.4543
0.4686
0.4763
0.4843
0.4949
0.504
0.5244
0.5332
0.5468
0.5611
0.5753
0.5823
0.5971
0.6179
0.6267
0.6371
0.6435
0.6592
0.6769
0.6974
0.7114
0.7255
0.7422
0.761
0.7835
0.7906
0.8051
0.8181
0.8323
0.8498
0.8645
0.8817
0.897
0.917
0.9352
0.9523
0.9706
0.99
1.0157
1.0398
1.0557
1.0702
1.0909
1.1
1.1171
1.1343
1.1584
1.1752
1.1874
1.2005
1.2119
1.2342
1.2589
1.2806
1.3049
1.3158
1.3374
1.3662
1.3768
1.4016
1.4118
1.4238
1.4427
1.4728
1.493
1.5108
1.5292
1.5574
1.5817
1.6121
1.644
1.6657
1.6808
1.7037
1.7275
1.7469
1.7727
1.8031
1.8238
1.8424
1.8655
1.8989
1.9099
1.9264
1.9413
1.9637
2.0019
2.0377
2.0537
2.0859
2.1124
2.1337
2.1521
2.1733
2.2005
2.2318
2.2486
2.2789
2.3082
2.3372
2.3661
