12167.0
12167.0
12173.5963
12173.242
12173.4653
12172.877
12186.0797
12191.7472
12200.1399
12202.4986
12209.2957
12211.9528
12226.1605
12234.8774
12242.8224
12251.9416
12264.6249
12272.8336
12281.7561
12285.6474
12293.2314
12302.2294
12306.3977
12314.0732
12323.0141
12332.9955
12338.1252
12344.067
12350.4892
12360.9253
12369.3276
12380.1591
12378.6232
12385.8065
12389.4855
12397.5433
12405.7595
12412.2212
12420.1348
12424.5135
12431.4127
12439.7616
12441.7045
12445.9248
12446.1514
12459.0905
12467.6638
12468.6488
12476.0988
12483.5064
12493.5549
12503.3794
12506.2572
12512.4072
12518.4452
12522.6743
12530.6899
12538.3451
12547.2748
12551.7757
12554.2733
12559.0732
12565.1958
12567.3801
12573.6634
12581.0852
12585.932
12592.1044
12596.5939
12602.2301
12604.2862
12611.4003
12617.9987
12622.6433
12631.1586
12635.8218
12642.8067
12646.6544
12651.0583
12658.546
12666.3272
12672.9739
12680.971
12686.1614
12689.1441
12696.3141
12705.3892
12709.282
12715.3043
12723.1485
12728.183
12728.4614
12734.7303
12736.9418
12745.8991
12750.1386
12754.7307
12759.7366
12767.5001
12772.5156
12777.6166
12783.2392
12790.1237
12795.9377
12798.538
12812.7667
12811.0922
12811.9567
12821.2283
12823.4888
12825.5168
12830.7202
12832.4022
12840.2841
12844.8849
12849.3664
12854.0148
12857.9034
12864.678
12874.9607
12879.0615
12883.2346
12884.1253
12889.9655
12893.1312
12899.9309
12903.6698
12904.9868
12909.5584
12913.8579
12919.0872
12924.1806
12931.4762
12937.2194
12939.4299
12944.8333
12952.2096
12952.6113
12955.1412
12959.3937
12957.5305
12950.1287
12953.9856
12955.3561
12957.4322
12964.8657
12969.6901
12970.3449
12969.8928
12970.7768
12978.7156
12987.937
12989.6561
12990.4324
12994.7542
12998.72
12999.781
12999.3196
13001.3242
13006.504
13005.8516
13005.4592
13010.8557
13015.6405
13014.8181
13020.1347
13030.8627
13036.0118
13038.1313
13040.6539
13045.7701
13048.8748
13048.9482
13047.3277
13051.4035
13052.1938
13055.6404
13061.6143
13066.734
13074.2766
13078.7784
13087.3063
13089.799
13088.5802
13091.0532
13098.9087
13101.5272
13101.9612
13107.1869
13113.0202
13118.2235
13119.7898
13119.3172
13122.15
13119.8324
13123.2884
13126.3646
13132.1476
13130.2096
13131.996
