0.0
0.0
0.0131
0.0235
0.0333
0.0425
0.0515
0.0603
0.0702
0.0778
0.081
0.0832
0.0902
0.0899
0.0943
0.1006
0.0964
0.0999
0.1006
0.1077
0.1051
0.1044
0.1041
0.1068
0.1074
0.1033
0.0974
0.0965
0.0972
0.0964
0.1013
0.1035
0.1038
0.1017
0.1026
0.1024
0.1047
0.103
0.0973
0.0946
0.0955
0.0966
0.1016
0.1046
0.1078
0.1124
0.1082
0.1098
0.1113
0.1137
0.1157
0.1139
0.1137
0.1111
0.1058
0.1106
0.122
0.1239
0.1311
0.1498
0.1603
0.1655
0.1692
0.1779
0.1847
0.1882
0.1957
0.2037
0.2124
0.2199
0.2128
0.2218
0.2268
0.2189
0.2231
0.2295
0.2369
0.2355
0.2358
0.2403
0.2589
0.2612
0.26
0.2638
0.2619
0.2593
0.2577
0.2558
0.2436
0.2519
0.2507
0.252
0.251
0.2389
0.2398
0.2399
0.2503
0.2439
0.2456
0.2447
0.2505
0.2475
0.2536
0.2439
0.2457
0.2412
0.2451
0.2422
0.2406
0.2389
0.2377
0.2415
0.2365
0.2299
0.2371
0.2365
0.241
0.2377
0.2391
0.2431
0.2367
0.2377
0.2409
0.2444
0.2389
0.2373
0.2334
0.2291
0.225
0.2333
0.2385
0.2472
0.2529
0.2458
0.2494
0.2485
0.2633
0.272
0.2698
0.2658
0.2705
0.2735
0.2763
0.2884
0.2923
0.3032
0.3019
0.3042
0.3062
0.308
0.317
0.3222
0.3231
0.328
0.329
0.3308
0.3282
0.3255
0.3192
0.33
0.3224
0.3197
0.3168
0.3186
0.3341
0.3427
0.3406
0.3451
0.3439
0.3317
0.3474
0.35
0.3512
0.3526
0.3556
0.367
0.3792
0.3628
0.3583
0.3596
0.362
0.3751
0.3734
0.3846
0.3936
0.3712
0.381
0.3766
0.3787
0.3751
0.373
0.371
0.3743
0.3744
0.3803
0.3771
0.3802
0.3798
0.3784
0.3819
