36.0
36.0
35.7387
35.4246
35.0574
34.7244
34.3769
34.0036
33.6473
33.309
33.014
32.6881
32.3852
32.0331
31.7396
31.3833
31.0771
30.735
30.475
30.1549
29.8746
29.5545
29.2349
28.8984
28.6555
28.3197
28.0666
27.8388
27.5506
27.3122
27.0267
26.758
26.4908
26.2036
25.954
25.7405
25.4755
25.2553
25.006
24.6859
24.4329
24.1476
23.9079
23.7068
23.4745
23.2267
22.9743
22.7008
22.4931
22.26
22.0193
21.7263
21.5278
21.2971
21.092
20.8172
20.5846
20.3368
20.1274
19.9055
19.7599
19.583
19.4046
19.2502
19.0876
18.9283
18.7598
18.5868
18.4277
18.2479
18.0974
17.9398
17.7705
17.5989
17.4679
17.305
17.1525
17.0156
16.8892
16.7354
16.5819
16.4307
16.2923
16.1384
16.0319
15.878
15.7046
15.5426
15.4184
15.3063
15.1719
15.0405
14.9047
14.7971
14.6601
14.521
14.3723
14.2576
14.1502
14.0224
13.8756
13.7677
13.6384
13.5387
13.4495
13.2867
13.203
13.095
13.027
12.9475
12.8643
12.7488
12.6444
12.5506
12.4691
12.3677
12.2475
12.1604
12.066
11.9655
11.8854
11.7704
11.64
11.5724
11.4781
11.3757
11.2886
11.1961
11.1018
11.0338
10.9113
10.8155
10.7499
10.6795
10.574
10.5274
10.4313
10.3385
10.2995
10.2629
10.1989
10.1113
10.0194
9.929
9.8755
9.7905
9.7024
9.6327
9.5835
9.5168
9.4532
9.3832
9.3179
9.2709
9.1941
9.1299
9.0568
9.0142
8.9561
8.9156
8.862
8.7869
8.7306
8.6748
8.6223
8.5803
8.5279
8.4952
8.478
8.4143
8.3411
8.2603
8.2162
8.1587
8.1091
8.0594
8.0
7.9715
7.9158
7.8534
7.7949
7.7607
7.7112
7.6786
7.6412
7.6175
7.5797
7.5339
7.4897
7.4447
7.399
7.3535
7.309
7.2647
7.2056
7.1581
7.0937
7.0439
7.0173
6.9949
