17.0
17.0
16.83699999999993
16.671599999999984
16.51039999999991
16.345900000000025
16.18500000000003
16.01850000000003
15.8634
15.700999999999993
15.5342
15.3673
15.2008
15.050100000000011
14.902800000000006
14.746699999999988
14.580900000000005
14.418200000000011
14.260699999999991
14.096600000000006
13.940199999999994
13.784599999999983
13.622299999999983
13.466600000000021
13.308500000000034
13.145600000000027
12.981799999999968
12.814399999999985
12.653199999999991
12.502599999999992
12.345400000000007
12.188800000000006
12.030199999999963
11.872200000000039
11.718199999999975
11.559300000000018
11.392399999999984
11.226299999999995
11.069100000000011
10.91010000000001
10.748999999999999
10.586299999999994
10.427300000000015
10.268499999999984
10.105500000000008
9.946500000000002
9.779100000000037
9.621199999999996
9.464399999999982
9.306900000000017
9.14739999999998
8.986900000000015
8.833599999999995
8.680400000000043
8.536100000000015
8.401099999999957
8.277200000000017
8.15760000000008
8.049399999999967
7.946900000000003
7.8474
7.7478
7.656100000000001
7.563999999999997
7.481399999999997
7.391500000000011
7.3027999999999915
7.218099999999997
7.133699999999991
7.04990000000001
6.966299999999997
6.885299999999998
6.805099999999994
6.722399999999997
6.638200000000006
6.555499999999985
6.471600000000012
6.394399999999994
6.3156
6.23180000000001
6.153599999999986
6.073700000000008
5.992300000000008
5.913199999999999
5.833699999999995
5.755500000000014
5.67559999999998
5.598699999999998
5.521900000000001
5.447099999999988
5.3764000000000065
5.309500000000025
5.240099999999961
5.160700000000013
5.083800000000003
5.0139
4.945399999999997
4.875400000000015
4.8041
4.73409999999997
4.669000000000013
4.596100000000015
4.526399999999995
4.4612999999999925
4.3942000000000485
4.328999999999984
4.265399999999987
4.197399999999994
4.134399999999982
4.071299999999982
4.009599999999985
3.9447
3.8854
3.817599999999999
3.7569
3.7027000000000014
3.6418999999999992
3.584600000000005
3.528499999999997
3.471600000000005
3.4129999999999985
3.355600000000009
3.302100000000004
3.2491000000000057
3.1919000000000044
3.139600000000006
3.081899999999999
3.031999999999999
2.982099999999996
2.935600000000002
2.889200000000001
2.846199999999997
2.8012000000000064
2.7630999999999926
2.7188999999999917
2.675099999999997
2.6360000000000006
2.593899999999999
2.5538999999999974
2.5106000000000193
2.4709999999999974
2.4305000000000003
2.39240000000001
2.353500000000005
2.3129999999999944
2.277900000000008
2.2431
2.207800000000003
2.1726999999999994
2.1383000000000103
2.10290000000001
2.065500000000005
2.031899999999988
1.9954999999999996
1.9648
1.9294999999999993
1.8974
1.8647000000000007
1.8320000000000007
1.8002000000000007
1.7695999999999985
1.7412999999999972
1.7124000000000021
1.6849000000000023
1.6513999999999966
1.623599999999997
1.597800000000003
1.575699999999997
1.5476999999999994
1.525200000000002
1.4982999999999969
1.4700000000000013
1.451500000000005
1.4280000000000017
1.4029000000000034
1.3782999999999999
1.355
1.3349999999999953
1.3124999999999978
1.2901999999999987
1.2687999999999933
1.2480999999999958
1.2293000000000018
1.207799999999999
1.1835999999999998
1.1631999999999973
1.1404999999999923
1.1210000000000027
1.1039999999999992
1.0863999999999996
1.0673999999999955
1.0549999999999935
1.0399000000000007
1.0258000000000111
1.0106000000000028
0.9970999999999998
0.9822000000000002
0.9706
0.9527
0.9328999999999998
