19.0
19.0
18.864699999999996
18.73730000000003
18.61400000000007
18.482900000000022
18.353399999999954
18.210699999999996
18.08399999999998
17.941999999999958
17.806799999999985
17.676600000000008
17.553900000000063
17.420699999999893
17.28769999999996
17.15880000000011
17.033700000000042
16.903199999999956
16.769700000000118
16.63800000000001
16.502099999999967
16.371599999999912
16.235899999999976
16.102100000000004
15.971400000000116
15.8432
15.7241
15.595700000000003
15.4713
15.335600000000007
15.196599999999995
15.063100000000006
14.945800000000006
14.815
14.683300000000008
14.547100000000006
14.418099999999983
14.287299999999995
14.157400000000003
14.029299999999985
13.892399999999979
13.767599999999996
13.634700000000032
13.505500000000012
13.366300000000034
13.242400000000023
13.110499999999996
12.98560000000001
12.867000000000008
12.744500000000029
12.611899999999995
12.478000000000028
12.3486
12.223000000000049
12.120099999999976
12.017200000000017
11.919699999999965
11.826400000000028
11.743299999999987
11.657600000000043
11.567599999999985
11.487799999999995
11.403599999999928
11.327500000000022
11.252399999999977
11.173500000000022
11.087700000000018
11.003400000000012
10.925400000000005
10.854000000000015
10.78000000000004
10.70620000000002
10.640700000000011
10.566300000000018
10.47980000000003
10.401999999999992
10.324900000000005
10.242500000000003
10.163200000000021
10.0872
10.010099999999964
9.939700000000029
9.866200000000013
9.790399999999977
9.698899999999995
9.616799999999996
9.5407
9.4695
9.393999999999988
9.316399999999998
9.24369999999997
9.167200000000019
9.08960000000001
9.012999999999996
8.936800000000055
8.869400000000004
8.78779999999999
8.729400000000062
8.658300000000018
8.586099999999995
8.514400000000046
8.437899999999983
8.360000000000046
8.28839999999996
8.218299999999967
8.142699999999989
8.067200000000009
7.995600000000006
7.9273
7.8582
7.7922
7.73
7.665999999999997
7.5923
7.528800000000003
7.468499999999997
7.401299999999994
7.3372000000000055
7.269299999999997
7.206500000000005
7.150200000000009
7.089400000000003
7.0214
6.95410000000001
6.891100000000003
6.829500000000003
6.765000000000006
6.704499999999989
6.656800000000003
6.606999999999993
6.574999999999991
6.543000000000002
6.51620000000001
6.494500000000018
6.467999999999996
6.442999999999989
6.423899999999998
6.406500000000008
6.388300000000005
6.3770000000000024
6.36529999999999
6.345600000000009
6.323800000000003
6.309099999999994
6.293000000000006
6.284599999999997
6.279000000000025
6.2681
6.2653000000000025
6.2503
6.239800000000006
6.2209999999999965
6.213500000000001
6.197500000000008
6.1898000000000035
6.1823
6.1705
6.1624000000000025
6.152199999999994
6.148200000000009
6.137800000000008
6.125500000000001
6.113800000000019
6.108100000000012
6.099999999999979
6.089299999999983
6.0775000000000095
6.067100000000006
6.0594000000000205
6.0440000000000005
6.0379999999999905
6.023899999999977
6.014400000000009
6.000100000000017
5.991700000000006
5.980799999999998
5.964399999999993
5.958899999999986
5.946900000000003
5.935200000000005
5.916199999999985
5.908399999999982
5.901699999999986
5.892300000000011
5.878200000000009
5.870800000000021
5.8618
5.8519999999999985
5.8386000000000005
5.825799999999994
5.813300000000014
5.8079000000000045
5.799800000000001
5.786600000000007
5.773499999999992
5.766199999999984
5.755699999999992
5.746099999999996
5.739800000000005
5.7275
