8.0
8.0
8.2582
8.4941
8.7451
9.0102
9.1738
9.3656
9.5744
9.6883
9.8213
9.9393
10.1246
10.3388
10.4589
10.5227
10.6921
10.793
10.8919
11.0441
11.108
11.1835
11.2915
11.447
11.6008
11.7363
11.7219
11.7301
11.8805
11.9173
12.1318
12.1891
12.2848
12.4497
12.672
12.6948
12.7327
12.7423
12.8224
12.8885
12.8666
12.7637
12.8776
12.9119
13.1095
13.2916
13.2559
13.3727
13.3416
13.2889
13.3372
13.3671
13.4517
13.5003
13.5565
13.816
13.9689
14.0864
14.245
14.3352
14.4456
14.5645
14.7712
14.9716
15.2857
15.5616
15.7924
15.916
16.1866
16.4992
16.7838
16.9782
17.3154
17.7111
17.9507
18.1694
18.4108
18.6454
18.9196
19.18
19.4494
19.882
20.217
20.6214
20.9632
21.2728
21.6163
21.9594
22.3418
22.6124
22.8939
23.2656
23.7617
24.0335
24.4125
24.7883
25.342
25.7612
26.167
26.4709
26.8743
27.1546
27.4888
28.0225
28.4078
28.7742
29.0185
29.3327
29.7253
30.2433
30.6813
31.0423
31.4699
31.7549
32.1811
32.4424
32.8265
33.1584
33.5388
33.758
34.1348
34.5502
34.8826
35.1922
35.711
36.1842
36.6371
36.9369
37.2124
37.5803
38.0441
38.4955
38.8868
39.2805
39.9028
40.2284
40.5713
40.9199
41.3097
41.6148
42.1997
42.6223
43.0465
43.3602
43.8773
44.4118
44.8556
45.2806
45.6851
46.0927
46.3259
46.7954
47.2234
47.4273
47.6534
48.019
48.2992
48.7672
49.1645
49.3591
49.5967
49.9726
50.377
50.9226
51.1652
51.4369
51.7152
52.3007
52.768
53.0386
53.3466
54.02
54.331
54.8559
55.1406
55.4893
56.1753
56.3379
56.6021
56.8905
57.2705
57.6058
57.8291
57.9801
58.5235
58.6815
58.8486
59.1477
59.2583
59.7672
59.9506
60.3681
60.7697
60.7674
61.0261
61.3164
61.7803
62.2111
62.7737
63.2802
