125.0
125.0
123.4913
122.2871
120.9215
119.5641
118.1801
116.2984
114.4507
113.2314
111.906
110.8377
109.0005
107.4817
106.6904
105.6128
104.3859
103.4414
102.1377
101.169
99.896
98.4234
97.6733
96.9061
95.9633
94.6268
93.6759
92.5538
91.563
90.8402
89.8931
88.9693
87.8668
86.9227
86.2895
85.3511
84.9582
84.1889
83.2753
82.7059
82.0643
81.3039
80.5715
79.8155
78.9828
77.7981
76.7813
76.2873
75.9725
75.0505
74.4183
73.8566
73.2264
72.5465
72.0499
71.3752
71.2371
70.6748
70.2879
69.981
69.5579
69.6153
69.451
69.373
69.0594
68.9395
68.9782
69.1581
69.0887
69.2458
68.9501
68.708
68.8792
68.7386
68.381
68.1686
68.1791
68.0412
68.0489
68.056
68.0239
68.0529
68.0208
68.3393
68.5148
68.5815
68.4107
68.7409
68.8254
68.9047
68.8305
68.9891
69.0713
68.9264
68.6701
68.7419
68.7645
68.7965
68.7148
68.8798
69.0701
68.889
68.9767
68.806
68.6459
68.8119
68.7145
68.8266
68.9427
69.2408
69.4334
69.4737
69.3015
69.0492
69.0164
69.0082
69.2214
68.9233
69.1039
69.5433
69.3246
69.3582
69.3392
69.3395
69.5445
69.6037
69.7188
69.7767
69.5941
69.5723
69.089
69.1411
68.9833
68.4811
68.3686
68.0954
67.7697
67.7024
67.3954
67.2869
66.9654
66.7777
66.2537
66.0861
65.9584
65.8405
65.3181
65.4981
65.0814
65.0333
64.8272
64.5291
64.4079
64.2494
63.9388
63.5456
63.0346
62.9599
62.8689
62.1699
61.6689
61.6552
61.4081
61.1578
60.6989
60.3011
60.1173
60.0834
60.059
59.8739
59.7464
59.7658
59.6752
59.7321
59.5337
58.9312
58.7336
58.4599
58.4936
58.4199
58.1014
57.5566
57.5576
57.429
57.0718
56.7889
56.692
56.3529
56.1468
56.0416
55.7008
55.4203
55.0421
54.5569
54.1107
53.6838
53.5517
53.5748
53.0225
52.9031
