14.0
14.0
13.938100000000018
13.881700000000002
13.828399999999954
13.772800000000014
13.713799999999994
13.656099999999991
13.59440000000002
13.537999999999995
13.478700000000012
13.4202
13.364099999999983
13.305000000000023
13.250099999999977
13.193700000000053
13.135000000000003
13.07579999999998
13.013899999999998
12.960700000000008
12.906900000000007
12.849099999999966
12.792299999999962
12.73010000000001
12.666099999999997
12.606100000000032
12.549800000000017
12.483300000000012
12.427000000000024
12.372199999999994
12.316400000000018
12.253200000000014
12.20049999999999
12.140900000000041
12.090000000000002
12.032299999999983
11.96660000000001
11.905600000000016
11.847499999999972
11.786000000000055
11.727200000000009
11.673900000000023
11.618000000000004
11.560899999999979
11.501300000000038
11.441300000000016
11.382699999999973
11.321500000000004
11.257999999999988
11.195699999999993
11.139400000000025
11.079499999999975
11.02120000000007
10.960200000000032
10.903800000000007
10.846999999999985
10.79530000000002
10.7435
10.693999999999974
10.64360000000002
10.589400000000044
10.539700000000018
10.484900000000016
10.433399999999944
10.3872
10.34189999999998
10.290600000000001
10.24130000000001
10.19109999999999
10.143999999999998
10.089400000000024
10.0395
9.991099999999971
9.939499999999947
9.887499999999969
9.842800000000002
9.790699999999967
9.737499999999985
9.683900000000023
9.633799999999994
9.582900000000011
9.532999999999994
9.49070000000005
9.443299999999985
9.392700000000007
9.344000000000019
9.286500000000002
9.240100000000053
9.192499999999987
9.148499999999979
9.094199999999972
9.047500000000076
9.006100000000036
8.957500000000012
8.911099999999989
8.860299999999988
8.808399999999978
8.759599999999999
8.708499999999942
8.65820000000003
8.611000000000008
8.560100000000052
8.51520000000003
8.466100000000003
8.421699999999982
8.380600000000072
8.32900000000001
8.286099999999974
8.23829999999996
8.19649999999998
8.14689999999997
8.100199999999973
8.046299999999981
7.996199999999998
7.946500000000006
7.9066
7.8664
7.825600000000003
7.7779
7.734500000000003
7.683899999999997
7.6342
7.591199999999999
7.5424
7.4965
7.4536
7.409999999999991
7.3683999999999985
7.323199999999997
7.274299999999997
7.229499999999995
7.1793
7.1236000000000015
7.0787000000000075
7.0365
6.989199999999997
6.942700000000008
6.890000000000006
6.840499999999999
6.788599999999991
6.739800000000003
6.694
6.64160000000001
6.602100000000013
6.5539000000000085
6.505999999999998
6.4578999999999915
6.414300000000012
6.370300000000005
6.326699999999995
6.282599999999996
6.238200000000007
6.194899999999996
6.155599999999997
6.109700000000009
6.064699999999994
6.02130000000001
5.972400000000008
5.925100000000006
5.8796000000000035
5.838299999999989
5.797699999999988
5.750900000000027
5.703899999999994
5.661100000000007
5.617700000000007
5.577400000000014
5.535200000000001
5.495199999999988
5.460000000000002
5.421699999999982
5.378100000000011
5.338500000000006
5.29609999999998
5.258400000000005
5.224199999999992
5.183000000000003
5.140099999999991
5.1074999999999875
5.067500000000012
5.026900000000017
4.987500000000033
4.946799999999987
4.90579999999999
4.869000000000029
4.831799999999986
4.790500000000016
4.74870000000001
4.713099999999975
4.677999999999975
4.639599999999987
4.60860000000002
4.5679000000000185
4.536999999999996
4.498200000000002
4.462699999999985
4.422600000000011
4.383100000000005
4.348999999999994
4.315800000000008
