9.0
9.0
9.067500000000024
9.13569999999998
9.199100000000021
9.255300000000005
9.323199999999934
9.3884
9.447400000000016
9.511199999999972
9.56740000000003
9.630999999999984
9.687899999999978
9.747700000000007
9.80030000000002
9.861200000000022
9.918699999999992
9.970100000000011
10.032599999999995
10.091999999999947
10.145799999999978
10.199399999999978
10.255800000000043
10.312300000000018
10.367499999999973
10.417400000000006
10.471299999999992
10.529100000000001
10.581800000000031
10.632600000000037
10.685199999999991
10.735399999999961
10.784600000000017
10.831100000000031
10.887700000000006
10.935399999999973
10.985699999999987
11.036599999999993
11.086900000000002
11.131900000000005
11.181599999999973
11.23209999999999
11.27710000000002
11.324899999999953
11.369900000000015
11.416500000000049
11.458599999999997
11.50620000000001
11.551000000000021
11.596999999999971
11.637399999999984
11.678199999999977
11.726499999999994
11.768599999999962
11.806800000000017
11.852400000000015
11.8935
11.933100000000032
11.97729999999999
12.021200000000002
12.058299999999983
12.096199999999959
12.138000000000002
12.17950000000002
12.220799999999983
12.261999999999961
12.303600000000012
12.342099999999993
12.38209999999999
12.425000000000043
12.469400000000013
12.507099999999978
12.542000000000007
12.579199999999995
12.618699999999961
12.651300000000003
12.691000000000004
12.729800000000012
12.76489999999999
12.804500000000006
12.841099999999978
12.878700000000002
12.912200000000007
12.95070000000002
12.984000000000018
13.016699999999988
13.04859999999999
13.080800000000028
13.118300000000005
13.153300000000012
13.186699999999982
13.22419999999999
13.258000000000012
13.290499999999994
13.320499999999983
13.354099999999983
13.387999999999982
13.4202
13.454800000000029
13.490000000000023
13.523200000000017
13.555200000000015
13.585399999999982
13.615799999999982
13.648099999999971
13.679700000000006
13.714099999999991
13.745399999999979
13.778399999999989
13.809500000000018
13.841899999999965
13.870699999999989
13.903299999999994
13.937400000000006
13.967299999999994
13.996200000000012
14.02259999999997
14.050200000000006
14.079400000000003
14.107199999999994
14.136100000000006
14.163599999999997
14.190299999999983
14.219300000000015
14.247599999999988
14.2796
14.308799999999994
14.337200000000006
14.36120000000001
14.387100000000006
14.415
14.441699999999988
14.4661
14.494300000000012
14.520400000000011
14.545200000000012
14.5662
14.5961
14.619499999999988
14.639500000000014
14.665199999999993
14.690900000000006
14.717100000000011
14.743599999999997
14.76890000000002
14.796199999999997
14.821999999999989
14.841799999999992
14.8672
14.889299999999988
14.9092
14.933199999999994
14.9551
14.97620000000001
14.999099999999995
15.021600000000003
15.042099999999998
15.064200000000012
15.0845
15.1029
15.125599999999995
15.147300000000008
15.165699999999994
15.182899999999995
15.20509999999999
15.223900000000006
15.245999999999993
15.2657
15.285399999999994
15.302499999999997
15.321499999999988
15.3402
15.3567
15.3756
15.393199999999997
15.4115
15.4297
15.444600000000015
15.4658
15.485500000000004
15.5032
15.5217
15.539100000000003
15.556200000000002
15.5716
15.592100000000006
15.6058
15.6242
15.639500000000005
15.6554
15.671399999999997
15.6888
15.7036
15.721
15.7379
15.7543
15.7719
15.7889
15.8029
15.8228
