729.0
729.0
748.5141
768.3877
787.2869
804.1251
824.5828
844.454
862.9318
883.0278
901.1704
921.6976
939.9489
959.5177
976.7585
996.926
1016.3005
1034.3159
1055.7516
1076.5608
1095.85
1115.0094
1135.1862
1155.9703
1176.4225
1195.4756
1215.3895
1236.7995
1257.302
1277.0028
1297.5484
1317.4772
1337.6996
1356.1985
1378.4653
1398.4528
1419.1677
1440.125
1461.6661
1480.9483
1501.947
1524.1627
1543.6045
1564.4363
1584.0605
1605.7287
1624.9978
1646.289
1666.9042
1687.9112
1706.878
1726.0258
1748.7385
1768.9832
1787.5524
1809.3858
1828.8285
1848.2997
1869.2137
1890.4694
1909.1011
1927.9562
1949.1432
1970.5051
1991.25
2011.9036
2033.289
2052.5281
2073.2825
2095.2608
2118.2282
2138.0671
2156.5928
2176.6388
2196.7471
2215.0263
2236.735
2257.1354
2276.7665
2298.2327
2318.4989
2338.7871
2357.3126
2379.5109
2398.0794
2416.3731
2433.9964
2451.0134
2471.9993
2491.4797
2510.0585
2531.3816
2551.1686
2570.4905
2588.3873
2607.6599
2626.4066
2645.157
2665.7824
2685.8438
2705.2834
2723.9238
2742.4568
2760.453
2778.7247
2797.6203
2818.1633
2837.5884
2858.0718
2876.6015
2896.3391
2914.7933
2934.7513
2954.7438
2973.6257
2991.7794
3007.9344
3025.2162
3043.4716
3061.3158
3078.7753
3096.5196
3113.2827
3132.3113
3150.1536
3170.4458
3189.6876
3208.1366
3223.7642
3240.1635
3258.0984
3275.4309
3291.1453
3309.5743
3326.4208
3342.7662
3356.0304
3375.3311
3390.5045
3403.7041
3420.828
3437.2277
3455.0379
3472.5178
3489.8159
3507.6644
3523.8992
3537.2636
3554.4694
3569.2017
3581.9926
3598.033
3612.5023
3627.0368
3642.2943
3657.4656
3670.8223
3685.3848
3698.6831
3711.8877
3726.8492
3741.7599
3753.5983
3765.1157
3780.4415
3792.7963
3808.7406
3822.8885
3836.2768
3848.3293
3861.7625
3873.8562
3885.5493
3898.3752
3910.2386
3923.6117
3936.1177
3946.2516
3960.6446
3973.6849
3985.8412
3998.5383
4010.7387
4022.058
4032.6034
4046.5475
4055.7928
4068.6614
4079.0075
4089.9866
4101.1308
4113.7716
4124.2348
4135.72
4147.6661
4159.2181
4171.6767
4183.9343
4193.3725
4207.2716
