13.0
13.0
13.010899999999989
13.01680000000002
13.026800000000014
13.030500000000004
13.04619999999996
13.05610000000001
13.064100000000023
13.076799999999983
13.092599999999983
13.100799999999987
13.113600000000037
13.120199999999986
13.132200000000024
13.143800000000006
13.145500000000036
13.152399999999972
13.164400000000038
13.1707
13.179800000000029
13.191799999999988
13.194399999999986
13.201199999999991
13.207399999999991
13.215900000000012
13.225400000000034
13.234099999999998
13.24120000000004
13.248899999999983
13.262499999999989
13.270799999999975
13.282400000000012
13.291599999999969
13.297099999999988
13.301399999999994
13.30310000000002
13.315600000000005
13.316999999999977
13.328700000000017
13.3393
13.337000000000014
13.341800000000012
13.352600000000011
13.362999999999959
13.367899999999977
13.3767
13.385899999999982
13.385600000000036
13.392700000000017
13.400599999999988
13.412100000000006
13.4218
13.43
13.441100000000024
13.450699999999976
13.464600000000011
13.486600000000012
13.4967
13.513600000000036
13.526099999999994
13.546999999999983
13.563000000000006
13.576799999999993
13.596900000000035
13.613299999999985
13.633399999999988
13.652700000000026
13.667899999999989
13.678800000000003
13.698899999999997
13.71860000000001
13.739500000000014
13.758799999999988
13.782199999999976
13.803799999999994
13.820999999999994
13.846800000000023
13.864899999999993
13.889800000000006
13.916100000000018
13.937900000000003
13.9621
13.982999999999992
13.997800000000012
14.017200000000024
14.038000000000014
14.0588
14.074899999999998
14.097200000000003
14.115799999999991
14.131600000000011
14.161300000000002
14.175500000000012
14.197200000000011
14.216599999999989
14.243099999999995
14.262999999999996
14.283499999999982
14.307400000000007
14.327399999999988
14.348000000000011
14.367300000000004
14.383499999999994
14.404599999999986
14.4296
14.449999999999994
14.465200000000006
14.480200000000005
14.497699999999986
14.513100000000005
14.532900000000009
14.555599999999995
14.575099999999994
14.596399999999997
14.620800000000003
14.642000000000017
14.668600000000005
14.692299999999994
14.713599999999982
14.729399999999995
14.7494
14.771799999999988
14.792100000000008
14.805199999999989
14.82530000000001
14.843699999999995
14.867199999999993
14.8849
14.897899999999991
14.9136
14.925299999999995
14.9411
14.957200000000011
14.967000000000006
14.978499999999995
14.9902
15.004100000000006
15.0141
15.026899999999989
15.039
15.0443
15.052599999999995
15.0579
15.071499999999997
15.084400000000002
15.093199999999998
15.099799999999995
15.100600000000004
15.114900000000011
15.123099999999988
15.130299999999995
15.1399
15.146300000000009
15.156799999999988
15.1735
15.182299999999998
15.190599999999996
15.2017
15.212000000000003
15.219200000000006
15.226400000000005
15.235499999999995
15.2466
15.2508
15.2546
15.262199999999995
15.270599999999995
15.269999999999998
15.2721
15.284
15.2902
15.2996
15.3062
15.3171
15.3222
15.3306
15.345000000000006
15.352999999999994
15.3562
15.359500000000002
15.374400000000005
15.379799999999998
15.389899999999997
15.399600000000003
15.407199999999994
15.405299999999997
15.418699999999989
15.4281
15.4327
15.438700000000006
15.447400000000004
15.449499999999997
15.4551
15.460800000000006
15.463699999999998
15.4722
15.4782
15.485000000000007
15.491399999999993
