2744.0
2744.0
2713.3777
2686.3435
2661.2438
2634.709
2607.1058
2580.2911
2551.1792
2524.7558
2497.5081
2470.7748
2445.7017
2419.1412
2395.7685
2371.0971
2345.7526
2321.1612
2294.6711
2272.1965
2249.5905
2226.0967
2202.0861
2176.1633
2150.6857
2126.6365
2103.434
2076.3483
2054.2246
2033.4764
2012.1392
1987.4832
1968.0277
1946.5235
1927.647
1906.9343
1882.5176
1860.535
1840.1285
1817.8982
1797.6566
1779.2199
1760.6384
1741.5277
1720.8029
1700.7029
1680.6361
1659.6865
1638.5828
1618.1427
1600.366
1581.7847
1563.7426
1545.1374
1528.3884
1511.6786
1496.4775
1480.9049
1466.57
1452.368
1436.4822
1422.7783
1407.3953
1392.0978
1380.2028
1367.2635
1353.492
1339.8773
1328.1913
1316.191
1302.523
1289.6733
1276.9205
1264.0877
1250.0845
1239.5692
1227.1025
1213.9447
1201.3601
1189.5962
1178.1129
1167.1364
1157.7269
1146.4787
1136.3085
1125.002
1110.4341
1100.6197
1091.3279
1081.5759
1069.191
1058.6221
1051.1467
1040.9353
1031.1905
1020.1459
1008.6514
998.3966
987.1615
977.0528
967.3864
956.9465
947.6274
937.1581
928.5403
920.6062
909.922
902.1427
893.9589
884.7971
876.0067
866.8868
856.0077
846.6558
837.6721
831.4174
824.2702
816.733
807.8629
800.3555
792.3411
783.0712
776.199
768.0748
761.3953
753.5704
745.827
738.868
731.2634
722.4491
715.6825
707.4111
697.3546
690.8585
684.4137
676.6924
669.3139
660.5498
652.4237
644.5118
638.1714
631.1272
622.9688
617.0493
609.8593
601.997
595.9453
589.8405
583.0441
576.4977
570.8682
564.3258
558.1043
553.3262
545.9519
540.8813
534.1731
527.4252
521.3725
515.099
509.4627
505.0589
498.3305
491.6865
485.7127
479.7863
474.1114
468.3014
463.0234
458.3472
454.1485
448.6257
444.1467
438.6431
433.6704
429.6318
424.2446
419.4395
415.0107
409.2233
404.0551
399.3795
393.5872
389.0078
384.876
380.4024
375.2695
370.2207
367.0039
362.9086
358.2358
354.6954
349.5139
346.7494
341.9136
338.7839
334.1592
330.9889
327.9944
324.3822
