64.0
64.0
60.5597
57.3848
54.4009
51.4243
49.0419
46.4247
43.9693
41.513
39.5367
37.3617
35.4933
33.8124
32.1634
30.4746
29.0237
27.5507
26.2215
24.9694
23.7714
22.4456
21.3354
20.249
19.1081
18.1074
17.3416
16.4975
15.6408
14.9369
14.2131
13.5625
12.8579
12.2974
11.7225
11.2337
10.6427
10.2164
9.7106
9.3077
8.8191
8.3721
7.8608
7.4562
7.2052
6.8477
6.4715
6.1173
5.7979
5.5589
5.2929
5.0654
4.8574
4.6276
4.4309
4.2674
4.1116
3.9799
3.9082
3.8354
3.733
3.6361
3.6234
3.5681
3.5921
3.5637
3.5211
3.5154
3.5434
3.5664
3.5768
3.6099
3.6929
3.7374
3.8117
3.8509
3.9296
3.9942
4.1142
4.1717
4.2052
4.2573
4.2925
4.3568
4.3563
4.4219
4.5554
4.5581
4.6068
4.6696
4.728
4.7933
4.8165
4.8521
4.9297
4.9212
4.9782
5.0817
5.146
5.1986
5.285
5.276
5.2916
5.2944
5.3883
5.454
5.5184
5.5663
5.628
5.6875
5.8425
5.961
6.0239
6.0602
6.0904
6.1622
6.2634
6.3706
6.4632
6.4767
6.4705
6.5741
6.6095
6.6435
6.674
6.7107
6.7634
6.8248
6.9237
6.9656
6.9116
6.9018
6.9233
6.9563
7.0427
6.9856
6.9631
6.8716
6.8266
6.7855
6.7883
6.7079
6.6576
6.6114
6.5253
6.5257
6.4833
6.4371
6.3901
6.3551
6.242
6.1669
6.1233
6.1192
6.0356
5.9796
5.868
5.8069
5.7021
5.5965
5.5579
5.4685
5.3973
5.3305
5.3305
5.2904
5.1802
5.1313
5.13
5.1088
5.0263
5.0465
5.0069
4.8802
4.8853
4.7926
4.7051
4.6451
4.5492
4.5002
4.4309
4.3246
4.2485
4.2321
4.2489
4.2246
4.1672
4.1228
4.0776
4.0566
4.0056
4.0329
4.0249
3.9959
3.9783
3.9574
3.8881
3.853
3.8165
3.7492
