121.0
121.0
120.2687
119.5044
118.797
118.0867
117.4051
116.6448
115.8683
115.0731
114.485
113.7387
113.0525
112.3755
111.6681
111.0295
110.3755
109.6089
108.9827
108.3071
107.6158
106.9829
106.3672
105.7039
104.7903
104.0686
103.3354
102.6295
101.9541
101.29
100.6584
100.0118
99.3274
98.5962
97.9664
97.2932
96.7412
96.0356
95.4366
94.8052
94.1711
93.5425
92.9085
92.3408
91.6958
91.0172
90.3639
89.7701
89.2259
88.6344
88.0031
87.374
86.7779
86.2335
85.6007
84.971
84.4168
83.8464
83.2812
82.7068
82.1731
81.6861
81.1857
80.6539
80.0762
79.5161
79.0258
78.475
77.8473
77.311
76.7854
76.2907
75.8511
75.3686
74.8334
74.391
74.0182
73.5706
73.0994
72.5972
72.1167
71.6494
71.1649
70.615
70.1843
69.795
69.401
68.9196
68.4519
68.0054
67.5401
67.1339
66.6716
66.2352
65.7979
65.3576
64.8672
64.3672
63.9213
63.5616
63.0961
62.636
62.2353
61.8474
61.3919
60.9984
60.5184
60.1504
59.6822
59.2555
58.8552
58.5015
58.0147
57.581
57.2241
56.8084
56.3655
56.0288
55.5212
55.1495
54.7386
54.4163
53.9952
53.6439
53.28
52.8894
52.5099
52.1425
51.7627
51.3912
51.0596
50.7245
50.3446
49.9548
49.5901
49.1695
48.7918
48.3971
47.9871
47.6293
47.2169
46.8224
46.3856
45.9629
45.5975
45.213
44.8038
44.4088
44.0255
43.654
43.2134
42.833
42.4801
42.1348
41.81
41.4668
41.0959
40.7434
40.366
40.0047
39.6757
39.3209
38.9499
38.5893
38.2355
37.8706
37.5066
37.0847
36.7345
36.3989
36.1028
35.7492
35.395
35.07
34.7648
34.4494
34.1348
33.8176
33.4805
33.1657
32.8872
32.5255
32.1671
31.7997
31.5062
31.1876
30.8919
30.5815
30.2935
30.0016
29.7042
29.41
29.1039
28.7844
28.4727
28.1298
27.8115
27.5514
27.2457
26.9589
