6.0
6.0
5.971299999999999
5.937799999999973
5.89939999999999
5.862999999999984
5.826299999999992
5.78659999999999
5.747500000000016
5.709799999999989
5.676000000000004
5.639499999999994
5.605600000000003
5.566899999999998
5.533000000000004
5.492900000000015
5.458299999999996
5.418400000000017
5.386799999999999
5.348299999999994
5.315599999999995
5.278700000000017
5.240300000000004
5.200799999999981
5.167899999999994
5.126900000000022
5.09300000000001
5.062599999999983
5.02519999999999
4.992600000000008
4.956699999999994
4.920599999999997
4.886399999999994
4.847599999999986
4.814399999999966
4.7827000000000135
4.746100000000015
4.716300000000019
4.682800000000024
4.639300000000005
4.605900000000014
4.566799999999987
4.532099999999987
4.500999999999981
4.466099999999988
4.430899999999974
4.394299999999984
4.356000000000007
4.324699999999997
4.290599999999999
4.253499999999999
4.212300000000005
4.179999999999995
4.1445000000000025
4.111400000000009
4.0722
4.038599999999999
4.0040000000000235
3.9724
3.9389
3.9137
3.8842000000000008
3.8568
3.8272
3.8005999999999993
3.7749
3.748
3.7199999999999984
3.693300000000003
3.6647000000000043
3.6377999999999986
3.6132000000000013
3.5885000000000007
3.5594999999999986
3.536699999999997
3.5109999999999992
3.4855000000000014
3.4600000000000013
3.4348000000000005
3.4079999999999986
3.382099999999994
3.3597000000000063
3.3375
3.3123999999999993
3.2902999999999984
3.264800000000009
3.234799999999997
3.20699999999999
3.1822000000000026
3.1616999999999953
3.139099999999995
3.1162999999999923
3.0912999999999986
3.0697000000000028
3.043899999999996
3.0210000000000004
2.997299999999999
2.9761999999999986
2.957199999999999
2.9366000000000034
2.912400000000004
2.8905
2.866399999999999
2.8480999999999987
2.8321000000000076
2.8069
2.789199999999998
2.7691999999999917
2.754200000000003
2.73829999999999
2.7208999999999994
2.7013999999999996
2.6820000000000075
2.664400000000005
2.6500999999999992
2.6316999999999977
2.611500000000004
2.594600000000009
2.575799999999999
2.5586999999999893
2.5443999999999964
2.5239999999999894
2.500399999999988
2.4854000000000087
2.466499999999995
2.4454999999999987
2.4302000000000175
2.414099999999998
2.3961999999999932
2.383400000000007
2.3632999999999864
2.346100000000004
2.335099999999996
2.318499999999996
2.2986000000000066
2.2861999999999965
2.268100000000001
2.2545000000000037
2.246499999999997
2.235099999999998
2.2214999999999994
2.205700000000004
2.1897999999999995
2.171799999999994
2.1593000000000013
2.1450999999999976
2.1284000000000014
2.116299999999999
2.1059000000000063
2.093400000000012
2.083799999999983
2.0728000000000084
2.061500000000009
2.0536999999999876
2.038700000000003
2.027100000000008
2.0169999999999977
2.0094000000000083
1.9974999999999952
1.9875999999999963
1.9758
1.9635
1.9500000000000004
1.9402
1.9305000000000003
1.9223
1.9115000000000006
1.9059999999999993
1.9008000000000007
1.8905
1.8804999999999992
1.8688999999999993
1.8616000000000008
1.8488999999999993
1.8415000000000008
1.8334000000000004
1.8253999999999997
1.8155
1.8055999999999992
1.7950000000000008
1.7837000000000018
1.7801000000000007
1.7716000000000023
1.764600000000001
1.7577999999999994
1.7511
1.7441
1.7365000000000015
1.7271
1.7198999999999989
1.7098
1.702499999999997
1.6938000000000017
1.6847000000000014
1.676000000000001
1.6677000000000022
1.6564999999999996
1.6499
1.645500000000001
1.6417000000000017
