27.0
27.0
27.1721
27.2769
27.3148
27.5891
27.734
27.9633
28.1918
28.3898
28.5165
28.728
28.9013
28.9959
29.1732
29.2662
29.4468
29.5629
29.6818
29.7026
29.7956
30.0689
30.2114
30.3368
30.372
30.4639
30.5529
30.7176
30.9085
31.0944
31.1847
31.3135
31.5732
31.6332
31.7251
31.7429
31.8288
31.8347
31.895
32.0681
32.1279
32.2583
32.4071
32.4721
32.6905
32.9812
32.9925
33.0118
33.0421
33.2052
33.3939
33.6749
33.7556
33.832
33.9943
34.0556
34.2514
34.4108
34.4804
34.567
34.6615
34.8069
34.8571
35.0179
35.1818
35.422
35.6035
35.8333
35.8636
35.9562
36.0375
36.2577
36.2341
36.1576
36.2533
36.4002
36.5114
36.7139
36.8465
36.9353
36.9691
37.2067
37.4117
37.3757
37.4723
37.6504
37.9351
38.1045
38.3186
38.4464
38.4395
38.5714
38.5429
38.7913
38.8117
38.9567
38.9398
39.0857
39.3024
39.4781
39.6309
39.6704
39.8874
40.0545
40.3726
40.4517
40.652
40.7911
40.9498
41.1056
41.2156
41.3197
41.6717
41.8002
42.0189
42.1709
42.3895
42.4647
42.5684
42.7499
42.9893
43.0798
43.1602
43.3465
43.405
43.5567
43.7379
43.7596
43.9295
44.0082
44.059
44.3854
44.5795
44.6947
44.8711
44.8805
45.0418
45.1207
45.2741
45.5448
45.7137
45.7656
45.9331
45.9862
46.1372
46.2393
46.4952
46.7611
46.7411
46.7773
46.844
47.0996
46.9353
47.1997
47.3714
47.5403
47.4515
47.5846
47.7051
47.8697
48.0411
48.0008
48.2136
48.3778
48.2308
48.3087
48.5133
48.6067
48.7996
48.8926
48.6917
48.6979
48.8617
48.8771
48.9522
49.0559
49.213
49.4433
49.3493
49.4495
49.4909
49.6497
49.7607
49.757
49.7561
49.8934
50.0305
50.1511
50.3973
50.502
50.5587
50.5647
50.6688
50.69
50.4656
50.4464
50.6949
50.5632
50.6659
50.9309
