23.0
23.0
22.974300000000007
22.948899999999977
22.919099999999982
22.887399999999985
22.858199999999968
22.83699999999997
22.808300000000052
22.781500000000033
22.753400000000063
22.7274000000001
22.69830000000001
22.671999999999883
22.6398
22.60850000000008
22.584899999999987
22.55839999999998
22.53259999999998
22.507099999999934
22.4839
22.455900000000014
22.42879999999997
22.4027
22.378899999999984
22.351199999999995
22.326400000000056
22.298800000000007
22.270699999999948
22.243900000000025
22.214500000000005
22.181399999999957
22.15080000000003
22.12450000000003
22.097900000000028
22.072599999999937
22.04840000000008
22.02399999999994
21.998000000000054
21.968800000000066
21.941400000000066
21.911999999999953
21.884700000000063
21.854499999999987
21.828500000000098
21.801199999999938
21.770300000000002
21.7453
21.717099999999917
21.688099999999903
21.659300000000023
21.63790000000002
21.610199999999995
21.584199999999996
21.55559999999998
21.52620000000009
21.49999999999993
21.470499999999973
21.44320000000007
21.41320000000004
21.386199999999956
21.356499999999986
21.325699999999948
21.30380000000003
21.27690000000007
21.250700000000077
21.226200000000023
21.201300000000096
21.16940000000004
21.140000000000057
21.117500000000014
21.097299999999997
21.075999999999983
21.044700000000045
21.017400000000034
20.990900000000085
20.96549999999999
20.9413000000001
20.917599999999958
20.89390000000003
20.866799999999937
20.840400000000006
20.815199999999972
20.789799999999996
20.757700000000025
20.733999999999924
20.706199999999967
20.68180000000001
20.655299999999976
20.63010000000003
20.605400000000035
20.57690000000003
20.552700000000048
20.526199999999978
20.50119999999991
20.474699999999892
20.45039999999997
20.424099999999953
20.39549999999997
20.377700000000004
20.354399999999952
20.327699999999986
20.306099999999972
20.281700000000033
20.255999999999915
20.23500000000001
20.21100000000006
20.181600000000014
20.158099999999987
20.13099999999994
20.10999999999996
20.0846
20.05870000000008
20.040400000000012
20.013899999999992
19.983899999999906
19.958500000000026
19.935200000000066
19.908300000000008
19.881199999999957
19.85580000000003
19.829099999999976
19.804100000000034
19.78119999999995
19.758699999999962
19.73720000000007
19.7158
19.689499999999995
19.66390000000002
19.636400000000076
19.614499999999992
19.5862
19.55449999999995
19.521400000000074
19.488600000000027
19.456800000000037
19.423799999999975
19.385999999999886
19.348399999999916
19.308899999999962
19.269899999999925
19.23249999999993
19.19509999999996
19.15739999999995
19.122099999999914
19.080100000000012
19.039599999999968
18.996599999999987
18.954099999999983
18.911599999999975
18.867599999999992
18.823599999999967
18.780600000000078
18.738499999999924
18.694799999999923
18.653299999999987
18.6098
18.565499999999957
18.524600000000042
18.48400000000001
18.44189999999997
18.399800000000045
18.350400000000008
18.312299999999958
18.26519999999996
18.2218
18.172500000000024
18.125000000000014
18.081099999999996
18.033199999999866
17.985699999999955
17.941200000000016
17.89569999999997
17.8511000000001
17.8098999999998
17.76649999999997
17.72640000000003
17.680999999999955
17.63470000000003
17.588300000000103
17.54260000000001
17.496200000000087
17.44890000000004
17.40240000000001
17.356100000000023
17.309899999999878
17.260900000000024
17.21140000000006
17.16759999999994
17.123700000000056
17.078299999999945
17.028500000000033
16.98159999999999
16.933200000000006
16.89420000000002
16.85080000000006
16.80219999999988
16.760700000000035
16.71520000000006
16.668299999999856
