49.0
49.0
49.1503
49.2498
49.4103
49.6103
49.7244
49.8202
49.9425
50.0995
50.2594
50.3454
50.4783
50.6092
50.7081
50.8288
51.0025
51.1503
51.2894
51.3988
51.5341
51.6762
51.7873
51.925
52.0488
52.2183
52.3878
52.5714
52.6955
52.8105
52.9423
53.076
53.1979
53.3538
53.5133
53.6763
53.8391
54.0105
54.1333
54.2698
54.4139
54.5745
54.7503
54.9328
55.0391
55.2166
55.3231
55.4591
55.6065
55.7541
55.8726
56.0396
56.2061
56.3159
56.4864
56.5683
56.6947
56.8226
56.9673
57.0549
57.1858
57.3766
57.5057
57.61
57.7523
57.8597
57.9844
58.0777
58.2123
58.3517
58.5248
58.614
58.7182
58.8332
58.9278
59.0261
59.1193
59.2371
59.3053
59.3838
59.4673
59.5409
59.612
59.6407
59.731
59.756
59.8412
59.9702
60.1188
60.2113
60.3157
60.3464
60.4422
60.5035
60.5546
60.6414
60.7185
60.8577
60.8871
60.9716
61.0931
61.2577
61.3894
61.5037
61.5721
61.6546
61.7152
61.8533
61.8431
61.8923
61.9979
62.1049
62.1601
62.2275
62.3059
62.4356
62.5368
62.6535
62.7266
62.8858
62.9162
63.0144
63.1213
63.1652
63.2438
63.3513
63.4927
63.6252
63.715
63.7577
63.8498
63.9231
63.9412
64.0349
64.1103
64.1931
64.3459
64.4036
64.449
64.5116
64.497
64.5157
64.6132
64.6777
64.7078
64.7465
64.7628
64.8175
64.965
64.9719
64.9908
65.0734
65.0538
65.1304
65.1535
65.113
65.1621
65.1852
65.2485
65.3166
65.305
65.3362
65.425
65.4931
65.4492
65.4799
65.4832
65.575
65.5773
65.5443
65.5139
65.5895
65.5092
65.5814
65.636
65.6189
65.6239
65.646
65.6193
65.6804
65.7293
65.7018
65.7574
65.794
65.8386
65.8735
65.9106
65.9219
65.9358
65.9591
65.9788
65.965
66.0234
66.0608
66.0635
66.0943
66.1102
66.1521
66.1647
66.1948
