0.0
0.0
0.0020999999999999877
0.004700000000000007
0.006999999999999994
0.009500000000000022
0.012000000000000002
0.01480000000000001
0.017299999999999982
0.019199999999999964
0.021899999999999982
0.02389999999999989
0.026399999999999944
0.029499999999999988
0.03159999999999997
0.03540000000000006
0.03700000000000005
0.03850000000000007
0.041000000000000036
0.04329999999999994
0.04500000000000009
0.047200000000000075
0.04890000000000007
0.05140000000000001
0.05429999999999998
0.0579
0.059500000000000025
0.0616000000000001
0.0638999999999996
0.0652000000000004
0.06729999999999972
0.06999999999999992
0.07209999999999976
0.07369999999999996
0.07520000000000025
0.07649999999999968
0.07930000000000026
0.08099999999999989
0.08280000000000023
0.08509999999999987
0.0873999999999998
0.08999999999999987
0.09190000000000012
0.09479999999999998
0.0963000000000001
0.09869999999999991
0.09969999999999997
0.10100000000000006
0.10259999999999996
0.10480000000000009
0.10699999999999985
0.10839999999999995
0.11050000000000008
0.11119999999999994
0.11219999999999995
0.115
0.11660000000000009
0.1193
0.12159999999999996
0.12370000000000002
0.12629999999999983
0.12740000000000012
0.13010000000000035
0.13229999999999945
0.1349000000000001
0.13700000000000012
0.13910000000000006
0.14229999999999987
0.14499999999999988
0.14670000000000022
0.14980000000000004
0.15259999999999962
0.15590000000000015
0.1579000000000005
0.1608000000000002
0.16369999999999926
0.16740000000000022
0.16950000000000046
0.1716999999999991
0.17479999999999996
0.17729999999999962
0.1802000000000003
0.1827000000000007
0.18569999999999964
0.18770000000000067
0.19210000000000013
0.19519999999999987
0.1978000000000004
0.20060000000000075
0.20389999999999983
0.20770000000000063
0.21019999999999994
0.21299999999999947
0.21600000000000022
0.2204
0.2241000000000001
0.2277000000000001
0.2316
0.2361000000000001
0.2400999999999999
0.24419999999999992
0.24769999999999986
0.2514999999999997
0.25429999999999836
0.2574
0.26219999999999977
0.2668000000000002
0.27020000000000055
0.2748999999999991
0.27950000000000097
0.28289999999999865
0.28690000000000077
0.29210000000000014
0.29549999999999926
0.29930000000000156
0.30330000000000074
0.30759999999999765
0.31089999999999973
0.31520000000000037
0.31899999999999995
0.32289999999999974
0.32759999999999945
0.3314000000000009
0.33590000000000075
0.3381999999999996
0.3418999999999999
0.34590000000000043
0.3498999999999998
0.3548000000000013
0.35869999999999985
0.3633000000000002
0.3678000000000001
0.37280000000000046
0.37720000000000015
0.3811000000000008
0.3844000000000003
0.38880000000000037
0.3941000000000004
0.3978000000000001
0.40229999999999894
0.406600000000001
0.41109999999999947
0.4141999999999993
0.41869999999999935
0.4238999999999997
0.43000000000000016
0.43420000000000053
0.4379999999999996
0.4421000000000004
0.4456999999999997
0.45360000000000017
0.4578999999999999
0.4616000000000002
0.4667
0.4704
0.4752000000000002
0.4799999999999998
0.48279999999999973
0.4866
0.48899999999999944
0.49140000000000034
0.4964999999999993
0.5008000000000002
0.5054000000000025
0.5088
0.5121999999999942
0.5170000000000002
0.5226999999999999
0.5267000000000033
0.5310000000000014
0.5353000000000002
0.5383999999999984
0.5427000000000023
0.5473000000000011
0.5516999999999984
0.5553000000000027
0.558099999999998
0.5619999999999995
0.5649999999999995
0.5689000000000008
0.5729000000000009
0.5761000000000006
0.5800000000000003
0.5828999999999983
0.5855000000000002
0.5907000000000018
0.5941000000000031
0.5974999999999991
0.6015000000000005
0.6045999999999984
0.607900000000002
0.6100999999999995
0.6127000000000007
0.6164999999999993
0.6201999999999996
0.623800000000002
0.626499999999999
0.6300000000000013
0.6320000000000002
0.6362999999999993
