16.0
16.0
16.674
17.2925
17.9596
18.6358
19.2968
20.0009
20.6516
21.3358
22.0168
22.6819
23.3843
24.1063
24.8967
25.6292
26.3287
27.0891
27.8317
28.5221
29.308
30.0578
30.8294
31.5749
32.4239
33.223
33.9662
34.8214
35.6412
36.4493
37.2322
38.1054
38.9656
39.7347
40.5189
41.4078
42.2939
43.2517
44.2222
45.0911
46.0283
46.9149
47.8468
48.6851
49.6149
50.5594
51.4769
52.4555
53.4805
54.4067
55.3864
56.3081
57.2287
58.2114
59.2361
60.2569
61.3127
62.3245
63.1989
64.2033
65.2168
66.2026
67.2069
68.2151
69.2717
70.339
71.3505
72.447
73.4674
74.4963
75.6206
76.677
77.7547
78.8785
79.9868
81.1552
82.1898
83.3444
84.502
85.6752
86.8
87.9925
89.1746
90.3088
91.4329
92.5556
93.686
94.8445
96.0307
97.1791
98.3808
99.5853
100.7042
102.0828
103.3222
104.5247
105.7122
106.8428
108.1121
109.3692
110.4382
111.6832
112.9063
114.1314
115.355
116.5413
117.6897
118.9491
120.281
121.5983
122.8958
124.1407
125.4078
126.7355
128.1562
129.4605
130.7595
132.2061
133.6601
134.954
136.1913
137.5223
138.908
140.336
141.6155
143.0642
144.5917
146.1039
147.4463
148.835
149.9841
151.1982
152.2909
153.6065
154.73
155.8278
157.1328
158.2263
159.3429
160.1543
161.0984
162.3408
163.0481
164.3067
165.2091
166.2478
167.154
168.1546
169.139
170.0664
171.2069
172.0903
173.1063
174.135
175.0706
175.9611
176.9905
178.0492
178.957
179.9454
180.6142
181.6639
182.8393
183.8535
184.853
185.8574
186.998
188.0341
188.968
189.9759
191.1434
192.3861
193.2556
194.3904
195.2307
196.1655
197.0292
198.1818
199.0377
200.1052
201.3332
202.2477
203.1108
204.2226
205.0299
206.088
206.9356
208.0765
209.0663
210.0319
211.0171
212.1644
213.1104
213.9373
215.0506
215.9586
216.7952
217.8826
218.9261
219.8421
