0.0
0.0
0.0021
0.0047
0.007
0.0097
0.0122
0.015
0.0179
0.02
0.0229
0.0251
0.0276
0.0309
0.0332
0.037
0.0386
0.0401
0.0426
0.0449
0.0466
0.049
0.0507
0.0532
0.0563
0.0603
0.0621
0.0644
0.0673
0.069
0.0721
0.075
0.0773
0.0791
0.081
0.0821
0.0857
0.0876
0.0896
0.0933
0.0956
0.0986
0.1007
0.1038
0.1057
0.1083
0.1095
0.1106
0.1126
0.1148
0.117
0.1188
0.1213
0.1218
0.1226
0.1266
0.129
0.1329
0.1368
0.1407
0.1437
0.1452
0.1485
0.1511
0.1545
0.1566
0.1597
0.1639
0.168
0.1701
0.1734
0.1764
0.1815
0.1845
0.1882
0.1919
0.1978
0.2007
0.2037
0.209
0.2125
0.2166
0.2199
0.2239
0.2271
0.2341
0.2386
0.2416
0.2464
0.2527
0.2577
0.2618
0.266
0.2708
0.278
0.2827
0.2879
0.2928
0.2999
0.3051
0.3124
0.3171
0.3221
0.3275
0.3326
0.3418
0.3478
0.3542
0.3619
0.3695
0.3741
0.3811
0.3907
0.3957
0.4017
0.4065
0.4142
0.4217
0.4302
0.437
0.4441
0.452
0.4594
0.4687
0.4724
0.4789
0.4855
0.4925
0.5008
0.5075
0.5157
0.5234
0.532
0.5402
0.5483
0.556
0.5648
0.5749
0.5834
0.5909
0.598
0.6065
0.6112
0.6189
0.6277
0.6392
0.6464
0.6532
0.6599
0.6661
0.6784
0.6881
0.6968
0.7071
0.7136
0.7226
0.734
0.739
0.7482
0.753
0.7578
0.7669
0.7778
0.7868
0.794
0.8014
0.8122
0.8233
0.8335
0.844
0.8535
0.8596
0.8691
0.8787
0.8871
0.8955
0.9043
0.9122
0.919
0.9271
0.9379
0.9435
0.951
0.9573
0.9645
0.9773
0.9879
0.9959
1.0065
1.0156
1.0237
1.0295
1.0363
1.0457
1.0558
1.0632
1.0719
1.0818
1.0896
1.0997
