7.0
7.0
6.827000000000006
6.661099999999991
6.486299999999994
6.325799999999997
6.152700000000008
5.991600000000012
5.824999999999985
5.6596999999999955
5.496400000000001
5.3375999999999815
5.169499999999999
5.003000000000005
4.838799999999993
4.67769999999999
4.507999999999994
4.3490999999999875
4.190000000000007
4.040300000000019
3.8888
3.7322000000000015
3.5819999999999963
3.4308000000000027
3.276099999999992
3.1286000000000023
2.987599999999993
2.851200000000001
2.720100000000003
2.588700000000003
2.462100000000002
2.343600000000003
2.225700000000004
2.1170000000000013
2.0060999999999947
1.9000999999999992
1.8008999999999986
1.7010000000000007
1.6059000000000032
1.520899999999998
1.4394999999999982
1.3610000000000004
1.2878
1.217399999999994
1.1441000000000028
1.078900000000008
1.0133000000000012
0.9584000000000004
0.9035000000000005
0.8526000000000015
0.8054999999999991
0.7630000000000003
0.7199999999999996
0.679999999999999
0.6466000000000012
0.6196000000000026
0.5994999999999993
0.5843999999999984
0.5722000000000008
0.5617999999999999
0.5538000000000045
0.5476999999999997
0.5414000000000018
0.536400000000001
0.5349999999999963
0.5324999999999973
0.5285999999999993
0.5276999999999985
0.5260999999999962
0.5250999999999967
0.5251000000000038
0.5251000000000011
0.5259999999999986
0.5229999999999994
0.5238999999999973
0.5203999999999983
0.5190000000000021
0.5196000000000025
0.5176000000000005
0.5120000000000012
0.5139999999999997
0.5127999999999966
0.510700000000004
0.5140999999999989
0.5105000000000005
0.508299999999999
0.5073000000000013
0.5072999999999996
0.5046999999999986
0.49949999999999883
0.497999999999998
0.49859999999999965
0.4985000000000019
0.49840000000000145
0.4950000000000018
0.4917000000000032
0.4870999999999991
0.486599999999999
0.48479999999999984
0.4849000000000004
0.4856999999999993
0.4847999999999993
0.4835
0.4826
0.4796
0.4785
0.4757
0.47580000000000017
0.4768000000000001
0.47239999999999993
0.4704999999999998
0.4686000000000003
0.46569999999999984
0.4634000000000002
0.45969999999999955
0.4589
0.45650000000000046
0.45589999999999975
0.45260000000000017
0.4494999999999999
0.4472999999999998
0.4425
0.4401999999999998
0.43680000000000035
0.43490000000000056
0.4355999999999998
0.4356
0.4338000000000002
0.43190000000000045
0.4271000000000002
0.4204999999999998
0.4140999999999998
0.4077000000000004
0.4030999999999995
0.397499999999999
0.391
0.3850999999999997
0.38049999999999995
0.38099999999999973
0.3734000000000001
0.36539999999999967
0.36000000000000093
0.3510999999999991
0.34580000000000005
0.34000000000000113
0.3352
0.3291000000000005
0.3243000000000009
0.31730000000000014
0.3154999999999996
0.3084999999999994
0.30239999999999984
0.29869999999999947
0.29139999999999894
0.2872999999999994
0.2819999999999985
0.2787000000000006
0.2751999999999999
0.2707999999999996
0.2671000000000001
0.2599000000000009
0.25690000000000063
0.2507000000000002
0.24510000000000082
0.24140000000000017
0.23839999999999928
0.24000000000000082
0.23860000000000017
0.2335999999999998
0.2287999999999998
0.2277999999999998
0.22499999999999987
0.2208999999999999
0.2158999999999999
0.21329999999999974
0.2124
0.21080000000000026
0.20899999999999955
0.20659999999999992
0.20550000000000004
0.2066000000000001
0.20820000000000047
0.20389999999999975
0.20230000000000017
0.20130000000000015
0.19990000000000033
0.19760000000000033
0.1998999999999998
0.2002999999999996
0.19879999999999992
0.1982999999999998
0.19569999999999996
0.1951000000000005
0.19479999999999992
0.1927
0.1932
0.19269999999999976
0.19070000000000056
0.1889000000000001
0.1903000000000003
