9.0
9.0
8.714
8.4456
8.1939
7.9368
7.688
7.4541
7.2088
6.9791
6.7502
6.5293
6.3129
6.1035
5.9001
5.7036
5.5129
5.3341
5.1541
4.9769
4.8058
4.6362
4.4653
4.3146
4.1758
4.043
3.9012
3.7565
3.614
3.4759
3.3537
3.238
3.1213
3.0116
2.9123
2.8125
2.7274
2.6313
2.535
2.4462
2.3623
2.2646
2.1785
2.1145
2.0446
1.9651
1.8973
1.8288
1.7632
1.7035
1.646
1.5845
1.5343
1.4843
1.4353
1.3803
1.3437
1.3053
1.2698
1.2469
1.2174
1.1905
1.1656
1.1405
1.118
1.0994
1.0835
1.0664
1.054
1.0395
1.0231
1.0069
0.9937
0.9852
0.9764
0.9656
0.9544
0.9469
0.9357
0.927
0.92
0.9127
0.902
0.8951
0.8873
0.8781
0.8725
0.8638
0.8565
0.8498
0.8413
0.8343
0.8306
0.8255
0.8176
0.8107
0.8047
0.8023
0.7963
0.7871
0.7793
0.7731
0.7668
0.7593
0.7517
0.7465
0.7435
0.7381
0.7384
0.7331
0.7285
0.725
0.7221
0.7193
0.7159
0.7108
0.7105
0.7083
0.7063
0.7012
0.7029
0.7013
0.6987
0.6926
0.69
0.6868
0.6818
0.6801
0.6768
0.6792
0.6753
0.6671
0.6652
0.6599
0.6602
0.6578
0.6568
0.6557
0.6515
0.6494
0.6466
0.6445
0.6464
0.6454
0.6449
0.6461
0.6429
0.6374
0.6353
0.6363
0.6361
0.6363
0.635
0.6316
0.6321
0.6353
0.6352
0.6368
0.6382
0.6348
0.633
0.6345
0.637
0.639
0.6433
0.6429
0.6439
0.6429
0.6447
0.6482
0.6543
0.6533
0.6603
0.6644
0.6688
0.6742
0.6824
0.6859
0.687
0.6911
0.695
0.6976
0.7014
0.7053
0.715
0.7157
0.7192
0.7241
0.7248
0.7271
0.74
0.7423
0.7462
0.7506
0.7515
0.7543
0.7636
0.7689
0.7719
0.7788
