18.0
18.0
17.967300000000062
17.934699999999964
17.897399999999976
17.863600000000083
17.825800000000083
17.789699999999996
17.753000000000004
17.718999999999994
17.683999999999944
17.651700000000098
17.61289999999996
17.57869999999999
17.540700000000044
17.504299999999994
17.472499999999947
17.440899999999967
17.404699999999995
17.366899999999987
17.32950000000005
17.29420000000007
17.257000000000023
17.221799999999902
17.188399999999916
17.15200000000002
17.11760000000006
17.08600000000004
17.0505
17.011599999999987
16.97849999999991
16.94639999999994
16.915300000000023
16.881500000000027
16.845499999999948
16.81579999999992
16.77960000000001
16.743700000000008
16.70849999999998
16.669699999999953
16.63600000000007
16.597500000000018
16.562700000000028
16.530100000000036
16.493300000000005
16.456099999999942
16.41759999999999
16.38190000000004
16.344399999999943
16.306900000000105
16.27229999999997
16.235300000000084
16.202500000000004
16.167500000000025
16.130899999999997
16.094099999999933
16.05000000000004
16.011899999999972
15.9719
15.9294
15.8905
15.849
15.8058
15.7595
15.7098
15.6661
15.614700000000003
15.566300000000005
15.514500000000005
15.4589
15.410300000000003
15.3588
15.309299999999995
15.254499999999995
15.204499999999989
15.149900000000006
15.097799999999994
15.046500000000004
14.994299999999997
14.940700000000005
14.886400000000005
14.829000000000011
14.7733
14.7203
14.664499999999988
14.611199999999988
14.560999999999988
14.503
14.447200000000006
14.387499999999994
14.331400000000018
14.272299999999994
14.212899999999962
14.1537
14.100400000000015
14.047300000000012
13.993700000000011
13.9331
13.873399999999979
13.8206
13.766000000000036
13.710300000000018
13.650399999999989
13.590799999999973
13.535199999999989
13.480200000000012
13.424500000000005
13.36919999999997
13.312099999999994
13.252399999999994
13.195899999999988
13.137999999999995
13.08280000000001
13.027299999999954
12.973699999999997
12.925800000000017
12.86739999999999
12.813200000000004
12.763800000000025
12.709600000000004
12.656500000000003
12.603399999999963
12.553900000000004
12.492499999999989
12.437100000000006
12.383699999999958
12.328199999999978
12.273300000000017
12.22000000000002
12.163100000000039
12.105200000000025
12.056599999999982
12.002900000000015
11.953700000000035
11.900500000000005
11.853099999999998
11.801700000000018
11.758299999999995
11.707100000000022
11.6593
11.609200000000023
11.563299999999996
11.517100000000008
11.468400000000024
11.418799999999989
11.374200000000005
11.327500000000004
11.281299999999984
11.236999999999998
11.19279999999996
11.147799999999993
11.105100000000016
11.062300000000006
11.020700000000005
10.975599999999966
10.933699999999952
10.886800000000013
10.842500000000033
10.797199999999991
10.755199999999961
10.707900000000006
10.661699999999973
10.618600000000004
10.576100000000038
10.532700000000013
10.489800000000011
10.44709999999997
10.407200000000003
10.362800000000076
10.316000000000031
10.275300000000005
10.228999999999937
10.185300000000053
10.141300000000006
10.094399999999974
10.052200000000008
10.00809999999999
9.96020000000002
9.913699999999988
9.868100000000045
9.823700000000008
9.779199999999935
9.727799999999988
9.684500000000021
9.636399999999995
9.594199999999985
9.554899999999996
9.515100000000011
9.46480000000004
9.421199999999995
9.380099999999993
9.339799999999963
9.298100000000012
9.2593000000001
9.216
9.174800000000022
9.13460000000005
9.087599999999986
9.046799999999982
9.007299999999972
