3375.0
3375.0
3427.3988
3474.6506
3526.6536
3572.9069
3617.8689
3660.0908
3700.0352
3739.1883
3772.4278
3807.7432
3840.4154
3874.777
3900.742
3929.1516
3955.0086
3978.6731
4003.432
4025.0276
4049.4135
4073.0381
4094.6933
4112.7603
4129.7724
4146.6032
4162.2161
4176.2257
4193.5457
4211.8293
4222.567
4235.8851
4248.5655
4261.4275
4274.0625
4288.0059
4295.4973
4307.2853
4316.815
4327.2932
4337.9248
4348.9652
4358.774
4367.5806
4374.2102
4382.1476
4390.1131
4400.4826
4409.3352
4417.0796
4425.1922
4432.4368
4437.4152
4445.4849
4453.4752
4460.0566
4466.0651
4471.6783
4474.4957
4477.3975
4481.2075
4483.7224
4488.4397
4489.9346
4493.8288
4493.9687
4494.056
4495.7927
4496.8289
4498.9167
4499.1679
4501.6036
4500.8843
4500.9111
4502.394
4501.4357
4503.8218
4504.1086
4507.3734
4509.6189
4508.7427
4511.8384
4510.2157
4510.9858
4511.4806
4512.3464
4511.9693
4512.5526
4510.925
4512.4473
4510.6902
4511.8006
4508.3413
4509.733
4512.3231
4509.3779
4509.26
4508.4684
4506.8038
4505.0159
4506.326
4507.4093
4505.2433
4504.4847
4503.4856
4499.7896
4499.8348
4496.6353
4492.436
4490.4316
4489.1329
4489.0663
4487.8392
4486.77
4481.3851
4479.5895
4476.5128
4474.8149
4472.8456
4471.0491
4467.629
4466.2657
4460.3114
4459.18
4454.0858
4452.0236
4451.0067
4448.3668
4445.0994
4442.6497
4439.6183
4436.9493
4431.6885
4421.3796
4413.3941
4406.898
4399.986
4391.2145
4382.8522
4372.458
4363.9634
4357.4714
4347.423
4336.9919
4330.205
4321.9403
4313.107
4299.0415
4288.7162
4277.6491
4269.8992
4261.8047
4248.4815
4239.3984
4227.1248
4214.3079
4200.9104
4187.1428
4174.0393
4160.4596
4148.5586
4137.5397
4120.4015
4101.7509
4085.8435
4071.0887
4058.6707
4045.9588
4032.2652
4018.9927
4005.1924
3990.5762
3975.2927
3959.9539
3948.2709
3934.1447
3921.6083
3906.9613
3889.6572
3876.5223
3861.7884
3845.0157
3830.084
3817.2408
3802.2227
3785.4658
3771.8853
3755.4451
3737.3573
3723.4156
3709.1424
3692.3982
3674.858
3657.7514
3644.5129
3625.9358
3608.7608
3597.024
3584.2285
3568.6338
