1024.0
1024.0
1023.4593
1023.0987
1022.512
1021.8831
1021.1748
1020.6772
1019.8541
1019.1527
1018.5706
1017.7231
1017.2263
1016.5956
1016.0459
1015.4892
1014.8591
1014.4751
1013.8755
1013.2411
1012.6636
1012.2013
1011.5964
1011.1205
1010.5627
1010.0695
1009.4617
1008.7892
1008.1788
1007.6724
1007.2948
1006.6423
1006.138
1005.4551
1004.9749
1004.5557
1003.8186
1003.0512
1002.3812
1001.7855
1001.1949
1000.5947
1000.01
999.4027
998.6902
998.2327
997.4879
996.9073
996.3106
995.6431
995.1844
994.4828
993.8845
993.3463
992.5045
991.8156
991.1967
990.6475
990.0476
989.4531
988.8436
988.3186
987.7495
986.9277
986.2385
985.4792
984.7125
983.933
983.0968
982.3233
981.494
980.6652
979.8602
979.194
978.5159
977.584
976.7305
975.844
974.9782
974.1667
973.2422
972.3753
971.4532
970.6961
969.8155
968.9102
968.0
967.028
966.218
965.2968
964.3029
963.5827
962.5771
961.7384
960.8143
960.0883
959.1293
958.1207
957.1568
956.1983
955.2451
954.2414
953.1363
952.1936
951.414
950.4593
949.5427
948.5623
947.8149
946.7743
945.7887
944.7881
943.7165
942.8559
942.0048
941.031
940.0833
938.8043
937.8791
936.8204
935.7751
934.9321
933.9443
932.8989
932.0858
931.038
929.938
929.1281
928.2886
927.391
926.4502
925.8124
925.0454
923.9551
923.0853
922.3163
921.4689
920.7726
920.0587
919.2564
918.575
917.9798
917.2785
916.5707
915.9181
915.3274
914.7544
914.2128
913.8062
913.2206
912.7659
912.2858
911.8842
911.4994
911.0282
910.4572
909.9236
909.6212
909.2334
908.8065
908.5602
908.1869
907.9716
907.4738
907.1133
906.6802
906.3586
906.1257
905.8901
905.7285
905.498
905.2942
905.2278
905.1102
904.782
904.6206
904.3809
904.3634
904.0945
903.8354
903.5736
903.4505
903.3288
903.2345
903.1342
903.1038
903.0492
902.8916
902.7934
902.7714
902.5888
902.3482
902.0745
901.954
901.7488
901.4974
901.4387
901.3381
901.0499
900.9845
