343.0
343.0
345.0339
346.5254
348.6895
351.3491
353.0138
354.4488
356.2231
358.3671
360.5598
361.928
363.8189
365.6624
367.1473
368.897
371.2353
373.2231
375.2354
376.859
378.8225
380.843
382.4717
384.4176
386.243
388.6555
390.8956
393.422
395.2069
396.9231
398.7645
400.7696
402.4403
404.6416
406.8303
409.1073
411.3759
413.7921
415.5489
417.4842
419.5713
421.8367
424.2913
426.8566
428.5475
431.0626
432.6533
434.7173
436.8989
439.0771
440.8518
443.2102
445.5755
447.3175
449.7096
451.0021
452.9069
454.908
456.9431
458.4131
460.5578
463.3602
465.3509
467.0126
469.0533
470.8721
472.8172
474.3971
476.4069
478.6179
481.1848
482.6144
484.402
486.1306
487.747
489.2791
490.7795
492.5831
493.7935
495.1128
496.5421
497.7189
499.1176
499.8881
501.5154
502.2496
503.5738
505.511
507.8278
509.3913
510.9395
511.6558
513.1962
514.4533
515.4236
517.0858
518.4633
520.5435
521.2729
522.814
524.6663
527.1945
529.3246
531.1629
532.4339
533.8964
535.1904
537.3333
537.5167
538.9617
540.6235
542.3933
543.5931
544.8423
546.1497
548.2234
550.0152
551.7561
553.3248
555.9678
556.6504
558.337
560.1065
561.0672
562.489
564.1147
566.4095
568.6352
570.2814
571.0517
572.649
573.8457
574.577
576.2523
577.8129
579.3709
582.0833
583.3262
584.6466
586.0066
586.164
586.8157
588.7172
589.9991
590.96
592.0359
592.6692
593.9337
596.4104
597.1003
597.7052
599.4
599.8114
601.429
602.1893
602.0078
603.3569
603.8842
605.0445
606.5626
606.971
607.9326
609.6264
611.1703
611.1668
612.1287
612.7366
614.7392
615.0729
615.2351
615.3277
617.0055
616.6214
618.1466
619.3182
619.4027
620.0481
620.8416
620.9155
622.318
623.4645
623.6702
625.002
626.2236
627.2774
628.2131
629.312
629.7561
630.4032
631.2707
631.6074
631.908
633.2048
634.4792
635.0219
636.1009
636.8792
638.0669
638.9021
639.6504
