81.0
81.0
82.177
83.4191
84.4894
85.5699
86.6158
87.6761
88.67
89.6651
90.6226
91.5445
92.4996
93.4319
94.18
95.0183
95.7008
96.3564
97.0182
97.7857
98.596
99.278
99.9326
100.5612
101.1683
101.7659
102.4655
102.9874
103.6055
104.3511
104.9827
105.5555
106.169
106.7053
107.3769
107.9432
108.6296
109.137
109.6834
110.1881
110.6635
111.0153
111.5143
111.9411
112.3872
112.8809
113.3834
113.8819
114.3742
114.6845
115.0356
115.4836
115.8869
116.3763
116.9665
117.4689
117.8225
118.2949
118.6126
119.1125
119.5301
119.9069
120.2945
120.6662
121.0367
121.4399
121.8031
122.1946
122.5195
122.8042
123.2455
123.5771
123.8546
124.0358
124.282
124.5659
124.8609
125.1964
125.6356
125.9118
126.1733
126.5195
126.8486
127.055
127.2358
127.4649
127.7034
128.0118
128.3608
128.7454
129.0462
129.3308
129.7731
130.0948
130.3552
130.5642
130.8093
131.0771
131.3454
131.6007
131.9472
132.3438
132.5738
132.7808
132.9775
133.2621
133.5517
133.8054
134.0583
134.3899
134.7163
134.9762
135.2261
135.4558
135.7677
136.0208
136.358
136.6742
136.8916
137.088
137.3187
137.6859
137.9755
138.2143
138.4009
138.7479
139.014
139.2632
139.505
139.9116
140.1923
140.5335
140.9676
141.4067
141.8018
142.3277
142.8387
143.2983
143.8193
144.4943
145.0679
145.6863
146.2939
146.9339
147.5094
148.1844
148.6779
149.2102
149.7876
150.498
151.132
151.7801
152.4905
153.1032
153.6454
154.2767
154.9181
155.6805
156.4385
157.1911
157.968
158.6808
159.3682
160.0082
160.7232
161.5258
162.2063
162.8524
163.5624
164.274
164.8634
165.6123
166.407
167.224
168.0007
168.837
169.6966
170.3905
171.0999
171.8414
172.5737
173.3817
174.0168
174.7097
175.5652
176.2789
177.163
177.9221
178.5124
179.2924
180.0281
180.8807
181.6326
182.4414
183.3606
184.1438
184.8853
185.7537
186.4839
187.1824
