9.0
9.0
9.0581
9.1541
9.2658
9.3339
9.428
9.5057
9.5953
9.6861
9.7693
9.8795
9.9541
10.0314
10.148
10.2569
10.3671
10.4725
10.5878
10.6997
10.8074
10.9139
11.0331
11.1226
11.233
11.3107
11.3926
11.4943
11.5784
11.6712
11.759
11.8363
11.9209
12.0199
12.1141
12.2253
12.2985
12.3992
12.4686
12.5585
12.6491
12.7651
12.8813
12.9753
13.0295
13.1546
13.257
13.3585
13.4348
13.5466
13.6346
13.744
13.8093
13.9082
13.9885
14.0834
14.2101
14.2871
14.4151
14.5364
14.6861
14.8047
14.9586
15.0448
15.1454
15.2676
15.4319
15.5785
15.7025
15.8284
15.9693
16.1265
16.275
16.4043
16.5455
16.7222
16.8663
17.0327
17.2235
17.4004
17.5731
17.7705
17.9333
18.1281
18.2896
18.4811
18.6542
18.8391
19.037
19.2307
19.3976
19.6085
19.7833
19.9718
20.182
20.3902
20.5932
20.7857
20.9667
21.1704
21.3605
21.5836
21.7916
21.9809
22.1574
22.3513
22.5526
22.7357
22.957
23.1669
23.3686
23.5893
23.7997
24.0181
24.2177
24.4031
24.6005
24.8241
25.0123
25.2478
25.4348
25.6154
25.8261
26.0769
26.2665
26.4941
26.7393
26.9817
27.2136
27.4585
27.6598
27.8933
28.1611
28.377
28.5916
28.8662
29.115
29.3604
29.6144
29.8829
30.132
30.4339
30.6699
30.9524
31.218
31.5005
31.7623
32.0415
32.3275
32.6072
32.8655
33.1565
33.4232
33.7193
34.0414
34.3303
34.6174
34.8591
35.1093
35.4015
35.6354
35.9276
36.2497
36.5481
36.8595
37.1066
37.4069
37.7176
38.0425
38.3539
38.691
38.9837
39.2989
39.6175
39.9111
40.2757
40.5416
40.9227
41.2909
41.543
41.836
42.145
42.5241
42.8235
43.1581
43.4571
43.8174
44.1351
44.4549
44.8442
45.1655
45.4972
45.8562
46.147
46.5438
46.863
47.2574
47.5919
47.9743
48.3479
