64.0
64.0
68.9872
73.6665
78.762
83.9666
89.2916
94.9883
100.4436
106.1558
111.9578
117.5751
123.5653
130.0985
137.2291
143.9886
150.6015
157.7463
164.8563
171.4501
179.0064
186.4664
194.0888
201.6625
210.3101
218.6446
226.603
236.0032
244.7878
253.7585
262.259
271.8642
281.3234
290.1783
299.1477
309.2182
319.1545
330.3461
341.7616
352.3507
363.4567
374.1845
385.721
396.0579
407.8779
420.08
431.5693
443.9197
456.8883
468.5419
481.26
493.5389
505.7169
519.2934
532.9879
546.6003
561.2701
575.4315
587.4685
601.4539
615.754
630.145
644.6613
659.3487
675.0781
690.7988
705.7539
722.281
737.5854
753.1611
770.2746
786.0914
802.4413
819.8611
837.326
855.164
871.4148
889.5156
907.8202
927.1898
944.8164
964.2249
983.7094
1002.4636
1021.4605
1040.0616
1058.7958
1078.5427
1098.6225
1118.1005
1139.2862
1160.2487
1179.5716
1203.3044
1225.0898
1246.5425
1267.7346
1288.3914
1310.9217
1333.595
1353.216
1376.421
1399.0079
1421.6522
1443.7332
1465.4891
1486.9975
1510.6943
1535.5048
1560.4305
1585.2192
1608.4189
1632.8574
1658.3009
1686.353
1712.4541
1737.5205
1765.9443
1795.5425
1820.6858
1845.6011
1872.3539
1899.7102
1928.844
1955.0705
1984.8694
2016.0061
2047.6613
2074.8431
2104.4182
2129.0101
2154.6616
2177.8811
2207.8239
2230.9318
2255.0552
2283.5986
2308.1655
2333.3525
2351.7659
2373.8074
2402.8438
2420.3789
2448.9807
2469.7297
2493.8586
2514.473
2537.5648
2560.1474
2582.6204
2608.9375
2628.7213
2652.3709
2677.0312
2699.1118
2719.8925
2745.5373
2771.952
2793.6534
2818.0516
2835.5688
2860.1899
2888.4339
2913.4225
2937.1828
2960.8006
2989.8294
3014.9521
3037.2374
3061.8883
3090.405
3122.6359
3143.5744
3171.7574
3192.7771
3217.9393
3240.2472
3269.627
3290.0011
3316.3692
3347.0296
3369.8813
3392.7444
3421.7844
3442.0277
3469.4718
3490.4966
3520.3595
3545.0365
3570.5163
3594.7329
3624.9764
3650.4228
3670.9687
3700.0858
3723.5662
3746.29
3773.3834
3799.8779
3822.9181
