343.0
343.0
345.684
347.9363
350.6688
352.9985
355.5591
357.9557
360.5556
362.0248
364.5893
366.8455
369.2984
372.1005
374.603
376.8254
379.4623
382.0846
384.651
387.2457
389.9946
392.7657
395.0065
397.5143
400.0466
402.5823
405.0886
407.506
410.3854
413.6562
416.6189
419.8678
421.8306
424.4658
427.0597
430.0964
432.0653
434.6432
436.8841
439.9108
442.9772
445.6993
448.3986
450.968
453.6676
455.6066
458.0001
460.2856
463.0723
465.8468
468.2119
471.5292
474.301
476.8421
479.6881
482.1599
485.7277
488.1314
491.4504
495.0553
498.0432
500.9221
504.0597
507.4215
510.2417
513.3511
516.6184
520.5929
523.796
526.6878
530.1375
533.564
537.1021
540.6921
544.295
547.7331
550.6791
554.4018
557.7887
562.3829
566.1948
570.8604
575.0541
578.727
583.0796
588.1194
591.915
595.1981
598.5037
602.8585
607.1964
611.4694
615.5174
619.7913
624.2232
628.3134
632.8013
637.2302
642.0789
646.5157
650.8636
655.434
659.8101
663.6373
668.1104
672.3278
676.8094
681.9638
686.2159
690.5176
695.5218
699.5617
704.2249
709.3931
713.948
718.8589
723.4179
729.4188
733.633
738.5612
743.2213
747.8529
752.0201
757.2491
762.0875
767.2513
771.5171
777.3576
782.7134
787.3974
791.6365
796.6229
801.4195
806.6098
811.145
816.3178
822.1906
827.3081
833.0763
838.7049
843.7525
848.5795
853.8063
858.6755
863.409
869.5852
875.3582
880.3649
886.6618
892.0735
897.0225
901.6081
906.4615
910.5316
914.509
919.7983
924.7215
930.1877
935.8993
940.4109
945.9149
950.1811
956.0314
960.8602
967.6595
971.9048
977.0184
982.4691
987.4435
993.1543
998.0832
1004.343
1009.5726
1014.7328
1019.7572
1024.5062
1030.3174
1036.1065
1041.9046
1046.8682
1052.1533
1058.0114
1064.5251
1070.678
1077.2853
1081.8837
1087.4204
1092.4295
1099.9309
1105.5464
1110.7863
1116.6108
1123.0853
1128.4306
1134.7867
1140.7708
1146.664
1152.1694
1157.6845
1162.0232
