1.0
1.0
0.8867
0.7881
0.7149
0.6422
0.5779
0.5299
0.4834
0.4348
0.3981
0.3663
0.3398
0.3206
0.301
0.2825
0.2712
0.2566
0.2463
0.2393
0.2287
0.2167
0.2088
0.2013
0.1961
0.1901
0.1835
0.1791
0.172
0.1674
0.166
0.1657
0.1648
0.1612
0.156
0.1559
0.155
0.1514
0.1519
0.1552
0.1593
0.1589
0.1565
0.1542
0.1489
0.1462
0.141
0.1345
0.1317
0.133
0.1364
0.1378
0.1415
0.1485
0.1538
0.1571
0.1552
0.1528
0.1569
0.1626
0.167
0.1679
0.1671
0.1732
0.1768
0.1781
0.1821
0.1879
0.1931
0.1919
0.1964
0.1993
0.2038
0.2047
0.2045
0.2096
0.2122
0.2151
0.2211
0.2228
0.2252
0.2264
0.2258
0.2307
0.2306
0.2291
0.2253
0.2304
0.2282
0.2293
0.2325
0.234
0.2323
0.232
0.2354
0.2359
0.2365
0.2383
0.2367
0.2391
0.2401
0.2363
0.2375
0.2392
0.2408
0.2375
0.2387
0.2388
0.2414
0.2402
0.243
0.2384
0.2408
0.2385
0.2428
0.2451
0.247
0.2487
0.2465
0.2466
0.2464
0.2479
0.2481
0.2467
0.2465
0.2429
0.2422
0.2404
0.2448
0.2441
0.248
0.2476
0.2504
0.2576
0.2637
0.2689
0.2766
0.287
0.29
0.3027
0.3092
0.3175
0.3224
0.3319
0.3385
0.3414
0.3524
0.3633
0.3667
0.3752
0.3854
0.3871
0.3949
0.4062
0.4117
0.4214
0.4311
0.4349
0.4462
0.4524
0.4592
0.469
0.4806
0.4859
0.4949
0.5064
0.509
0.5181
0.5263
0.5422
0.5482
0.5566
0.5629
0.5658
0.5665
0.5729
0.579
0.5823
0.5821
0.5867
0.5955
0.6027
0.6067
0.6192
0.6264
0.6319
0.6328
0.6411
0.6417
0.6445
0.6504
0.6573
0.6599
0.6661
0.674
0.68
0.6866
0.69
0.6936
0.697
