13.0
13.0
13.03129999999998
13.064899999999994
13.093999999999978
13.127899999999988
13.1552
13.188699999999965
13.223899999999993
13.259599999999983
13.286599999999995
13.318399999999947
13.354399999999977
13.38599999999997
13.420000000000005
13.4553
13.489700000000017
13.522799999999977
13.558899999999989
13.597800000000015
13.624199999999986
13.656999999999977
13.686099999999982
13.715700000000012
13.745200000000041
13.7774
13.8109
13.849299999999976
13.87879999999998
13.9043
13.93900000000002
13.972499999999995
14.001700000000021
14.038400000000017
14.069299999999988
14.10310000000002
14.132699999999994
14.1602
14.189799999999982
14.22250000000001
14.255799999999988
14.29210000000004
14.328800000000012
14.365599999999993
14.403000000000018
14.438200000000004
14.467800000000002
14.5009
14.532300000000006
14.562200000000011
14.589600000000011
14.622100000000003
14.656299999999996
14.690499999999997
14.728200000000017
14.757099999999994
14.787700000000006
14.817599999999993
14.846800000000004
14.881300000000007
14.9164
14.9515
14.987399999999994
15.019899999999996
15.0512
15.083799999999995
15.115899999999995
15.154699999999995
15.18699999999999
15.227899999999995
15.258999999999995
15.291700000000006
15.323699999999997
15.360700000000007
15.3979
15.425999999999995
15.456099999999998
15.4913
15.533000000000003
15.569300000000004
15.603799999999998
15.640599999999997
15.6735
15.712
15.7425
15.7769
15.8135
15.8498
15.8864
15.9199
15.9529
15.994300000000035
16.03300000000006
16.068200000000076
16.099800000000084
16.131300000000007
16.162100000000077
16.19520000000003
16.227299999999993
16.26120000000004
16.29510000000005
16.32739999999994
16.36580000000003
16.39959999999989
16.426299999999937
16.4629
16.497599999999984
16.52810000000003
16.569199999999938
16.603599999999968
16.63499999999992
16.67169999999997
16.711799999999943
16.744000000000028
16.773900000000108
16.80759999999995
16.839199999999927
16.87450000000007
16.90900000000003
16.946400000000075
16.98489999999999
17.019299999999948
17.05259999999992
17.084199999999957
17.118700000000096
17.154299999999964
17.185500000000005
17.22399999999996
17.260200000000047
17.298100000000016
17.328399999999927
17.363799999999937
17.40150000000003
17.439099999999907
17.46680000000003
17.50299999999999
17.536199999999955
17.57599999999993
17.613800000000033
17.649400000000032
17.684399999999915
17.716899999999963
17.75280000000003
17.790900000000054
17.827200000000015
17.870499999999936
17.90739999999998
17.945300000000024
17.980599999999978
18.018700000000084
18.062600000000153
18.098999999999954
18.13130000000002
18.167500000000054
18.206400000000063
18.247800000000034
18.282199999999886
18.320199999999964
18.35460000000004
18.39550000000001
18.43489999999997
18.467199999999984
18.504099999999994
18.542200000000115
18.578099999999907
18.609500000000068
18.644100000000055
18.681099999999965
18.724699999999928
18.764899999999955
18.79740000000003
18.828899999999994
18.86980000000006
18.90819999999997
18.94100000000011
18.97510000000007
19.007500000000004
19.044099999999936
19.081200000000063
19.11699999999994
19.152200000000036
19.195399999999893
19.23559999999998
19.268099999999976
19.304099999999924
19.341900000000045
19.37740000000011
19.41019999999996
19.44989999999994
19.48880000000006
19.524900000000017
19.566400000000037
19.600600000000036
19.637300000000085
19.677399999999988
19.707499999999985
19.74559999999996
19.779700000000002
19.816500000000012
19.853300000000086
