144.0
144.0
142.9785
141.8836
140.7832
139.8104
138.7535
137.7029
136.6295
135.6387
134.6471
133.6558
132.6305
131.6814
130.6521
129.5791
128.6383
127.6821
126.7563
125.7412
124.8
123.8418
122.7878
121.8866
120.9256
119.8512
118.9255
117.9408
116.9165
115.9451
115.0306
114.1458
113.1725
112.2011
111.2538
110.2983
109.3652
108.5289
107.7145
106.8748
106.0853
105.227
104.4187
103.5568
102.7706
101.8956
101.0579
100.2058
99.3645
98.4451
97.6555
96.7576
95.9743
95.0947
94.2308
93.4552
92.7311
91.9582
91.2479
90.5706
89.839
89.1527
88.4778
87.8167
87.064
86.4416
85.7447
85.1403
84.4982
83.8771
83.3287
82.7656
82.175
81.6026
81.0708
80.5629
79.9991
79.5098
78.9809
78.4495
77.927
77.4299
76.8536
76.365
75.885
75.3952
74.8669
74.3881
73.9178
73.4635
73.0142
72.5427
72.1041
71.6526
71.2235
70.7434
70.2683
69.8134
69.3497
68.9511
68.4949
68.07
67.6618
67.2244
66.7999
66.39
65.9693
65.6042
65.2122
64.8092
64.4272
64.0578
63.6403
63.2517
62.827
62.4096
62.0284
61.6492
61.2678
60.8964
60.5183
60.0913
59.7051
59.3192
58.9216
58.582
58.1999
57.8098
57.4609
57.0798
56.6652
56.2989
55.9359
55.5691
55.1888
54.8124
54.4515
54.0873
53.7139
53.3356
52.9628
52.6376
52.2648
51.8825
51.5022
51.1379
50.7998
50.4514
50.0731
49.6956
49.3251
48.9774
48.6412
48.2924
47.9282
47.5443
47.1427
46.8019
46.4464
46.006
45.6082
45.2337
44.8809
44.5388
44.1473
43.7898
43.4069
43.0587
42.7476
42.4404
42.0634
41.7109
41.3509
41.0301
40.685
40.3281
39.979
39.6711
39.2946
39.0151
38.631
38.2863
37.96
37.6611
37.3641
37.0556
36.7663
36.4266
36.083
35.794
35.4713
35.1531
34.8529
34.5311
34.2368
33.9208
33.6092
33.3205
33.0342
32.7599
