32768.0
32768.0
32743.4229
32727.2319
32700.0808
32671.3305
32638.6442
32616.0526
32577.8709
32545.5303
32518.8088
32479.5029
32456.9743
32428.041
32403.1991
32377.693
32348.8065
32331.5765
32304.0951
32275.1065
32248.8164
32228.0427
32200.344
32178.8825
32153.5425
32131.3277
32103.6439
32073.1252
32045.1948
32022.348
32005.111
31975.2869
31952.3358
31921.4071
31899.8165
31881.0337
31847.3436
31812.2838
31781.6824
31754.8213
31728.1427
31700.5719
31674.1574
31646.7771
31614.2466
31593.8959
31559.7911
31533.4571
31506.5102
31475.8477
31455.3812
31423.5522
31396.4433
31371.7427
31333.1969
31301.6796
31273.8005
31249.2495
31221.9732
31195.1787
31168.1678
31144.6708
31119.1127
31081.8331
31050.5581
31015.9262
30981.1915
30945.8284
30907.7842
30872.9497
30835.2488
30797.8994
30761.5632
30731.852
30701.2959
30659.1994
30620.3917
30580.2142
30541.1398
30504.4981
30462.4882
30422.9681
30381.8148
30347.9453
30308.0205
30267.218
30226.2582
30182.4078
30146.1602
30104.7466
30059.7517
30027.7985
29982.5831
29945.1608
29903.2163
29870.7819
29827.5569
29782.0517
29738.6904
29695.1943
29652.4949
29607.6706
29557.4683
29515.4662
29480.8078
29438.8095
29397.7931
29354.2837
29320.8925
29274.5891
29230.5649
29185.7551
29137.1913
29099.5691
29062.012
29018.471
28976.4981
28918.9139
28877.5823
28830.967
28784.0109
28746.9027
28703.2641
28656.5149
28620.6888
28574.2694
28525.2578
28489.7611
28452.6032
28412.6796
28371.0422
28343.271
28309.2236
28260.8787
28221.8611
28188.1621
28151.1299
28120.4826
28088.7905
28052.8862
28023.2308
27997.0738
27966.4683
27935.0367
27906.3989
27880.8646
27855.62
27831.585
27814.326
27788.5112
27768.2877
27747.9416
27730.5844
27713.6764
27692.8028
27667.7904
27644.4994
27631.729
27615.0938
27596.2879
27585.735
27569.6335
27560.7088
27539.0618
27523.5239
27504.6692
27490.7712
27480.8179
27470.9233
27463.9035
27454.721
27446.0312
27443.8548
27439.2146
27425.275
27419.3618
27408.7641
27408.4894
27396.9509
27385.7078
27374.993
27370.6501
27365.8976
27362.5999
27358.6818
27358.1002
27357.0182
27350.3578
27346.4344
27346.601
27339.2914
27329.9298
27318.4235
27313.2074
27304.3904
27293.5842
27291.7877
27288.1395
27275.6941
27273.5627
