144.0
144.0
143.1055
142.0841
141.1765
140.161
139.2375
138.3206
137.4387
136.5601
135.6894
134.6697
133.7555
132.803
131.957
131.0248
130.1867
129.2804
128.396
127.5163
126.741
125.8375
124.9692
124.0649
123.1366
122.3518
121.4229
120.5548
119.7608
118.9948
118.1791
117.3241
116.5251
115.6632
114.8707
114.0812
113.2591
112.2444
111.4168
110.5806
109.6782
108.9039
108.0604
107.3081
106.5599
105.7554
104.9166
104.1175
103.3051
102.4609
101.6209
100.8895
100.1405
99.3835
98.6909
97.9516
97.2144
96.4932
95.8356
95.2917
94.6166
93.9801
93.3931
92.844
92.1988
91.6762
91.1249
90.6629
90.1361
89.6108
89.1401
88.6245
88.1491
87.6336
87.153
86.6527
86.2272
85.7728
85.2703
84.8457
84.3775
83.9027
83.4313
82.9575
82.5002
82.0652
81.5734
81.0815
80.6354
80.1598
79.7292
79.3596
79.0307
78.5851
78.1523
77.7733
77.3857
77.0341
76.6183
76.2452
75.7787
75.3198
74.9287
74.6046
74.2722
73.8885
73.528
73.1554
72.7651
72.4116
72.0284
71.6474
71.2078
70.8829
70.5051
70.0877
69.6749
69.2172
68.8715
68.5388
68.155
67.7652
67.4425
67.058
66.6632
66.316
65.9584
65.5592
65.232
64.862
64.4898
64.1603
63.8302
63.4974
63.1483
62.8047
62.5032
62.1979
61.8895
61.5907
61.3221
61.0866
60.8049
60.5807
60.3814
60.0877
59.8093
59.5778
59.2611
59.0749
58.7709
58.5347
58.2433
58.0038
57.7341
57.4967
57.2687
57.0516
56.8286
56.58
56.3621
56.1545
55.8718
55.6982
55.4362
55.1681
54.9672
54.7213
54.5374
54.3248
54.1156
53.9038
53.6643
53.4759
53.2417
52.9658
52.8376
52.6204
52.4326
52.2021
52.0345
51.8226
51.5787
51.3945
51.2533
51.0527
50.8427
50.6684
50.511
50.3123
50.1259
49.9886
49.8001
49.6245
49.451
49.2533
49.0998
48.9325
48.7677
48.5903
