81.0
81.0
82.3269
83.6719
84.9361
86.0595
87.4188
88.7314
89.936
91.2412
92.4054
93.7218
94.8949
96.1403
97.2357
98.5092
99.7225
100.8287
102.1582
103.4336
104.6036
105.7658
106.9886
108.2323
109.4511
110.571
111.7599
113.0331
114.2222
115.3696
116.5628
117.7086
118.8534
119.9143
121.1987
122.3178
123.4867
124.6696
125.8607
126.9271
128.095
129.3035
130.3737
131.5141
132.5883
133.7363
134.7666
135.9146
137.0122
138.1368
139.1398
140.149
141.3453
142.4006
143.3652
144.5054
145.5255
146.5293
147.6265
148.7288
149.6791
150.6444
151.719
152.7925
153.8492
154.9012
155.9756
156.9591
157.9997
159.1092
160.2614
161.2485
162.1618
163.148
164.1637
165.0461
166.106
167.12
168.0677
169.1173
170.1003
171.0975
171.9978
173.0557
173.9502
174.8335
175.6896
176.5328
177.5463
178.4867
179.3853
180.4052
181.3378
182.2449
183.0823
184.0017
184.908
185.7944
186.7576
187.7172
188.6348
189.515
190.3708
191.2146
192.0911
192.9733
193.9343
194.8264
195.7684
196.6327
197.5445
198.3775
199.2969
200.2388
201.0997
201.929
202.674
203.4626
204.2982
205.1034
205.9153
206.7148
207.4793
208.3307
209.1424
210.0622
210.9196
211.746
212.4474
213.1909
214.0
214.7773
215.4847
216.3081
217.0656
217.7942
218.3976
219.2663
219.9469
220.5353
221.2934
222.0353
222.8175
223.5958
224.3535
225.1512
225.8904
226.482
227.2384
227.8925
228.469
229.178
229.8221
230.456
231.1315
231.7994
232.3977
233.0486
233.6419
234.2077
234.873
235.5249
236.0579
236.5671
237.2353
237.7851
238.465
239.0711
239.6594
240.1797
240.7573
241.3032
241.8061
242.3706
242.8948
243.4635
244.0095
244.4548
245.0868
245.6667
246.199
246.7529
247.2817
247.7862
248.2498
248.8605
249.2664
249.8224
250.2791
250.7578
251.2426
251.7808
252.2314
252.7428
253.2577
253.7577
254.2935
254.8161
255.2299
255.8322
