6.0
6.0
5.964500000000001
5.933999999999981
5.907900000000003
5.879700000000008
5.848500000000016
5.819900000000016
5.791399999999999
5.760099999999978
5.728699999999998
5.700700000000005
5.6690999999999905
5.644099999999998
5.617300000000015
5.589099999999998
5.561000000000003
5.5346000000000055
5.503500000000008
5.472599999999998
5.442899999999992
5.411100000000009
5.3803
5.351999999999996
5.320499999999998
5.293800000000008
5.262699999999999
5.231500000000008
5.202899999999997
5.1738
5.147100000000003
5.119000000000006
5.090800000000006
5.064199999999977
5.036700000000004
5.010700000000008
4.981199999999978
4.958000000000015
4.927599999999987
4.898200000000004
4.870700000000017
4.843699999999993
4.814200000000009
4.787700000000004
4.760500000000015
4.734900000000004
4.711599999999996
4.681900000000013
4.656800000000008
4.629700000000002
4.603000000000008
4.578499999999998
4.55180000000001
4.525400000000004
4.49750000000002
4.4718999999999705
4.4484999999999815
4.424699999999999
4.404099999999976
4.380399999999988
4.36410000000001
4.347
4.331999999999997
4.317700000000006
4.305299999999999
4.292299999999964
4.277100000000003
4.2618000000000045
4.2517999999999825
4.2427999999999955
4.229799999999989
4.218800000000001
4.209100000000022
4.201100000000011
4.195499999999978
4.187699999999993
4.1804000000000014
4.1728000000000085
4.163000000000012
4.154299999999999
4.145700000000009
4.138100000000008
4.129500000000017
4.124599999999994
4.117699999999998
4.109900000000011
4.105300000000012
4.102600000000001
4.0996000000000015
4.096699999999982
4.093799999999992
4.089000000000014
4.082600000000009
4.081200000000005
4.07620000000002
4.07149999999999
4.067699999999989
4.067500000000005
4.0656999999999845
4.062499999999994
4.059100000000032
4.0558999999999905
4.053200000000009
4.048499999999996
4.046900000000024
4.044200000000001
4.042199999999993
4.040499999999967
4.038500000000035
4.037100000000007
4.03529999999997
4.030899999999995
4.030199999999992
4.029100000000001
4.0268000000000255
4.02710000000001
4.0273999999999734
4.024099999999969
4.023399999999999
4.021099999999988
4.019000000000006
4.018199999999953
4.018900000000022
4.018599999999973
4.020699999999979
4.019400000000012
4.016399999999989
4.0124999999999975
4.01049999999998
4.006799999999995
4.00429999999998
4.001800000000026
3.9991000000000034
3.995699999999996
3.9934000000000056
3.9889000000000037
3.9837000000000087
3.9792999999999927
3.9780000000000233
3.9705000000000013
3.965999999999997
3.9600000000000146
3.9584999999999986
3.9565000000000015
3.9494
3.9452
3.9403
3.9335
3.9294
3.9269
3.9217
3.9161
3.9066000000000005
3.8997000000000015
3.8945999999999987
3.8883000000000014
3.8835
3.8763000000000005
3.8709
3.8635
3.859499999999998
3.8537
3.8463
3.8356000000000017
3.8271
3.8191999999999986
3.8114999999999983
3.806000000000001
3.8009999999999984
3.7901
3.783000000000003
3.7730999999999972
3.7641
3.7555000000000027
3.7473000000000023
3.740399999999997
3.729500000000002
3.719299999999999
3.7112000000000016
3.7051000000000016
3.6957
3.6920000000000015
3.6853999999999987
3.6735999999999986
3.664900000000002
3.659199999999997
3.6503999999999994
3.6364000000000027
3.6287999999999987
3.6219000000000015
3.613999999999997
3.6041000000000016
3.5935000000000046
3.5822999999999965
3.5764999999999993
3.567700000000003
3.5579999999999985
3.5502000000000016
3.5394000000000023
3.5319999999999965
