216.0
216.0
218.6415
221.5352
224.2995
226.9537
230.2392
233.0778
236.3682
239.4925
242.5249
244.6101
247.5056
250.4196
252.5815
256.1083
259.0568
261.8507
265.2748
268.1653
271.3061
274.8551
277.5078
280.3137
283.2271
286.9117
289.8106
292.7545
294.9055
297.8673
300.9961
303.6644
306.4637
309.0504
311.9845
314.4883
317.7821
321.3496
324.954
328.5284
331.2694
334.8509
338.1944
341.8041
344.6218
347.6438
351.3613
354.6078
357.7046
360.8507
363.9876
366.0882
369.8929
372.7502
376.2913
380.037
382.9533
385.7977
389.85
394.6202
399.1019
402.1734
406.4244
411.1478
416.1389
419.6524
424.2176
428.7248
434.1593
439.0642
443.6551
448.3215
452.888
458.2492
462.4309
467.7984
472.8051
477.9798
483.3219
487.2177
492.1518
497.2772
502.5543
508.1981
513.6767
518.4412
523.9188
529.0607
534.1073
539.288
545.1322
550.0887
555.8745
562.6884
567.7273
574.1796
581.0034
586.6733
591.2526
598.0423
604.2575
609.9822
614.8332
620.6462
625.5198
632.6496
639.1825
644.4492
651.0329
656.7669
663.8924
669.9268
676.3704
682.233
689.285
695.7057
702.4447
708.5513
715.0681
721.5835
727.7121
734.6163
742.032
748.1723
755.9338
761.6687
767.453
774.0195
779.8714
785.9835
792.3406
798.62
804.9883
809.4314
814.8535
820.2695
826.5168
830.9377
835.2358
840.4422
846.301
850.8145
856.0008
861.9879
867.122
869.4629
875.4502
879.9412
883.3685
887.6873
892.8417
898.252
903.1318
906.3314
910.4213
912.8148
917.1729
920.4768
927.0557
932.1592
935.8465
939.4945
942.2927
946.0811
948.7895
953.0022
957.3461
958.6636
963.0401
968.8416
971.8477
974.2037
976.6957
980.2407
984.1201
986.5857
990.5013
993.2937
996.6991
998.3236
1002.3465
1006.1201
1007.6983
1008.9897
1012.4911
1016.1681
1019.9065
1022.1529
1024.7646
1028.4289
1030.0934
1032.2979
1034.013
1036.9054
1040.2379
1043.7523
1047.0392
1050.5089
1055.6548
1057.2877
