5.0
5.0
5.02400000000001
5.052499999999985
5.079299999999998
5.100300000000029
5.124999999999992
5.143400000000005
5.164899999999973
5.189700000000016
5.2128000000000005
5.23480000000002
5.257099999999992
5.279700000000001
5.300700000000014
5.324600000000021
5.347500000000033
5.3680000000000145
5.386700000000005
5.406399999999995
5.425800000000024
5.444600000000024
5.468899999999992
5.489499999999996
5.5112999999999985
5.527500000000015
5.546
5.563500000000001
5.581700000000015
5.599599999999987
5.615800000000001
5.63539999999999
5.65610000000001
5.671899999999995
5.693100000000011
5.709699999999992
5.7299
5.747699999999994
5.763200000000004
5.782100000000001
5.798500000000031
5.815399999999989
5.829000000000009
5.847300000000014
5.860800000000016
5.875399999999998
5.890900000000009
5.908700000000009
5.923700000000013
5.939700000000012
5.957900000000012
5.97570000000001
5.990599999999977
6.009800000000009
6.026099999999997
6.038100000000006
6.046400000000001
6.060499999999976
6.070300000000007
6.07929999999999
6.091300000000016
6.102500000000003
6.114900000000001
6.122699999999998
6.131199999999993
6.13890000000001
6.142599999999991
6.150399999999993
6.157300000000007
6.162400000000006
6.168900000000015
6.175399999999991
6.179200000000005
6.183799999999995
6.186000000000014
6.19470000000001
6.19829999999999
6.202499999999995
6.207500000000003
6.211100000000012
6.215200000000009
6.219499999999988
6.217999999999993
6.216599999999984
6.215400000000003
6.214800000000014
6.2166
6.219699999999996
6.22069999999999
6.2196000000000105
6.215300000000013
6.211999999999998
6.212500000000009
6.211300000000004
6.2112000000000025
6.216900000000002
6.216099999999989
6.214800000000013
6.215800000000003
6.215999999999996
6.218300000000013
6.216400000000012
6.213999999999985
6.2103
6.210700000000002
6.2108000000000025
6.207599999999992
6.207399999999977
6.204699999999996
6.204699999999996
6.202900000000003
6.200099999999998
6.197099999999989
6.194499999999996
6.194399999999986
6.1891999999999925
6.184799999999993
6.180000000000008
6.178099999999998
6.174799999999991
6.175299999999993
6.170900000000014
6.168400000000009
6.169200000000006
6.166700000000004
6.160599999999988
6.156399999999987
6.147599999999987
6.1403000000000185
6.132100000000007
6.128599999999988
6.127900000000008
6.121499999999987
6.116799999999995
6.106200000000009
6.0994999999999955
6.091899999999996
6.0871000000000075
6.0768999999999975
6.0714
6.062600000000011
6.052299999999995
6.043199999999981
6.031500000000015
6.018699999999986
6.004299999999984
5.991000000000004
5.981900000000002
5.966899999999998
5.955099999999992
5.9458
5.935
5.918500000000003
5.903299999999993
5.888800000000001
5.8685999999999865
5.856199999999985
5.8381
5.8271999999999915
5.810799999999997
5.794099999999997
5.780799999999998
5.772000000000012
5.7558000000000025
5.739800000000015
5.725900000000012
5.7149000000000125
5.6997000000000195
5.685600000000035
5.672000000000004
5.654499999999996
5.640500000000005
5.6281000000000025
5.618599999999972
5.601599999999985
5.5877000000000105
5.5715999999999894
5.556400000000006
5.540199999999997
5.524700000000021
5.507499999999989
5.495400000000025
5.472599999999998
5.461799999999997
5.445799999999955
5.435100000000009
5.417900000000004
5.397899999999998
5.382599999999989
5.371799999999997
5.356799999999975
5.34149999999999
5.3317
5.315400000000012
5.299999999999996
5.2845999999999975
5.268899999999998
5.2550999999999926
5.241999999999992
5.225900000000026
