9.0
9.0
2.9993
0.9539
0.3085
0.1171
0.0526
0.0444
0.0401
0.0376
0.0365
0.0347
0.0375
0.0429
0.04
0.0399
0.0389
0.0407
0.0406
0.0378
0.0384
0.0397
0.0376
0.0421
0.0353
0.0384
0.0357
0.0378
0.0428
0.0384
0.037
0.038
0.0328
0.0387
0.038
0.0381
0.0379
0.0389
0.0405
0.0368
0.0391
0.0407
0.0407
0.0361
0.0363
0.0383
0.0396
0.0381
0.0398
0.0355
0.0381
0.0422
0.0357
0.0395
0.054
0.06
0.0641
0.0665
0.0674
0.0645
0.0616
0.0556
0.0526
0.0565
0.057
0.057
0.0503
0.0509
0.052
0.0533
0.0544
0.0555
0.0522
0.0539
0.0511
0.0468
0.0518
0.0542
0.048
0.046
0.0496
0.0481
0.0488
0.0483
0.046
0.048
0.0502
0.0476
0.0504
0.0483
0.0523
0.047
0.0482
0.0461
0.0437
0.0474
0.0496
0.0517
0.056
0.056
0.0518
0.0495
0.0489
0.0473
0.0451
0.0448
0.0481
0.0463
0.0478
0.047
0.0463
0.0465
0.0489
0.0459
0.0446
0.046
0.0419
0.0448
0.0462
0.0448
0.0426
0.0457
0.045
0.0463
0.0475
0.0485
0.0529
0.047
0.0543
0.0583
0.0642
0.0604
0.0586
0.0637
0.0667
0.0718
0.0704
0.0641
0.0611
0.066
0.0658
0.0642
0.0634
0.0665
0.0645
0.0658
0.0621
0.0626
0.0669
0.0657
0.0602
0.0607
0.0627
0.0632
0.0631
0.0618
0.0622
0.0635
0.0685
0.0651
0.0702
0.0673
0.0642
0.0633
0.0572
0.0604
0.0608
0.0629
0.064
0.0664
0.0649
0.0588
0.0573
0.0591
0.0607
0.0617
0.0614
0.0618
0.0624
0.0659
0.0654
0.0661
0.0657
0.0659
0.064
0.0647
0.0612
0.0604
0.061
0.0646
0.0631
0.0638
0.063
0.0632
0.0684
0.0667
0.0686
0.066
0.0628
0.0625
