225.0
225.0
227.2186
229.2114
231.4052
233.3559
235.2491
237.0288
238.705
240.3471
241.7226
243.1966
244.555
245.9832
247.0514
248.2212
249.2772
250.2571
251.2692
252.1468
253.1441
254.1087
254.9809
255.7081
256.402
257.0716
257.7075
258.2603
258.9425
259.6737
260.09
260.6143
261.1175
261.6213
262.1167
262.6653
262.9513
263.4031
263.7718
264.1778
264.5742
265.001
265.3678
265.7006
265.9472
266.246
266.5431
266.9352
267.2652
267.5622
267.864
268.1324
268.3058
268.6021
268.903
269.1442
269.3561
269.5521
269.6361
269.7375
269.8639
269.9402
270.0963
270.1318
270.263
270.2391
270.2164
270.2573
270.2691
270.3277
270.3099
270.3748
270.3237
270.3017
270.337
270.2675
270.3352
270.3218
270.4204
270.4805
270.4305
270.5276
270.4321
270.4328
270.4304
270.4386
270.3783
270.3622
270.2644
270.2875
270.1982
270.2172
270.0547
270.0794
270.1505
270.0057
269.9792
269.922
269.8274
269.7243
269.7468
269.7641
269.6421
269.5949
269.5244
269.3436
269.3088
269.1419
268.932
268.8174
268.7283
268.6895
268.6144
268.5434
268.2989
268.1899
268.0422
267.9419
267.8434
267.7379
267.5796
267.5027
267.2374
267.17
266.9376
266.818
266.7417
266.5926
266.4428
266.3171
266.1563
266.0023
265.7511
265.307
264.9395
264.636
264.313
263.9207
263.5484
263.0904
262.7
262.3956
261.9392
261.4663
261.1416
260.7589
260.3482
259.7333
259.2688
258.7571
258.3946
258.0143
257.4147
256.9956
256.4396
255.8673
255.2504
254.646
254.0623
253.4552
252.911
252.3867
251.6419
250.8209
250.1129
249.4409
248.8537
248.285
247.6774
247.0603
246.425
245.7648
245.0705
244.3633
243.8157
243.1617
242.5737
241.9187
241.1298
240.5277
239.8226
239.0697
238.389
237.7776
237.0583
236.3128
235.6867
234.9351
234.1005
233.4412
232.7614
231.9794
231.1678
230.3804
229.7457
228.8916
228.0966
227.5108
226.8723
226.1342
