27.0
27.0
25.9596
24.9936
24.1005
23.1886
22.3318
21.5283
20.706
19.9303
19.1778
18.4625
17.7555
17.0671
16.4337
15.809
15.2041
14.6435
14.0835
13.5349
13.0082
12.484
11.9733
11.5132
11.1046
10.7274
10.3202
9.8873
9.461
9.0621
8.7223
8.387
8.0507
7.7378
7.4661
7.1761
6.9496
6.6823
6.413
6.1574
5.9321
5.6588
5.4203
5.2629
5.0788
4.8709
4.6869
4.5124
4.3572
4.2021
4.0602
3.8865
3.7659
3.6381
3.5107
3.3575
3.2585
3.1589
3.0636
3.0031
2.9238
2.8549
2.7918
2.7249
2.6686
2.6218
2.5857
2.5418
2.5118
2.4767
2.4377
2.3919
2.3705
2.3562
2.3368
2.3108
2.2836
2.2655
2.2369
2.2108
2.1992
2.1919
2.1712
2.1545
2.1369
2.1141
2.1017
2.077
2.0601
2.0504
2.0379
2.0201
2.0094
1.9937
1.9728
1.9623
1.9665
1.9627
1.9449
1.9007
1.8791
1.8613
1.8452
1.8233
1.8021
1.7913
1.7851
1.7731
1.7746
1.7607
1.7495
1.7366
1.7321
1.7255
1.7095
1.6958
1.7039
1.6979
1.6923
1.6752
1.6835
1.6731
1.6637
1.642
1.633
1.6322
1.6172
1.6087
1.6066
1.6132
1.5989
1.5787
1.5684
1.5535
1.563
1.5602
1.561
1.5545
1.5411
1.5374
1.5284
1.5277
1.5388
1.534
1.5345
1.5357
1.5277
1.5106
1.5101
1.5115
1.5121
1.5123
1.5068
1.4958
1.4949
1.5045
1.4992
1.506
1.515
1.4978
1.4806
1.4953
1.5036
1.5172
1.5293
1.5237
1.5269
1.5119
1.5207
1.5252
1.5409
1.5343
1.5613
1.5642
1.576
1.5888
1.6114
1.6195
1.6136
1.6221
1.6374
1.6414
1.656
1.6645
1.6998
1.6939
1.6946
1.7079
1.7112
1.7173
1.7652
1.7711
1.7732
1.7826
1.7787
1.7787
1.8034
1.8167
1.8199
1.8406
