10.0
10.0
10.039600000000036
10.074199999999989
10.110600000000016
10.14769999999998
10.179000000000007
10.212299999999976
10.244900000000031
10.281400000000012
10.315199999999992
10.352199999999996
10.388200000000047
10.428700000000028
10.45709999999996
10.494099999999998
10.527700000000008
10.56369999999999
10.601599999999989
10.638299999999992
10.670099999999975
10.705399999999983
10.741800000000014
10.776699999999986
10.812499999999972
10.84920000000003
10.882199999999997
10.9166
10.9493
10.985999999999976
11.019100000000044
11.055399999999995
11.091599999999966
11.120399999999973
11.152100000000024
11.188
11.223899999999981
11.257999999999974
11.294799999999984
11.332099999999997
11.370100000000036
11.405800000000008
11.439999999999982
11.471000000000013
11.505699999999976
11.539799999999971
11.573800000000011
11.609300000000015
11.642700000000008
11.681499999999996
11.716500000000005
11.745699999999985
11.780099999999987
11.815499999999982
11.848499999999998
11.881300000000007
11.911999999999965
11.943400000000013
11.972699999999982
12.0058
12.036300000000047
12.062299999999986
12.095799999999969
12.125300000000017
12.15340000000003
12.181899999999985
12.215000000000032
12.241499999999974
12.273500000000018
12.301299999999978
12.327899999999996
12.356499999999995
12.384300000000005
12.414100000000014
12.440700000000032
12.468000000000035
12.4944
12.524200000000016
12.556799999999985
12.589399999999976
12.61250000000002
12.643000000000017
12.668199999999981
12.698099999999986
12.729800000000017
12.755099999999972
12.780699999999985
12.80719999999999
12.82819999999998
12.852199999999998
12.87769999999996
12.905999999999999
12.927299999999986
12.951700000000004
12.980499999999997
13.003600000000004
13.03170000000002
13.054800000000027
13.077499999999983
13.107099999999976
13.126200000000011
13.15039999999998
13.17349999999997
13.194000000000017
13.217399999999994
13.244100000000007
13.270499999999995
13.296400000000006
13.328900000000006
13.351699999999989
13.378299999999953
13.404000000000005
13.425699999999983
13.4487
13.47349999999999
13.495500000000023
13.521899999999965
13.5524
13.578099999999983
13.603699999999995
13.633400000000027
13.656899999999982
13.681999999999977
13.708100000000023
13.733900000000009
13.756099999999986
13.783200000000006
13.808200000000022
13.83699999999999
13.861799999999983
13.893099999999993
13.919000000000006
13.945899999999968
13.971900000000018
13.992699999999983
14.021999999999982
14.050199999999988
14.0807
14.111099999999993
14.142
14.172699999999994
14.203100000000017
14.2344
14.268000000000006
14.299799999999989
14.323900000000013
14.346799999999982
14.374700000000017
14.411899999999994
14.445799999999997
14.4742
14.504700000000014
14.5368
14.573500000000012
14.601400000000003
14.635200000000017
14.663600000000006
14.696199999999994
14.7261
14.757699999999996
14.791699999999983
14.828800000000008
14.860500000000004
14.890399999999994
14.9189
14.9461
14.985199999999988
15.018800000000006
15.051199999999989
15.084699999999994
15.1143
15.142499999999995
15.1738
15.208600000000006
15.2379
15.2708
15.299200000000006
15.3353
15.3694
15.4003
15.432599999999994
15.465399999999994
15.4945
15.5236
15.5635
15.596699999999997
15.623700000000003
15.6583
15.6902
15.7252
15.755299999999995
15.7881
15.8181
15.850200000000003
15.8791
15.9123
15.9507
15.9808
16.014800000000015
16.05260000000002
