289.0
289.0
283.6834
278.3326
273.1808
267.9729
262.9472
257.7913
253.0484
248.1056
243.0976
238.1331
233.2422
228.8571
224.6438
220.2085
215.5863
211.0826
206.7825
202.2988
198.104
193.9754
189.7063
185.6624
181.6413
177.5488
173.494
169.3678
165.456
161.86
158.1258
154.4694
150.8862
147.322
143.867
140.3521
136.704
133.1727
129.9047
126.6077
123.3318
120.0655
116.9361
113.8375
110.6923
107.6821
104.5767
101.7066
98.895
96.1241
93.4094
90.6879
88.1154
85.6102
83.2279
81.0339
79.0594
77.1974
75.564
74.0013
72.4796
71.0076
69.6643
68.3388
67.1556
65.8851
64.6304
63.4507
62.3317
61.2209
60.0823
59.0313
58.0147
56.955
55.8748
54.8361
53.8084
52.8606
51.8842
50.8832
49.9412
49.0009
48.0305
47.1082
46.1791
45.2929
44.3852
43.5371
42.6685
41.8591
41.0862
40.3467
39.6185
38.7629
37.924
37.2039
36.512
35.7696
35.0221
34.3133
33.6816
32.9413
32.1648
31.5491
30.8948
30.2428
29.6364
28.9776
28.427
27.8377
27.2718
26.6647
26.16
25.5112
24.9745
24.5053
23.9651
23.4572
22.9469
22.4294
21.9846
21.4664
21.0359
20.6061
20.1443
19.6998
19.2357
18.8384
18.4467
18.0744
17.7252
17.3636
16.972
16.6679
16.3125
15.9785
15.6472
15.3377
15.0603
14.7434
14.453
14.1415
13.8618
13.5539
13.2512
12.9979
12.7141
12.4224
12.1423
11.9047
11.6519
11.3709
11.1075
10.8377
10.628
10.3823
10.1846
9.9473
9.7342
9.5122
9.2862
9.0909
8.9134
8.7235
8.5458
8.364
8.186
8.0357
7.8621
7.7032
7.5321
7.3458
7.2111
7.072
6.8967
6.7293
6.5662
6.4394
6.2999
6.1732
6.0368
5.9085
5.7843
5.6288
5.4882
5.3782
5.2417
5.1266
5.021
4.9088
4.8242
4.7488
4.6591
4.5768
4.48
4.3873
4.2856
4.2292
4.1177
3.9963
