32.0
32.0
31.9911
31.9851
31.9756
31.9653
31.9538
31.9456
31.9323
31.9209
31.9114
31.8977
31.8895
31.8792
31.8701
31.861
31.8507
31.8443
31.8345
31.8241
31.8146
31.8069
31.797
31.7891
31.7799
31.7717
31.7617
31.7506
31.7406
31.7322
31.726
31.7153
31.707
31.6957
31.6877
31.6807
31.6686
31.656
31.645000000000007
31.6351
31.625300000000006
31.6155
31.6058
31.5957
31.584
31.5763
31.5641
31.5545
31.5446
31.5337
31.526
31.514399999999995
31.504499999999993
31.4957
31.4819
31.4706
31.4603
31.4511
31.4412
31.4313
31.421
31.4122
31.4027
31.3891
31.3777
31.365199999999994
31.3525
31.3396
31.3258
31.3129
31.2992
31.285400000000006
31.272
31.2608
31.2495
31.234
31.2199
31.205199999999994
31.190799999999996
31.1773
31.162
31.14769999999999
31.132200000000005
31.119499999999995
31.104900000000004
31.089799999999993
31.0746
31.058400000000013
31.0448
31.0294
31.012900000000005
31.000699999999988
30.9839
30.9698
30.95449999999999
30.942299999999996
30.9263
30.9095
30.8934
30.8775
30.861499999999996
30.8446
30.8263
30.810399999999987
30.797199999999993
30.78089999999999
30.76549999999999
30.74889999999999
30.7363
30.718699999999988
30.7021
30.6853
30.66750000000001
30.6527
30.638199999999987
30.62179999999999
30.605699999999995
30.584300000000013
30.5687
30.550600000000017
30.533099999999994
30.51869999999999
30.501899999999996
30.484299999999987
30.470400000000012
30.452599999999983
30.433999999999987
30.4201
30.405800000000006
30.3906
30.374599999999994
30.363599999999977
30.350599999999982
30.3321
30.31749999999998
30.304299999999987
30.28969999999999
30.2778
30.26569999999999
30.2522
30.2404
30.2302
30.21809999999999
30.2061
30.1949
30.184600000000007
30.1748
30.165600000000012
30.15839999999999
30.1484
30.140700000000017
30.13220000000001
30.12519999999999
30.118599999999976
30.1106
30.100800000000007
30.091599999999982
30.086199999999987
30.0794
30.07209999999999
30.067799999999988
30.06130000000001
30.0574
30.048799999999982
30.04249999999999
30.035
30.029400000000013
30.025299999999994
30.02110000000002
30.01830000000003
30.01400000000001
30.010400000000022
30.00899999999999
30.0068
30.000999999999976
29.997799999999994
29.99370000000001
29.993199999999987
29.988500000000023
29.98399999999996
29.97919999999998
29.976699999999987
29.9744
29.972499999999982
29.97060000000001
29.969800000000024
29.9684
29.9656
29.9638
29.962999999999983
29.9596
29.955000000000005
29.950100000000017
29.947999999999976
29.944400000000016
29.939999999999987
29.938700000000004
29.9367
29.931700000000017
29.930299999999995
